Processor system=4*4
Statistics has been accumulated on DVM-system version 5.0, platform DVM
Analyzer is executing on DVM-system version 5.0, platform DVM
-------------------------------------------------------------------------
INTERVAL ( NLINE=20 SOURCE=jac2d.c ) LEVEL=0  EXE_COUNT=1
--- The main characteristics --- 
Parallelization efficiency      0.5884 
Execution time                  5.6852 
Processors                          16
Threads amount                      16
Total time                     90.9632
Productive time                53.5237 ( CPU= 53.4699 Sys= 0.0537 I/O= 0.0000 )
Lost  time                     37.4395 
   Insufficient parallelism    34.0896 ( User= 33.2836 Sys= 0.8060 )
   Communication                3.3173 ( Real_sync= 0.0000 Starts= 0.0000 )
   Idle time                    0.0326
Load imbalance                  3.3525
Synchronization                 0.0913
Time variation                  0.0817
Overlap                         0.0001
                  Nop   Communic    Synchro  Variation    Overlap 
Reduction          15     3.2597     0.0007     0.0007     0.0000 
Shadow             15     0.0576     0.0905     0.0810     0.0000 
--- The comparative characteristics --- 
                              Tmin N proc      Tmax N proc      Tmid
Lost time                   2.1304     4     2.9473    15     2.3400 
User insufficient par.      2.0723     8     2.1013    13     2.0802 
Sys.insufficient par.       0.0415    13     0.0570     7     0.0504 
Idle time                   0.0000     6     0.0043    14     0.0020 
Communication               0.0043     3     0.8005    15     0.2073 
Synchronization             0.0004     7     0.0110    16     0.0057 
Variation                   0.0002    11     0.0106    16     0.0051 
Overlap                     0.0000     1     0.0000    16     0.0000 
Load imbalance              0.0000     4     0.8169    15     0.2095 
Execution time              5.6809    14     5.6852     6     5.6832 
User CPU time               2.7349    15     3.5514     4     3.3419 
Sys. CPU time               0.0028    13     0.0038     7     0.0034 
Processors                      16     1         16    16         16 
                      Communic          Synchro        Variation          Overlap  
Reduction       Tmin    0.0005     4     0.0000    16     0.0000    16     0.0000     1 
Reduction       Tmax    0.7927    15     0.0001     9     0.0001     9     0.0000    16 
Reduction       Tmid    0.2037           0.0000           0.0000           0.0000       
Shadow          Tmin    0.0010     1     0.0004     7     0.0002    11     0.0000     1 
Shadow          Tmax    0.0078    15     0.0110    16     0.0106    16     0.0000     7 
Shadow          Tmid    0.0036           0.0057           0.0051           0.0000       
--- The execution characteristics --- 
                                1          2          3          4          5          6          7          8          9         10         11         12         13         14         15         16 
Lost time                  2.1329     2.1333     2.1343     2.1304     2.1321     2.1345     2.1363     2.1362     2.1470     2.1528     2.1496     2.1570     2.9412     2.9457     2.9473     2.9288 
User insufficient par.     2.0757     2.0724     2.0723     2.0723     2.0730     2.0739     2.0739     2.0723     2.0780     2.0733     2.0733     2.0748     2.1013     2.1007     2.0981     2.0983 
Sys.insufficient par.      0.0497     0.0539     0.0555     0.0501     0.0498     0.0546     0.0570     0.0497     0.0511     0.0552     0.0554     0.0520     0.0415     0.0430     0.0451     0.0424 
Idle time                  0.0004     0.0014     0.0022     0.0017     0.0011     0.0000     0.0000     0.0025     0.0006     0.0019     0.0034     0.0009     0.0043     0.0043     0.0037     0.0043 
Communication              0.0071     0.0057     0.0043     0.0064     0.0081     0.0060     0.0053     0.0117     0.0174     0.0224     0.0175     0.0293     0.7941     0.7977     0.8005     0.7838 
Synchronization            0.0074     0.0028     0.0016     0.0076     0.0069     0.0019     0.0004     0.0071     0.0069     0.0015     0.0004     0.0070     0.0108     0.0090     0.0089     0.0110 
Variation                  0.0098     0.0039     0.0019     0.0041     0.0093     0.0031     0.0008     0.0036     0.0093     0.0026     0.0002     0.0028     0.0106     0.0051     0.0040     0.0106 
Overlap                    0.0000     0.0000     0.0000     0.0000     0.0000     0.0000     0.0000     0.0000     0.0000     0.0000     0.0000     0.0000     0.0000     0.0000     0.0000     0.0000 
Load imbalance             0.0025     0.0029     0.0038     0.0000     0.0016     0.0040     0.0058     0.0058     0.0166     0.0223     0.0192     0.0266     0.8108     0.8153     0.8169     0.7984 
Execution time             5.6848     5.6838     5.6830     5.6835     5.6841     5.6852     5.6852     5.6827     5.6846     5.6833     5.6818     5.6843     5.6809     5.6809     5.6815     5.6809 
User CPU time              3.5490     3.5483     3.5472     3.5514     3.5498     3.5471     3.5451     3.5457     3.5347     3.5287     3.5319     3.5247     2.7412     2.7366     2.7349     2.7536 
Sys. CPU time              0.0033     0.0036     0.0037     0.0033     0.0033     0.0036     0.0038     0.0033     0.0034     0.0037     0.0037     0.0035     0.0028     0.0029     0.0030     0.0028 
Processors                     16         16         16         16         16         16         16         16         16         16         16         16         16         16         16         16 
           Communication          
Reduction                  0.0061     0.0037     0.0022     0.0005     0.0069     0.0035     0.0030     0.0055     0.0162     0.0200     0.0152     0.0229     0.7902     0.7910     0.7927     0.7803 
Shadow                     0.0010     0.0020     0.0021     0.0060     0.0012     0.0025     0.0023     0.0062     0.0012     0.0024     0.0023     0.0064     0.0040     0.0067     0.0078     0.0035 
           Synchronization        
Reduction                  0.0001     0.0001     0.0001     0.0001     0.0001     0.0001     0.0001     0.0001     0.0001     0.0000     0.0001     0.0000     0.0000     0.0000     0.0000     0.0000 
Shadow                     0.0074     0.0027     0.0015     0.0076     0.0069     0.0018     0.0004     0.0070     0.0068     0.0014     0.0004     0.0069     0.0108     0.0090     0.0089     0.0110 
           Variation              
Reduction                  0.0001     0.0001     0.0001     0.0001     0.0001     0.0001     0.0001     0.0001     0.0001     0.0001     0.0001     0.0000     0.0000     0.0000     0.0000     0.0000 
Shadow                     0.0097     0.0039     0.0018     0.0040     0.0092     0.0031     0.0007     0.0035     0.0092     0.0026     0.0002     0.0028     0.0105     0.0051     0.0040     0.0106 
           Overlap                
Reduction                  0.0000     0.0000     0.0000     0.0000     0.0000     0.0000     0.0000     0.0000     0.0000     0.0000     0.0000     0.0000     0.0000     0.0000     0.0000     0.0000 
Shadow                     0.0000     0.0000     0.0000     0.0000     0.0000     0.0000     0.0000     0.0000     0.0000     0.0000     0.0000     0.0000     0.0000     0.0000     0.0000     0.0000 


-------------------------------------------------------------------------
INTERVAL ( NLINE=41 SOURCE=jac2d.c ) LEVEL=1 SEQ EXE_COUNT=1
--- The main characteristics --- 
Parallelization efficiency      0.9253 
Execution time                  3.3264 
Processors                          16
Threads amount                      16
Total time                     53.2221
Productive time                49.2439 ( CPU= 49.2312 Sys= 0.0127 I/O= 0.0000 )
Lost  time                      3.9783 
   Insufficient parallelism     0.2673 ( User= 0.0773 Sys= 0.1901 )
   Communication                3.3173 ( Real_sync= 0.0000 Starts= 0.0000 )
   Idle time                    0.3936
Load imbalance                  3.1083
Synchronization                 0.0913
Time variation                  0.0817
Overlap                         0.0001
                  Nop   Communic    Synchro  Variation    Overlap 
Reduction          15     3.2597     0.0007     0.0007     0.0000 
Shadow             15     0.0576     0.0905     0.0810     0.0000 
--- The comparative characteristics --- 
                              Tmin N proc      Tmax N proc      Tmid
Lost time                   0.0544     4     0.8129    15     0.2486 
User insufficient par.      0.0032    15     0.0082     9     0.0048 
Sys.insufficient par.       0.0065    16     0.0177    11     0.0119 
Idle time                   0.0000    14     0.0334     5     0.0246 
Communication               0.0043     3     0.8005    15     0.2073 
Synchronization             0.0004     7     0.0110    16     0.0057 
Variation                   0.0002    11     0.0106    16     0.0051 
Overlap                     0.0000     1     0.0000    16     0.0000 
Load imbalance              0.0000     4     0.7585    15     0.1943 
Execution time              3.2930     5     3.3264    14     3.3018 
User CPU time               2.5129    15     3.2713     4     3.0769 
Sys. CPU time               0.0004    16     0.0012    11     0.0008 
Processors                      16     1         16    16         16 
                      Communic          Synchro        Variation          Overlap  
Reduction       Tmin    0.0005     4     0.0000    16     0.0000    16     0.0000     1 
Reduction       Tmax    0.7927    15     0.0001     9     0.0001     9     0.0000    16 
Reduction       Tmid    0.2037           0.0000           0.0000           0.0000       
Shadow          Tmin    0.0010     1     0.0004     7     0.0002    11     0.0000     1 
Shadow          Tmax    0.0078    15     0.0110    16     0.0106    16     0.0000     7 
Shadow          Tmid    0.0036           0.0057           0.0051           0.0000       
--- The execution characteristics --- 
                                1          2          3          4          5          6          7          8          9         10         11         12         13         14         15         16 
Lost time                  0.0565     0.0557     0.0574     0.0544     0.0557     0.0585     0.0591     0.0594     0.0699     0.0755     0.0714     0.0803     0.8067     0.8105     0.8129     0.7942 
User insufficient par.     0.0063     0.0042     0.0046     0.0045     0.0042     0.0045     0.0048     0.0044     0.0082     0.0049     0.0049     0.0059     0.0053     0.0038     0.0032     0.0036 
Sys.insufficient par.      0.0098     0.0141     0.0161     0.0103     0.0100     0.0147     0.0170     0.0107     0.0111     0.0157     0.0177     0.0121     0.0066     0.0090     0.0087     0.0065 
Idle time                  0.0332     0.0318     0.0324     0.0331     0.0334     0.0334     0.0320     0.0326     0.0333     0.0326     0.0313     0.0330     0.0007     0.0000     0.0005     0.0003 
Communication              0.0071     0.0057     0.0043     0.0064     0.0081     0.0060     0.0053     0.0117     0.0174     0.0224     0.0175     0.0293     0.7941     0.7977     0.8005     0.7838 
Synchronization            0.0074     0.0028     0.0016     0.0076     0.0069     0.0019     0.0004     0.0071     0.0069     0.0015     0.0004     0.0070     0.0108     0.0090     0.0089     0.0110 
Variation                  0.0098     0.0039     0.0019     0.0041     0.0093     0.0031     0.0008     0.0036     0.0093     0.0026     0.0002     0.0028     0.0106     0.0051     0.0040     0.0106 
Overlap                    0.0000     0.0000     0.0000     0.0000     0.0000     0.0000     0.0000     0.0000     0.0000     0.0000     0.0000     0.0000     0.0000     0.0000     0.0000     0.0000 
Load imbalance             0.0021     0.0014     0.0030     0.0000     0.0013     0.0042     0.0048     0.0051     0.0155     0.0211     0.0170     0.0260     0.7523     0.7562     0.7585     0.7399 
Execution time             3.2931     3.2946     3.2940     3.2932     3.2930     3.2930     3.2943     3.2937     3.2931     3.2938     3.2951     3.2934     3.3257     3.3264     3.3259     3.3261 
User CPU time              3.2693     3.2697     3.2679     3.2713     3.2700     3.2669     3.2661     3.2662     3.2557     3.2498     3.2538     3.2452     2.5193     2.5152     2.5129     2.5317 
Sys. CPU time              0.0007     0.0009     0.0011     0.0007     0.0007     0.0010     0.0011     0.0007     0.0007     0.0010     0.0012     0.0008     0.0004     0.0006     0.0006     0.0004 
Processors                     16         16         16         16         16         16         16         16         16         16         16         16         16         16         16         16 
           Communication          
Reduction                  0.0061     0.0037     0.0022     0.0005     0.0069     0.0035     0.0030     0.0055     0.0162     0.0200     0.0152     0.0229     0.7902     0.7910     0.7927     0.7803 
Shadow                     0.0010     0.0020     0.0021     0.0060     0.0012     0.0025     0.0023     0.0062     0.0012     0.0024     0.0023     0.0064     0.0040     0.0067     0.0078     0.0035 
           Synchronization        
Reduction                  0.0001     0.0001     0.0001     0.0001     0.0001     0.0001     0.0001     0.0001     0.0001     0.0000     0.0001     0.0000     0.0000     0.0000     0.0000     0.0000 
Shadow                     0.0074     0.0027     0.0015     0.0076     0.0069     0.0018     0.0004     0.0070     0.0068     0.0014     0.0004     0.0069     0.0108     0.0090     0.0089     0.0110 
           Variation              
Reduction                  0.0001     0.0001     0.0001     0.0001     0.0001     0.0001     0.0001     0.0001     0.0001     0.0001     0.0001     0.0000     0.0000     0.0000     0.0000     0.0000 
Shadow                     0.0097     0.0039     0.0018     0.0040     0.0092     0.0031     0.0007     0.0035     0.0092     0.0026     0.0002     0.0028     0.0105     0.0051     0.0040     0.0106 
           Overlap                
Reduction                  0.0000     0.0000     0.0000     0.0000     0.0000     0.0000     0.0000     0.0000     0.0000     0.0000     0.0000     0.0000     0.0000     0.0000     0.0000     0.0000 
Shadow                     0.0000     0.0000     0.0000     0.0000     0.0000     0.0000     0.0000     0.0000     0.0000     0.0000     0.0000     0.0000     0.0000     0.0000     0.0000     0.0000 


-------------------------------------------------------------------------
Name (number) and performance time of processors
DVM(1) 1.030461
DVM(2) 1.030374
DVM(3) 1.030758
DVM(4) 1.031223
DVM(5) 1.030282
DVM(6) 1.030347
DVM(7) 1.030468
DVM(8) 1.030497
DVM(9) 1.030713
DVM(10) 1.030732
DVM(11) 1.030822
DVM(12) 1.030787
DVM(13) 1.030793
DVM(14) 1.030788
DVM(15) 1.030368
DVM(16) 1.030411
min - DVM(5) 1.030282; max - DVM(4) 1.031223; mid - 1.030614
