Processor system=3*5
Statistics has been accumulated on DVM-system version 5.0, platform DVM
Analyzer is executing on DVM-system version 5.0, platform DVM
-------------------------------------------------------------------------
INTERVAL ( NLINE=20 SOURCE=jac2d.c ) LEVEL=0  EXE_COUNT=1
--- The main characteristics --- 
Parallelization efficiency      0.6137 
Execution time                  1.7709 
Processors                          15
Threads amount                      15
Total time                     26.5629
Productive time                16.3014 ( CPU= 16.2813 Sys= 0.0200 I/O= 0.0000 )
Lost  time                     10.2615 
   Insufficient parallelism     9.0145 ( User= 8.7340 Sys= 0.2805 )
   Communication                1.2453 ( Real_sync= 0.0000 Starts= 0.0000 )
   Idle time                    0.0016
Load imbalance                  1.2073
Synchronization                 0.0557
Time variation                  0.0494
Overlap                         0.0001
                  Nop   Communic    Synchro  Variation    Overlap 
Reduction          20     1.2090     0.0009     0.0009     0.0001 
Shadow             20     0.0363     0.0548     0.0485     0.0000 
--- The comparative characteristics --- 
                              Tmin N proc      Tmax N proc      Tmid
Lost time                   0.6036     4     0.8450    11     0.6841 
User insufficient par.      0.5792     8     0.5887    11     0.5823 
Sys.insufficient par.       0.0151    15     0.0232     9     0.0187 
Idle time                   0.0000    13     0.0002     1     0.0001 
Communication               0.0039     4     0.2405    11     0.0830 
Synchronization             0.0001     9     0.0067    15     0.0037 
Variation                   0.0001     9     0.0069    11     0.0033 
Overlap                     0.0000     1     0.0000     9     0.0000 
Load imbalance              0.0000     4     0.2413    11     0.0805 
Execution time              1.7707     1     1.7709    13     1.7707 
User CPU time               0.9248    11     1.1658     4     1.0854 
Sys. CPU time               0.0011    15     0.0017     9     0.0013 
Processors                      15     1         15    15         15 
                      Communic          Synchro        Variation          Overlap  
Reduction       Tmin    0.0020     4     0.0000    13     0.0000    15     0.0000     1 
Reduction       Tmax    0.2384    11     0.0001     5     0.0001     9     0.0000    13 
Reduction       Tmid    0.0806           0.0001           0.0001           0.0000       
Shadow          Tmin    0.0011     1     0.0000     9     0.0000     9     0.0000     1 
Shadow          Tmax    0.0049    10     0.0066    15     0.0069    11     0.0000     9 
Shadow          Tmid    0.0024           0.0037           0.0032           0.0000       
--- The execution characteristics --- 
                                1          2          3          4          5          6          7          8          9         10         11         12         13         14         15 
Lost time                  0.6049     0.6052     0.6041     0.6036     0.6073     0.6068     0.6047     0.6056     0.6102     0.6067     0.8450     0.8376     0.8411     0.8404     0.8382 
User insufficient par.     0.5828     0.5793     0.5793     0.5797     0.5807     0.5832     0.5795     0.5792     0.5807     0.5796     0.5887     0.5849     0.5847     0.5854     0.5864 
Sys.insufficient par.      0.0176     0.0209     0.0203     0.0200     0.0183     0.0187     0.0209     0.0210     0.0232     0.0180     0.0156     0.0170     0.0173     0.0168     0.0151 
Idle time                  0.0002     0.0001     0.0001     0.0000     0.0001     0.0001     0.0001     0.0001     0.0001     0.0001     0.0001     0.0001     0.0000     0.0001     0.0000 
Communication              0.0044     0.0049     0.0043     0.0039     0.0082     0.0048     0.0042     0.0053     0.0061     0.0090     0.2405     0.2356     0.2391     0.2381     0.2367 
Synchronization            0.0050     0.0020     0.0021     0.0024     0.0054     0.0046     0.0015     0.0014     0.0001     0.0050     0.0064     0.0045     0.0043     0.0044     0.0067 
Variation                  0.0063     0.0019     0.0019     0.0020     0.0040     0.0054     0.0013     0.0014     0.0001     0.0017     0.0069     0.0039     0.0038     0.0024     0.0061 
Overlap                    0.0000     0.0000     0.0000     0.0000     0.0000     0.0000     0.0000     0.0000     0.0000     0.0000     0.0000     0.0000     0.0000     0.0000     0.0000 
Load imbalance             0.0013     0.0016     0.0005     0.0000     0.0037     0.0032     0.0011     0.0020     0.0066     0.0031     0.2413     0.2340     0.2375     0.2368     0.2346 
Execution time             1.7707     1.7707     1.7707     1.7708     1.7707     1.7707     1.7707     1.7707     1.7707     1.7708     1.7707     1.7707     1.7709     1.7707     1.7709 
User CPU time              1.1647     1.1642     1.1653     1.1658     1.1622     1.1628     1.1647     1.1637     1.1590     1.1629     0.9248     0.9320     0.9285     0.9293     0.9315 
Sys. CPU time              0.0013     0.0015     0.0015     0.0014     0.0013     0.0013     0.0015     0.0015     0.0017     0.0013     0.0011     0.0012     0.0012     0.0012     0.0011 
Processors                     15         15         15         15         15         15         15         15         15         15         15         15         15         15         15 
           Communication          
Reduction                  0.0033     0.0033     0.0026     0.0020     0.0050     0.0034     0.0022     0.0033     0.0044     0.0042     0.2384     0.2327     0.2363     0.2339     0.2340 
Shadow                     0.0011     0.0016     0.0018     0.0019     0.0032     0.0014     0.0020     0.0019     0.0018     0.0049     0.0021     0.0029     0.0028     0.0042     0.0027 
           Synchronization        
Reduction                  0.0001     0.0001     0.0001     0.0001     0.0001     0.0001     0.0001     0.0001     0.0001     0.0001     0.0000     0.0000     0.0000     0.0000     0.0000 
Shadow                     0.0049     0.0019     0.0020     0.0024     0.0053     0.0045     0.0015     0.0013     0.0000     0.0049     0.0064     0.0044     0.0043     0.0043     0.0066 
           Variation              
Reduction                  0.0001     0.0001     0.0001     0.0001     0.0001     0.0001     0.0001     0.0001     0.0001     0.0001     0.0000     0.0000     0.0000     0.0000     0.0000 
Shadow                     0.0063     0.0018     0.0018     0.0019     0.0039     0.0054     0.0012     0.0014     0.0000     0.0017     0.0069     0.0039     0.0038     0.0024     0.0061 
           Overlap                
Reduction                  0.0000     0.0000     0.0000     0.0000     0.0000     0.0000     0.0000     0.0000     0.0000     0.0000     0.0000     0.0000     0.0000     0.0000     0.0000 
Shadow                     0.0000     0.0000     0.0000     0.0000     0.0000     0.0000     0.0000     0.0000     0.0000     0.0000     0.0000     0.0000     0.0000     0.0000     0.0000 


-------------------------------------------------------------------------
INTERVAL ( NLINE=41 SOURCE=jac2d.c ) LEVEL=1 SEQ EXE_COUNT=1
--- The main characteristics --- 
Parallelization efficiency      0.9061 
Execution time                  1.1181 
Processors                          15
Threads amount                      15
Total time                     16.7710
Productive time                15.1968 ( CPU= 15.1870 Sys= 0.0098 I/O= 0.0000 )
Lost  time                      1.5742 
   Insufficient parallelism     0.2181 ( User= 0.0809 Sys= 0.1372 )
   Communication                1.2453 ( Real_sync= 0.0000 Starts= 0.0000 )
   Idle time                    0.1109
Load imbalance                  1.1229
Synchronization                 0.0557
Time variation                  0.0494
Overlap                         0.0001
                  Nop   Communic    Synchro  Variation    Overlap 
Reduction          20     1.2090     0.0009     0.0009     0.0001 
Shadow             20     0.0363     0.0548     0.0485     0.0000 
--- The comparative characteristics --- 
                              Tmin N proc      Tmax N proc      Tmid
Lost time                   0.0301     4     0.2550    11     0.1049 
User insufficient par.      0.0039    12     0.0084     6     0.0054 
Sys.insufficient par.       0.0063    15     0.0132     9     0.0091 
Idle time                   0.0000    13     0.0116     5     0.0074 
Communication               0.0039     4     0.2405    11     0.0830 
Synchronization             0.0001     9     0.0067    15     0.0037 
Variation                   0.0001     9     0.0069    11     0.0033 
Overlap                     0.0000     1     0.0000     9     0.0000 
Load imbalance              0.0000     4     0.2249    11     0.0749 
Execution time              1.1064     5     1.1181    13     1.1107 
User CPU time               0.8626    11     1.0872     4     1.0125 
Sys. CPU time               0.0004    15     0.0009     9     0.0007 
Processors                      15     1         15    15         15 
                      Communic          Synchro        Variation          Overlap  
Reduction       Tmin    0.0020     4     0.0000    13     0.0000    15     0.0000     1 
Reduction       Tmax    0.2384    11     0.0001     5     0.0001     9     0.0000    13 
Reduction       Tmid    0.0806           0.0001           0.0001           0.0000       
Shadow          Tmin    0.0011     1     0.0000     9     0.0000     9     0.0000     1 
Shadow          Tmax    0.0049    10     0.0066    15     0.0069    11     0.0000     9 
Shadow          Tmid    0.0024           0.0037           0.0032           0.0000       
--- The execution characteristics --- 
                                1          2          3          4          5          6          7          8          9         10         11         12         13         14         15 
Lost time                  0.0311     0.0314     0.0303     0.0301     0.0342     0.0327     0.0309     0.0318     0.0368     0.0327     0.2550     0.2475     0.2511     0.2504     0.2483 
User insufficient par.     0.0081     0.0046     0.0046     0.0048     0.0060     0.0084     0.0050     0.0047     0.0062     0.0049     0.0071     0.0039     0.0039     0.0040     0.0046 
Sys.insufficient par.      0.0078     0.0110     0.0106     0.0103     0.0084     0.0089     0.0110     0.0110     0.0132     0.0082     0.0067     0.0078     0.0081     0.0081     0.0063 
Idle time                  0.0107     0.0108     0.0108     0.0110     0.0116     0.0106     0.0108     0.0107     0.0112     0.0106     0.0007     0.0002     0.0000     0.0003     0.0007 
Communication              0.0044     0.0049     0.0043     0.0039     0.0082     0.0048     0.0042     0.0053     0.0061     0.0090     0.2405     0.2356     0.2391     0.2381     0.2367 
Synchronization            0.0050     0.0020     0.0021     0.0024     0.0054     0.0046     0.0015     0.0014     0.0001     0.0050     0.0064     0.0045     0.0043     0.0044     0.0067 
Variation                  0.0063     0.0019     0.0019     0.0020     0.0040     0.0054     0.0013     0.0014     0.0001     0.0017     0.0069     0.0039     0.0038     0.0024     0.0061 
Overlap                    0.0000     0.0000     0.0000     0.0000     0.0000     0.0000     0.0000     0.0000     0.0000     0.0000     0.0000     0.0000     0.0000     0.0000     0.0000 
Load imbalance             0.0010     0.0013     0.0002     0.0000     0.0041     0.0026     0.0008     0.0017     0.0067     0.0026     0.2249     0.2174     0.2210     0.2203     0.2182 
Execution time             1.1074     1.1072     1.1073     1.1070     1.1064     1.1074     1.1072     1.1073     1.1069     1.1075     1.1174     1.1179     1.1181     1.1178     1.1173 
User CPU time              1.0865     1.0859     1.0870     1.0872     1.0832     1.0847     1.0864     1.0855     1.0803     1.0848     0.8626     0.8700     0.8664     0.8671     0.8693 
Sys. CPU time              0.0006     0.0008     0.0008     0.0007     0.0006     0.0006     0.0008     0.0008     0.0009     0.0006     0.0005     0.0006     0.0006     0.0006     0.0004 
Processors                     15         15         15         15         15         15         15         15         15         15         15         15         15         15         15 
           Communication          
Reduction                  0.0033     0.0033     0.0026     0.0020     0.0050     0.0034     0.0022     0.0033     0.0044     0.0042     0.2384     0.2327     0.2363     0.2339     0.2340 
Shadow                     0.0011     0.0016     0.0018     0.0019     0.0032     0.0014     0.0020     0.0019     0.0018     0.0049     0.0021     0.0029     0.0028     0.0042     0.0027 
           Synchronization        
Reduction                  0.0001     0.0001     0.0001     0.0001     0.0001     0.0001     0.0001     0.0001     0.0001     0.0001     0.0000     0.0000     0.0000     0.0000     0.0000 
Shadow                     0.0049     0.0019     0.0020     0.0024     0.0053     0.0045     0.0015     0.0013     0.0000     0.0049     0.0064     0.0044     0.0043     0.0043     0.0066 
           Variation              
Reduction                  0.0001     0.0001     0.0001     0.0001     0.0001     0.0001     0.0001     0.0001     0.0001     0.0001     0.0000     0.0000     0.0000     0.0000     0.0000 
Shadow                     0.0063     0.0018     0.0018     0.0019     0.0039     0.0054     0.0012     0.0014     0.0000     0.0017     0.0069     0.0039     0.0038     0.0024     0.0061 
           Overlap                
Reduction                  0.0000     0.0000     0.0000     0.0000     0.0000     0.0000     0.0000     0.0000     0.0000     0.0000     0.0000     0.0000     0.0000     0.0000     0.0000 
Shadow                     0.0000     0.0000     0.0000     0.0000     0.0000     0.0000     0.0000     0.0000     0.0000     0.0000     0.0000     0.0000     0.0000     0.0000     0.0000 


-------------------------------------------------------------------------
Name (number) and performance time of processors
DVM(1) 1.030259
DVM(2) 1.030102
DVM(3) 1.030155
DVM(4) 1.030252
DVM(5) 1.030974
DVM(6) 1.030972
DVM(7) 1.030155
DVM(8) 1.030150
DVM(9) 1.030565
DVM(10) 1.030572
DVM(11) 1.030180
DVM(12) 1.030167
DVM(13) 1.030405
DVM(14) 1.030406
DVM(15) 0.517527
min - DVM(15) 0.517527; max - DVM(5) 1.030974; mid - 0.996189
