Processor system=3*3*2
Statistics has been accumulated on DVM-system version 5.0, platform DVM
Analyzer is executing on DVM-system version 5.0, platform DVM
-------------------------------------------------------------------------
INTERVAL ( NLINE=20 SOURCE=jac3d.c ) LEVEL=0  EXE_COUNT=2
--- The main characteristics --- 
Parallelization efficiency      0.6661 
Execution time                  9.2696 
Processors                          18
Threads amount                      18
Total time                    166.8529
Productive time               111.1374 ( CPU= 110.8383 Sys= 0.2991 I/O= 0.0000 )
Lost  time                     55.7155 
   Insufficient parallelism    48.2613 ( User= 43.1760 Sys= 5.0853 )
   Communication                7.4126 ( Real_sync= 0.0000 Starts= 0.0000 )
   Idle time                    0.0416
Load imbalance                  6.9195
Synchronization                 0.7912
Time variation                  1.4889
Overlap                         0.0002
                  Nop   Communic    Synchro  Variation    Overlap 
Reduction          20     6.5030     0.0013     0.0013     0.0001 
Shadow             20     0.9096     0.7899     1.4876     0.0001 
--- The comparative characteristics --- 
                              Tmin N proc      Tmax N proc      Tmid
Lost time                   2.7109     5     5.3232    17     3.0953 
User insufficient par.      2.3859     5     2.4579    17     2.3987 
Sys.insufficient par.       0.1296    17     0.3518     9     0.2825 
Idle time                   0.0000    14     0.0075    18     0.0023 
Communication               0.0486     7     2.7282    17     0.4118 
Synchronization             0.0011     9     0.1233    17     0.0440 
Variation                   0.0016     9     0.2123    18     0.0827 
Overlap                     0.0000     1     0.0001     9     0.0000 
Load imbalance              0.0000     5     2.6123    17     0.3844 
Execution time              9.2621    17     9.2696    14     9.2673 
User CPU time               3.9388    17     6.5428     5     6.1577 
Sys. CPU time               0.0076    17     0.0207     9     0.0166 
Processors                      18     1         18    18         18 
                      Communic          Synchro        Variation          Overlap  
Reduction       Tmin    0.0021     3     0.0000    16     0.0000    16     0.0000     1 
Reduction       Tmax    2.6497    17     0.0001     3     0.0001     9     0.0000    16 
Reduction       Tmid    0.3613           0.0001           0.0001           0.0000       
Shadow          Tmin    0.0332     1     0.0009     9     0.0014     9     0.0000     1 
Shadow          Tmax    0.0785    17     0.1232    17     0.2123    18     0.0001     9 
Shadow          Tmid    0.0505           0.0439           0.0826           0.0000       
--- The execution characteristics --- 
                                1          2          3          4          5          6          7          8          9         10         11         12         13         14         15         16         17         18 
Lost time                  2.7511     2.7583     2.7512     2.7572     2.7109     2.7721     2.7487     2.8109     2.8108     2.8953     2.7810     2.8776     2.7758     2.9075     2.9372     3.0848     5.3232     5.2617 
User insufficient par.     2.3909     2.3908     2.3882     2.3901     2.3859     2.3914     2.3864     2.3944     2.3879     2.3896     2.3918     2.3925     2.3877     2.4001     2.3927     2.4011     2.4579     2.4566 
Sys.insufficient par.      0.2712     0.2690     0.3098     0.3099     0.2705     0.2725     0.3110     0.3147     0.3518     0.3512     0.3164     0.3122     0.2673     0.2707     0.3129     0.3116     0.1296     0.1331 
Idle time                  0.0023     0.0016     0.0000     0.0000     0.0019     0.0000     0.0027     0.0000     0.0044     0.0037     0.0000     0.0031     0.0041     0.0000     0.0000     0.0025     0.0075     0.0075 
Communication              0.0868     0.0968     0.0532     0.0571     0.0525     0.1082     0.0486     0.1018     0.0668     0.1508     0.0728     0.1698     0.1167     0.2368     0.2316     0.3696     2.7282     2.6645 
Synchronization            0.0542     0.0589     0.0300     0.0309     0.0588     0.0601     0.0262     0.0258     0.0011     0.0034     0.0195     0.0223     0.0534     0.0552     0.0207     0.0245     0.1233     0.1229 
Variation                  0.1124     0.1143     0.0542     0.0552     0.1020     0.1021     0.0567     0.0583     0.0016     0.0068     0.0488     0.0560     0.1067     0.1082     0.0382     0.0455     0.2095     0.2123 
Overlap                    0.0000     0.0000     0.0000     0.0000     0.0000     0.0000     0.0000     0.0000     0.0001     0.0000     0.0000     0.0000     0.0000     0.0000     0.0000     0.0000     0.0000     0.0000 
Load imbalance             0.0402     0.0474     0.0403     0.0463     0.0000     0.0612     0.0378     0.1001     0.0999     0.1844     0.0701     0.1667     0.0650     0.1967     0.2263     0.3739     2.6123     2.5508 
Execution time             9.2674     9.2680     9.2696     9.2696     9.2677     9.2696     9.2669     9.2696     9.2652     9.2659     9.2696     9.2665     9.2655     9.2696     9.2696     9.2671     9.2621     9.2621 
User CPU time              6.5025     6.4955     6.5002     6.4942     6.5428     6.4815     6.5026     6.4401     6.4381     6.3537     6.4700     6.3736     6.4780     6.3461     6.3140     6.1665     3.9388     4.0001 
Sys. CPU time              0.0160     0.0158     0.0182     0.0182     0.0159     0.0160     0.0183     0.0185     0.0207     0.0207     0.0186     0.0184     0.0157     0.0159     0.0184     0.0183     0.0076     0.0078 
Processors                     18         18         18         18         18         18         18         18         18         18         18         18         18         18         18         18         18         18 
           Communication          
Reduction                  0.0536     0.0625     0.0021     0.0068     0.0086     0.0652     0.0023     0.0587     0.0106     0.0976     0.0218     0.1231     0.0761     0.1967     0.1670     0.3100     2.6497     2.5908 
Shadow                     0.0332     0.0344     0.0511     0.0503     0.0439     0.0430     0.0463     0.0431     0.0562     0.0532     0.0510     0.0467     0.0406     0.0402     0.0646     0.0596     0.0785     0.0737 
           Synchronization        
Reduction                  0.0001     0.0001     0.0001     0.0001     0.0001     0.0000     0.0001     0.0000     0.0001     0.0000     0.0001     0.0000     0.0001     0.0000     0.0001     0.0000     0.0001     0.0000 
Shadow                     0.0541     0.0588     0.0299     0.0307     0.0587     0.0600     0.0261     0.0258     0.0009     0.0034     0.0194     0.0223     0.0534     0.0552     0.0206     0.0245     0.1232     0.1229 
           Variation              
Reduction                  0.0001     0.0001     0.0001     0.0001     0.0001     0.0000     0.0001     0.0000     0.0001     0.0000     0.0001     0.0000     0.0001     0.0000     0.0001     0.0000     0.0001     0.0000 
Shadow                     0.1122     0.1142     0.0541     0.0551     0.1019     0.1020     0.0566     0.0583     0.0014     0.0068     0.0487     0.0560     0.1067     0.1082     0.0382     0.0455     0.2095     0.2123 
           Overlap                
Reduction                  0.0000     0.0000     0.0000     0.0000     0.0000     0.0000     0.0000     0.0000     0.0000     0.0000     0.0000     0.0000     0.0000     0.0000     0.0000     0.0000     0.0000     0.0000 
Shadow                     0.0000     0.0000     0.0000     0.0000     0.0000     0.0000     0.0000     0.0000     0.0001     0.0000     0.0000     0.0000     0.0000     0.0000     0.0000     0.0000     0.0000     0.0000 


-------------------------------------------------------------------------
INTERVAL ( NLINE=42 SOURCE=jac3d.c ) LEVEL=1 SEQ EXE_COUNT=2
--- The main characteristics --- 
Parallelization efficiency      0.8993 
Execution time                  6.5364 
Processors                          18
Threads amount                      18
Total time                    117.6557
Productive time               105.8067 ( CPU= 105.5620 Sys= 0.2447 I/O= 0.0000 )
Lost  time                     11.8490 
   Insufficient parallelism     4.3672 ( User= 0.2068 Sys= 4.1603 )
   Communication                7.4126 ( Real_sync= 0.0000 Starts= 0.0000 )
   Idle time                    0.0692
Load imbalance                  6.7799
Synchronization                 0.7912
Time variation                  1.4889
Overlap                         0.0002
                  Nop   Communic    Synchro  Variation    Overlap 
Reduction          20     6.5030     0.0013     0.0013     0.0001 
Shadow             20     0.9096     0.7899     1.4876     0.0001 
--- The comparative characteristics --- 
                              Tmin N proc      Tmax N proc      Tmid
Lost time                   0.2816     5     2.8346    17     0.6583 
User insufficient par.      0.0090    13     0.0160    16     0.0115 
Sys.insufficient par.       0.0848    17     0.3019     9     0.2311 
Idle time                   0.0000    13     0.0118    18     0.0038 
Communication               0.0486     7     2.7282    17     0.4118 
Synchronization             0.0011     9     0.1233    17     0.0440 
Variation                   0.0016     9     0.2123    18     0.0827 
Overlap                     0.0000     1     0.0001     9     0.0000 
Load imbalance              0.0000     5     2.5530    17     0.3767 
Execution time              6.5246    18     6.5364    13     6.5326 
User CPU time               3.6968    17     6.2420     5     5.8646 
Sys. CPU time               0.0050    17     0.0178     9     0.0136 
Processors                      18     1         18    18         18 
                      Communic          Synchro        Variation          Overlap  
Reduction       Tmin    0.0021     3     0.0000    16     0.0000    16     0.0000     1 
Reduction       Tmax    2.6497    17     0.0001     3     0.0001     9     0.0000    16 
Reduction       Tmid    0.3613           0.0001           0.0001           0.0000       
Shadow          Tmin    0.0332     1     0.0009     9     0.0014     9     0.0000     1 
Shadow          Tmax    0.0785    17     0.1232    17     0.2123    18     0.0001     9 
Shadow          Tmid    0.0505           0.0439           0.0826           0.0000       
--- The execution characteristics --- 
                                1          2          3          4          5          6          7          8          9         10         11         12         13         14         15         16         17         18 
Lost time                  0.3182     0.3254     0.3222     0.3272     0.2816     0.3427     0.3185     0.3799     0.3801     0.4642     0.3517     0.4479     0.3428     0.4756     0.5077     0.6555     2.8346     2.7733 
User insufficient par.     0.0121     0.0109     0.0100     0.0118     0.0091     0.0108     0.0101     0.0133     0.0109     0.0106     0.0137     0.0127     0.0090     0.0145     0.0114     0.0160     0.0098     0.0101 
Sys.insufficient par.      0.2190     0.2166     0.2569     0.2571     0.2181     0.2196     0.2590     0.2617     0.3019     0.3000     0.2634     0.2604     0.2172     0.2181     0.2600     0.2595     0.0848     0.0869 
Idle time                  0.0002     0.0009     0.0021     0.0012     0.0019     0.0040     0.0008     0.0030     0.0005     0.0028     0.0018     0.0050     0.0000     0.0062     0.0047     0.0104     0.0118     0.0118 
Communication              0.0868     0.0968     0.0532     0.0571     0.0525     0.1082     0.0486     0.1018     0.0668     0.1508     0.0728     0.1698     0.1167     0.2368     0.2316     0.3696     2.7282     2.6645 
Synchronization            0.0542     0.0589     0.0300     0.0309     0.0588     0.0601     0.0262     0.0258     0.0011     0.0034     0.0195     0.0223     0.0534     0.0552     0.0207     0.0245     0.1233     0.1229 
Variation                  0.1124     0.1143     0.0542     0.0552     0.1020     0.1021     0.0567     0.0583     0.0016     0.0068     0.0488     0.0560     0.1067     0.1082     0.0382     0.0455     0.2095     0.2123 
Overlap                    0.0000     0.0000     0.0000     0.0000     0.0000     0.0000     0.0000     0.0000     0.0001     0.0000     0.0000     0.0000     0.0000     0.0000     0.0000     0.0000     0.0000     0.0000 
Load imbalance             0.0365     0.0438     0.0406     0.0456     0.0000     0.0611     0.0368     0.0983     0.0985     0.1826     0.0700     0.1663     0.0612     0.1940     0.2261     0.3739     2.5530     2.4917 
Execution time             6.5362     6.5355     6.5343     6.5352     6.5345     6.5324     6.5357     6.5334     6.5359     6.5337     6.5346     6.5314     6.5364     6.5303     6.5317     6.5260     6.5247     6.5246 
User CPU time              6.2054     6.1983     6.1991     6.1941     6.2420     6.1808     6.2027     6.1412     6.1385     6.0546     6.1693     6.0732     6.1808     6.0480     6.0134     5.8657     3.6968     3.7580 
Sys. CPU time              0.0129     0.0127     0.0151     0.0151     0.0128     0.0129     0.0152     0.0154     0.0178     0.0176     0.0155     0.0153     0.0128     0.0128     0.0153     0.0153     0.0050     0.0051 
Processors                     18         18         18         18         18         18         18         18         18         18         18         18         18         18         18         18         18         18 
           Communication          
Reduction                  0.0536     0.0625     0.0021     0.0068     0.0086     0.0652     0.0023     0.0587     0.0106     0.0976     0.0218     0.1231     0.0761     0.1967     0.1670     0.3100     2.6497     2.5908 
Shadow                     0.0332     0.0344     0.0511     0.0503     0.0439     0.0430     0.0463     0.0431     0.0562     0.0532     0.0510     0.0467     0.0406     0.0402     0.0646     0.0596     0.0785     0.0737 
           Synchronization        
Reduction                  0.0001     0.0001     0.0001     0.0001     0.0001     0.0000     0.0001     0.0000     0.0001     0.0000     0.0001     0.0000     0.0001     0.0000     0.0001     0.0000     0.0001     0.0000 
Shadow                     0.0541     0.0588     0.0299     0.0307     0.0587     0.0600     0.0261     0.0258     0.0009     0.0034     0.0194     0.0223     0.0534     0.0552     0.0206     0.0245     0.1232     0.1229 
           Variation              
Reduction                  0.0001     0.0001     0.0001     0.0001     0.0001     0.0000     0.0001     0.0000     0.0001     0.0000     0.0001     0.0000     0.0001     0.0000     0.0001     0.0000     0.0001     0.0000 
Shadow                     0.1122     0.1142     0.0541     0.0551     0.1019     0.1020     0.0566     0.0583     0.0014     0.0068     0.0487     0.0560     0.1067     0.1082     0.0382     0.0455     0.2095     0.2123 
           Overlap                
Reduction                  0.0000     0.0000     0.0000     0.0000     0.0000     0.0000     0.0000     0.0000     0.0000     0.0000     0.0000     0.0000     0.0000     0.0000     0.0000     0.0000     0.0000     0.0000 
Shadow                     0.0000     0.0000     0.0000     0.0000     0.0000     0.0000     0.0000     0.0000     0.0001     0.0000     0.0000     0.0000     0.0000     0.0000     0.0000     0.0000     0.0000     0.0000 


-------------------------------------------------------------------------
Name (number) and performance time of processors
DVM(1) 1.028614
DVM(2) 1.028506
DVM(3) 1.028905
DVM(4) 1.029007
DVM(5) 1.028715
DVM(6) 1.028703
DVM(7) 1.028872
DVM(8) 1.028856
DVM(9) 1.028685
DVM(10) 1.028629
DVM(11) 1.028760
DVM(12) 1.028938
DVM(13) 1.030080
DVM(14) 1.028889
DVM(15) 1.028809
DVM(16) 1.028852
DVM(17) 1.028377
DVM(18) 1.028672
min - DVM(17) 1.028377; max - DVM(13) 1.030080; mid - 1.028826
