Processor system=4*4*4
Statistics has been accumulated on DVM-system version 5.0, platform DVM
Analyzer is executing on DVM-system version 5.0, platform DVM
-------------------------------------------------------------------------
INTERVAL ( NLINE=20 SOURCE=jac3d.c ) LEVEL=0  EXE_COUNT=1
--- The main characteristics --- 
Parallelization efficiency      0.4055 
Execution time                 11.3762 
Processors                          64
Threads amount                      64
Total time                    728.0797
Productive time               295.2691 ( CPU= 294.8042 Sys= 0.4649 I/O= 0.0000 )
Lost  time                    432.8106 
   Insufficient parallelism   316.9456 ( User= 287.6560 Sys= 29.2896 )
   Communication              112.0459 ( Real_sync= 0.0000 Starts= 0.0000 )
   Idle time                    3.8191
Load imbalance                 44.3694
Synchronization               111.3321
Time variation                127.8560
Overlap                         0.0004
                  Nop   Communic    Synchro  Variation    Overlap 
Reduction          20    82.0845    28.0690    28.0726     0.0002 
Shadow             20    29.9614    83.2631    99.7834     0.0002 
--- The comparative characteristics --- 
                              Tmin N proc      Tmax N proc      Tmid
Lost time                   6.0694     5     8.3239    24     6.7627 
User insufficient par.      4.4284    47     4.7780     1     4.4946 
Sys.insufficient par.       0.1199     1     1.0900    47     0.4576 
Idle time                   0.0000    11     0.1287    63     0.0597 
Communication               1.1015    31     3.6252    24     1.7507 
Synchronization             1.1977    47     2.0444    24     1.7396 
Variation                   1.1732    55     2.6554     1     1.9978 
Overlap                     0.0000     1     0.0001    55     0.0000 
Load imbalance              0.0000     5     2.2545    24     0.6933 
Execution time             11.2475    63    11.3762    11    11.3166 
User CPU time               3.0500    24     5.3034     5     4.6063 
Sys. CPU time               0.0019     1     0.0173    47     0.0073 
Processors                      64     1         64    64         64 
                      Communic          Synchro        Variation          Overlap  
Reduction       Tmin    0.5675    31     0.3016    48     0.3016    48     0.0000     1 
Reduction       Tmax    3.1799    24     0.5270     2     0.5271     2     0.0000    55 
Reduction       Tmid    1.2826           0.4386           0.4386           0.0000       
Shadow          Tmin    0.1013    49     0.8929    47     0.8452    55     0.0000     1 
Shadow          Tmax    0.7364    22     1.5187    24     2.1733     1     0.0000    55 
Shadow          Tmid    0.4681           1.3010           1.5591           0.0000       
--- The execution characteristics --- 
                                1          2          3          4          5          6          7          8          9         10         11         12         13         14         15         16         17         18         19         20         21         22         23         24         25         26         27         28         29         30         31         32         33         34         35         36         37         38         39         40         41         42         43         44         45         46         47         48         49         50         51         52         53         54         55         56         57         58         59         60         61         62         63         64 
Lost time                  6.7986     6.6218     6.5454     6.0979     6.0694     6.7546     7.3286     6.5461     6.3024     6.5739     7.6441     6.7315     6.6392     6.5327     6.8041     6.9698     6.6450     6.5218     6.6962     6.5691     6.8784     6.9688     6.6086     8.3239     7.6918     6.6239     6.6035     6.4227     6.1982     6.6253     6.4824     6.8364     7.5084     6.7122     6.8797     7.2272     7.0796     6.7130     6.8434     6.2503     6.1062     6.9158     7.1160     6.5033     6.1647     6.6736     6.8176     6.6270     6.3029     7.9522     6.5655     6.6829     7.6658     7.0816     6.7234     6.4595     6.8683     7.2163     6.8917     6.6145     6.2732     6.6714     6.6694     6.3784 
User insufficient par.     4.7780     4.5313     4.4609     4.4619     4.4929     4.4949     4.4833     4.4830     4.5156     4.4504     4.5632     4.5051     4.5096     4.4771     4.4908     4.4673     4.4403     4.5536     4.4954     4.4999     4.4879     4.4665     4.4581     4.5170     4.5264     4.4461     4.4555     4.4531     4.4418     4.4488     4.4643     4.5059     4.4698     4.4794     4.4635     4.5110     4.5405     4.4519     4.4708     4.5030     4.5592     4.4525     4.4948     4.5126     4.4983     4.4924     4.4284     4.4995     4.5073     4.5422     4.5490     4.5668     4.5307     4.4971     4.4614     4.5076     4.4692     4.4366     4.4906     4.4914     4.5025     4.4412     4.4827     4.5265 
Sys.insufficient par.      0.1199     0.3530     0.3828     0.2043     0.2153     0.7033     0.8614     0.1832     0.2428     0.6587     0.4293     0.1827     0.1476     0.5280     0.5894     0.1202     0.1609     0.5987     0.6250     0.2233     0.2042     0.5700     0.6223     0.1439     0.2791     0.9613     0.7679     0.2617     0.1726     0.7349     0.8434     0.2109     0.2017     0.7392     0.5078     0.2492     0.2017     0.7904     0.6835     0.2576     0.2575     1.0335     0.9742     0.3557     0.3419     0.9801     1.0900     0.2456     0.3254     0.3637     0.8409     0.2239     0.2043     0.6078     0.9345     0.2122     0.1845     0.6454     0.5183     0.2047     0.1516     0.5641     0.8890     0.2079 
Idle time                  0.0680     0.0402     0.0294     0.0992     0.0373     0.0245     0.0365     0.0374     0.0686     0.0738     0.0000     0.0414     0.0366     0.0403     0.0353     0.0796     0.0330     0.0080     0.0326     0.0651     0.0324     0.0783     0.0178     0.0378     0.0679     0.0569     0.0406     0.0615     0.0536     0.0582     0.0732     0.0632     0.0665     0.0581     0.0455     0.0406     0.0322     0.0699     0.0464     0.0789     0.0515     0.0452     0.0590     0.0708     0.0621     0.0606     0.0882     0.0826     0.0694     0.0911     0.0722     0.0442     0.0732     0.0821     0.0903     0.0618     0.0833     0.1015     0.0760     0.0687     0.0765     0.1080     0.1287     0.1054 
Communication              1.8327     1.6972     1.6723     1.3324     1.3239     1.5317     1.9475     1.8424     1.4754     1.3910     2.6516     2.0023     1.9454     1.4873     1.6886     2.3027     2.0108     1.3614     1.5433     1.7808     2.1539     1.8540     1.5104     3.6252     2.8184     1.1597     1.3394     1.6465     1.5302     1.3834     1.1015     2.0563     2.7704     1.4355     1.8630     2.4264     2.3052     1.4009     1.6428     1.4109     1.2379     1.3846     1.5880     1.5642     1.2625     1.1405     1.2110     1.7993     1.4008     2.9552     1.1034     1.8480     2.8576     1.8946     1.2371     1.6779     2.1313     2.0328     1.8067     1.8498     1.5426     1.5580     1.1690     1.5386 
Synchronization            1.9526     1.9773     1.9176     1.7704     1.9241     1.5322     1.4081     1.9987     1.7541     1.5982     1.8806     1.9913     1.9685     1.8415     1.7732     2.0044     1.9703     1.6920     1.7512     1.8700     2.0191     1.7503     1.7294     2.0444     1.9128     1.4418     1.6665     1.8322     1.8320     1.5746     1.4696     1.8682     1.8857     1.6291     1.7079     1.8838     1.9736     1.5114     1.6195     1.8779     1.7977     1.3056     1.2704     1.5059     1.5787     1.4237     1.1977     1.5246     1.5442     1.8168     1.5263     1.8811     1.8402     1.6040     1.2832     1.8659     1.8818     1.6913     1.7876     1.9487     1.9066     1.8862     1.5256     1.9323 
Variation                  2.6554     2.0874     2.1235     2.3561     2.3988     1.8259     1.4163     2.2692     2.3123     1.7502     1.9433     2.5752     2.5595     1.9557     1.8950     2.5110     2.5015     1.8181     1.7816     2.3711     2.5680     1.7005     1.7613     2.4967     2.3389     1.4286     1.4941     2.2197     2.3566     1.5289     1.4082     2.2060     2.4487     1.6029     1.7787     2.3810     2.4875     1.6378     1.4676     2.1708     2.1815     1.3216     1.3858     1.8747     2.1545     1.4584     1.1830     1.8645     2.2553     2.0220     1.5402     2.2915     2.3963     1.7151     1.1732     2.0930     2.3750     1.7905     1.7426     2.3081     2.4205     1.9529     1.5566     2.2097 
Overlap                    0.0000     0.0000     0.0000     0.0000     0.0000     0.0000     0.0000     0.0000     0.0000     0.0000     0.0000     0.0000     0.0000     0.0000     0.0000     0.0000     0.0000     0.0000     0.0000     0.0000     0.0000     0.0000     0.0000     0.0000     0.0000     0.0000     0.0000     0.0000     0.0000     0.0000     0.0000     0.0000     0.0000     0.0000     0.0000     0.0000     0.0000     0.0000     0.0000     0.0000     0.0000     0.0000     0.0000     0.0000     0.0000     0.0000     0.0000     0.0000     0.0000     0.0000     0.0000     0.0000     0.0000     0.0000     0.0001     0.0000     0.0000     0.0000     0.0000     0.0000     0.0000     0.0000     0.0000     0.0000 
Load imbalance             0.7292     0.5524     0.4760     0.0285     0.0000     0.6852     1.2592     0.4767     0.2330     0.5046     1.5747     0.6621     0.5698     0.4633     0.7347     0.9004     0.5756     0.4524     0.6268     0.4997     0.8090     0.8994     0.5392     2.2545     1.6224     0.5545     0.5341     0.3533     0.1288     0.5559     0.4130     0.7670     1.4390     0.6428     0.8104     1.1578     1.0102     0.6436     0.7741     0.1809     0.0368     0.8464     1.0466     0.4339     0.0954     0.6042     0.7482     0.5576     0.2335     1.8828     0.4961     0.6135     1.5964     1.0122     0.6540     0.3901     0.7989     1.1469     0.8223     0.5451     0.2038     0.6020     0.6001     0.3090 
Execution time            11.3082    11.3360    11.3468    11.2770    11.3389    11.3517    11.3398    11.3388    11.3076    11.3024    11.3762    11.3349    11.3396    11.3360    11.3409    11.2966    11.3432    11.3682    11.3436    11.3111    11.3438    11.2979    11.3584    11.3384    11.3084    11.3194    11.3356    11.3148    11.3227    11.3180    11.3031    11.3130    11.3097    11.3182    11.3308    11.3357    11.3441    11.3063    11.3298    11.2974    11.3247    11.3310    11.3172    11.3054    11.3142    11.3157    11.2880    11.2936    11.3068    11.2852    11.3040    11.3321    11.3031    11.2941    11.2859    11.3144    11.2929    11.2747    11.3002    11.3076    11.2997    11.2682    11.2475    11.2708 
User CPU time              4.5757     4.7489     4.8247     5.2751     5.3034     4.6105     4.0340     4.8273     5.0700     4.7918     3.7253     4.6418     4.7347     4.8351     4.5628     4.4045     4.7287     4.8450     4.6701     4.8036     4.4946     4.3984     4.7578     3.0500     3.6800     4.7371     4.7605     4.9494     5.1754     4.7393     4.8805     4.5365     3.8646     4.6523     4.4884     4.1451     4.2935     4.6507     4.5219     5.1219     5.2660     4.4440     4.2448     4.8673     5.2061     4.6871     4.5413     4.7454     5.0682     3.4182     4.7974     4.6898     3.7072     4.2850     4.6380     4.9134     4.5050     4.1497     4.4763     4.7585     5.1007     4.6959     4.6927     4.9946 
Sys. CPU time              0.0019     0.0056     0.0061     0.0032     0.0034     0.0112     0.0137     0.0029     0.0039     0.0105     0.0068     0.0029     0.0023     0.0084     0.0094     0.0019     0.0026     0.0095     0.0099     0.0035     0.0032     0.0090     0.0099     0.0023     0.0044     0.0153     0.0122     0.0042     0.0027     0.0117     0.0134     0.0033     0.0032     0.0117     0.0081     0.0040     0.0032     0.0125     0.0108     0.0041     0.0041     0.0164     0.0155     0.0056     0.0054     0.0156     0.0173     0.0039     0.0052     0.0058     0.0133     0.0036     0.0032     0.0096     0.0148     0.0034     0.0029     0.0102     0.0082     0.0032     0.0024     0.0090     0.0141     0.0033 
Processors                     64         64         64         64         64         64         64         64         64         64         64         64         64         64         64         64         64         64         64         64         64         64         64         64         64         64         64         64         64         64         64         64         64         64         64         64         64         64         64         64         64         64         64         64         64         64         64         64         64         64         64         64         64         64         64         64         64         64         64         64         64         64         64         64 
           Communication          
Reduction                  1.6466     1.0613     1.1125     1.0672     0.9526     1.0851     1.5207     1.2314     1.2033     0.9442     1.9687     1.6867     1.6111     0.8964     1.1795     1.9133     1.6428     0.7913     1.0038     1.4328     1.8065     1.1176     0.8805     3.1799     2.4221     0.6596     0.6523     1.1792     1.1488     0.7638     0.5675     1.5365     2.4338     0.8711     1.1972     2.0787     1.9426     0.8999     0.9268     0.8665     0.7984     0.9804     1.1726     1.0952     1.0552     0.7962     0.8628     1.3022     1.2995     2.3809     0.6723     1.3801     2.5468     1.3450     0.6914     1.0490     1.7395     1.5264     1.0766     1.3186     1.1457     1.0571     0.7788     0.9316 
Shadow                     0.1861     0.6359     0.5598     0.2652     0.3713     0.4466     0.4268     0.6110     0.2721     0.4469     0.6830     0.3157     0.3343     0.5909     0.5092     0.3893     0.3680     0.5701     0.5395     0.3480     0.3474     0.7364     0.6299     0.4454     0.3963     0.5001     0.6871     0.4673     0.3814     0.6195     0.5340     0.5199     0.3366     0.5643     0.6658     0.3477     0.3626     0.5009     0.7159     0.5443     0.4395     0.4042     0.4154     0.4691     0.2073     0.3443     0.3482     0.4971     0.1013     0.5743     0.4310     0.4678     0.3109     0.5496     0.5457     0.6290     0.3918     0.5065     0.7301     0.5312     0.3969     0.5009     0.3901     0.6070 
           Synchronization        
Reduction                  0.4820     0.5270     0.5054     0.3984     0.4731     0.4139     0.3342     0.5018     0.4000     0.4215     0.4978     0.4925     0.4924     0.5144     0.4778     0.5003     0.4872     0.4596     0.4560     0.4479     0.5079     0.4818     0.4773     0.5257     0.4739     0.4262     0.4497     0.4342     0.4253     0.4239     0.3883     0.4453     0.4668     0.4355     0.4436     0.4573     0.4933     0.4306     0.4171     0.4541     0.4117     0.3397     0.3530     0.3363     0.3336     0.3762     0.3048     0.3016     0.3031     0.4774     0.3977     0.4612     0.4257     0.4306     0.3280     0.4419     0.4483     0.4611     0.4736     0.4810     0.4727     0.4935     0.4074     0.4681 
Shadow                     1.4706     1.4503     1.4121     1.3720     1.4510     1.1183     1.0740     1.4969     1.3541     1.1767     1.3828     1.4987     1.4761     1.3271     1.2954     1.5041     1.4831     1.2324     1.2952     1.4221     1.5112     1.2685     1.2521     1.5187     1.4389     1.0156     1.2167     1.3981     1.4067     1.1507     1.0813     1.4229     1.4189     1.1937     1.2643     1.4265     1.4803     1.0808     1.2023     1.4239     1.3860     0.9659     0.9173     1.1695     1.2452     1.0474     0.8929     1.2231     1.2411     1.3394     1.1286     1.4198     1.4146     1.1734     0.9552     1.4239     1.4334     1.2301     1.3140     1.4677     1.4339     1.3927     1.1182     1.4642 
           Variation              
Reduction                  0.4820     0.5271     0.5055     0.3985     0.4732     0.4139     0.3342     0.5019     0.4000     0.4215     0.4978     0.4926     0.4925     0.5144     0.4778     0.5003     0.4872     0.4597     0.4561     0.4480     0.5080     0.4819     0.4774     0.5258     0.4739     0.4262     0.4498     0.4342     0.4254     0.4239     0.3884     0.4453     0.4668     0.4355     0.4436     0.4573     0.4934     0.4307     0.4172     0.4541     0.4118     0.3398     0.3531     0.3364     0.3336     0.3763     0.3048     0.3016     0.3031     0.4774     0.3977     0.4613     0.4257     0.4307     0.3280     0.4420     0.4484     0.4612     0.4737     0.4811     0.4728     0.4935     0.4074     0.4682 
Shadow                     2.1733     1.5603     1.6180     1.9577     1.9256     1.4119     1.0821     1.7673     1.9123     1.3287     1.4454     2.0826     2.0670     1.4412     1.4172     2.0107     2.0142     1.3584     1.3255     1.9232     2.0600     1.2186     1.2839     1.9709     1.8650     1.0023     1.0444     1.7855     1.9312     1.1050     1.0199     1.7607     1.9819     1.1674     1.3350     1.9237     1.9941     1.2072     1.0504     1.7166     1.7697     0.9818     1.0327     1.5383     1.8209     1.0821     0.8781     1.5629     1.9522     1.5446     1.1425     1.8302     1.9705     1.2845     0.8452     1.6511     1.9266     1.3294     1.2690     1.8271     1.9477     1.4594     1.1491     1.7415 
           Overlap                
Reduction                  0.0000     0.0000     0.0000     0.0000     0.0000     0.0000     0.0000     0.0000     0.0000     0.0000     0.0000     0.0000     0.0000     0.0000     0.0000     0.0000     0.0000     0.0000     0.0000     0.0000     0.0000     0.0000     0.0000     0.0000     0.0000     0.0000     0.0000     0.0000     0.0000     0.0000     0.0000     0.0000     0.0000     0.0000     0.0000     0.0000     0.0000     0.0000     0.0000     0.0000     0.0000     0.0000     0.0000     0.0000     0.0000     0.0000     0.0000     0.0000     0.0000     0.0000     0.0000     0.0000     0.0000     0.0000     0.0000     0.0000     0.0000     0.0000     0.0000     0.0000     0.0000     0.0000     0.0000     0.0000 
Shadow                     0.0000     0.0000     0.0000     0.0000     0.0000     0.0000     0.0000     0.0000     0.0000     0.0000     0.0000     0.0000     0.0000     0.0000     0.0000     0.0000     0.0000     0.0000     0.0000     0.0000     0.0000     0.0000     0.0000     0.0000     0.0000     0.0000     0.0000     0.0000     0.0000     0.0000     0.0000     0.0000     0.0000     0.0000     0.0000     0.0000     0.0000     0.0000     0.0000     0.0000     0.0000     0.0000     0.0000     0.0000     0.0000     0.0000     0.0000     0.0000     0.0000     0.0000     0.0000     0.0000     0.0000     0.0000     0.0000     0.0000     0.0000     0.0000     0.0000     0.0000     0.0000     0.0000     0.0000     0.0000 


-------------------------------------------------------------------------
INTERVAL ( NLINE=42 SOURCE=jac3d.c ) LEVEL=1 SEQ EXE_COUNT=1
--- The main characteristics --- 
Parallelization efficiency      0.6393 
Execution time                  6.6678 
Processors                          64
Threads amount                      64
Total time                    426.7374
Productive time               272.8137 ( CPU= 272.3888 Sys= 0.4250 I/O= 0.0000 )
Lost  time                    153.9237 
   Insufficient parallelism    30.2424 ( User= 3.4693 Sys= 26.7731 )
   Communication              112.0459 ( Real_sync= 0.0000 Starts= 0.0000 )
   Idle time                   11.6354
Load imbalance                 40.6767
Synchronization               111.3321
Time variation                127.8560
Overlap                         0.0004
                  Nop   Communic    Synchro  Variation    Overlap 
Reduction          20    82.0845    28.0690    28.0726     0.0002 
Shadow             20    29.9614    83.2631    99.7834     0.0002 
--- The comparative characteristics --- 
                              Tmin N proc      Tmax N proc      Tmid
Lost time                   1.7695     4     3.9285    24     2.4051 
User insufficient par.      0.0134    16     0.3265     1     0.0542 
Sys.insufficient par.       0.0953    13     1.0620    47     0.4183 
Idle time                   0.0000     3     0.3454    52     0.1818 
Communication               1.1015    31     3.6252    24     1.7507 
Synchronization             1.1977    47     2.0444    24     1.7396 
Variation                   1.1732    55     2.6554     1     1.9978 
Overlap                     0.0000     1     0.0001    55     0.0000 
Load imbalance              0.0000     4     2.1591    24     0.6356 
Execution time              6.3224    52     6.6678     3     6.4860 
User CPU time               2.7375    24     4.8953     4     4.2561 
Sys. CPU time               0.0015    13     0.0169    47     0.0066 
Processors                      64     1         64    64         64 
                      Communic          Synchro        Variation          Overlap  
Reduction       Tmin    0.5675    31     0.3016    48     0.3016    48     0.0000     1 
Reduction       Tmax    3.1799    24     0.5270     2     0.5271     2     0.0000    55 
Reduction       Tmid    1.2826           0.4386           0.4386           0.0000       
Shadow          Tmin    0.1013    49     0.8929    47     0.8452    55     0.0000     1 
Shadow          Tmax    0.7364    22     1.5187    24     2.1733     1     0.0000    55 
Shadow          Tmid    0.4681           1.3010           1.5591           0.0000       
--- The execution characteristics --- 
                                1          2          3          4          5          6          7          8          9         10         11         12         13         14         15         16         17         18         19         20         21         22         23         24         25         26         27         28         29         30         31         32         33         34         35         36         37         38         39         40         41         42         43         44         45         46         47         48         49         50         51         52         53         54         55         56         57         58         59         60         61         62         63         64 
Lost time                  2.5136     2.2584     2.0356     1.7695     1.7793     2.3940     2.9800     2.1518     2.0046     2.2342     3.2403     2.2806     2.3385     2.1954     2.4325     2.6749     2.2774     2.1799     2.3092     2.2040     2.4917     2.6293     2.2367     3.9285     3.3725     2.2961     2.2950     2.0920     1.7811     2.1468     2.2228     2.4122     3.2053     2.2911     2.5031     2.9017     2.7409     2.3312     2.4563     1.9569     1.8004     2.4988     2.7987     2.0546     1.8136     2.3739     2.4924     2.2633     1.9759     3.4856     2.2311     2.4126     3.2808     2.7182     2.4067     1.9789     2.5103     2.8964     2.6049     2.1697     1.9526     2.3151     2.3351     2.0094 
User insufficient par.     0.3265     0.0651     0.0340     0.0314     0.0370     0.0474     0.0548     0.0260     0.0996     0.0407     0.0160     0.0387     0.0543     0.0494     0.0832     0.0134     0.0183     0.0950     0.0384     0.0893     0.0389     0.0404     0.0263     0.0873     0.0502     0.0265     0.0392     0.0425     0.0190     0.0386     0.0548     0.0654     0.0387     0.0472     0.0330     0.0400     0.0233     0.0153     0.0203     0.0670     0.0888     0.0298     0.0194     0.0793     0.0321     0.0640     0.0198     0.0486     0.0814     0.0907     0.1099     0.0439     0.0670     0.0419     0.0260     0.0658     0.0457     0.0173     0.0823     0.0781     0.0531     0.0383     0.0801     0.0936 
Sys.insufficient par.      0.1095     0.3236     0.3293     0.1883     0.1782     0.6097     0.8080     0.1362     0.2244     0.6364     0.3695     0.1401     0.0953     0.4772     0.5323     0.1041     0.1025     0.5519     0.5873     0.1762     0.1632     0.5510     0.5742     0.1064     0.2460     0.9346     0.7120     0.2237     0.1357     0.6937     0.8242     0.1649     0.1660     0.6902     0.4693     0.1890     0.1482     0.7397     0.6544     0.2183     0.2041     0.9949     0.9243     0.3122     0.3124     0.9306     1.0620     0.2330     0.2821     0.3466     0.8067     0.1754     0.1789     0.5873     0.9182     0.1596     0.1336     0.6180     0.4690     0.1501     0.1237     0.5304     0.8586     0.1768 
Idle time                  0.2449     0.1726     0.0000     0.2174     0.2403     0.2052     0.1697     0.1472     0.2052     0.1660     0.2032     0.0995     0.2435     0.1815     0.1284     0.2547     0.1458     0.1717     0.1403     0.1578     0.1358     0.1839     0.1258     0.1096     0.2580     0.1752     0.2043     0.1793     0.0961     0.0311     0.2423     0.1256     0.2301     0.1183     0.1378     0.2463     0.2641     0.1753     0.1388     0.2607     0.2697     0.0896     0.2670     0.0989     0.2066     0.2388     0.1996     0.1825     0.2115     0.0931     0.2110     0.3454     0.1772     0.1944     0.2253     0.0756     0.1996     0.2282     0.2469     0.0917     0.2332     0.1884     0.2274     0.2004 
Communication              1.8327     1.6972     1.6723     1.3324     1.3239     1.5317     1.9475     1.8424     1.4754     1.3910     2.6516     2.0023     1.9454     1.4873     1.6886     2.3027     2.0108     1.3614     1.5433     1.7808     2.1539     1.8540     1.5104     3.6252     2.8184     1.1597     1.3394     1.6465     1.5302     1.3834     1.1015     2.0563     2.7704     1.4355     1.8630     2.4264     2.3052     1.4009     1.6428     1.4109     1.2379     1.3846     1.5880     1.5642     1.2625     1.1405     1.2110     1.7993     1.4008     2.9552     1.1034     1.8480     2.8576     1.8946     1.2371     1.6779     2.1313     2.0328     1.8067     1.8498     1.5426     1.5580     1.1690     1.5386 
Synchronization            1.9526     1.9773     1.9176     1.7704     1.9241     1.5322     1.4081     1.9987     1.7541     1.5982     1.8806     1.9913     1.9685     1.8415     1.7732     2.0044     1.9703     1.6920     1.7512     1.8700     2.0191     1.7503     1.7294     2.0444     1.9128     1.4418     1.6665     1.8322     1.8320     1.5746     1.4696     1.8682     1.8857     1.6291     1.7079     1.8838     1.9736     1.5114     1.6195     1.8779     1.7977     1.3056     1.2704     1.5059     1.5787     1.4237     1.1977     1.5246     1.5442     1.8168     1.5263     1.8811     1.8402     1.6040     1.2832     1.8659     1.8818     1.6913     1.7876     1.9487     1.9066     1.8862     1.5256     1.9323 
Variation                  2.6554     2.0874     2.1235     2.3561     2.3988     1.8259     1.4163     2.2692     2.3123     1.7502     1.9433     2.5752     2.5595     1.9557     1.8950     2.5110     2.5015     1.8181     1.7816     2.3711     2.5680     1.7005     1.7613     2.4967     2.3389     1.4286     1.4941     2.2197     2.3566     1.5289     1.4082     2.2060     2.4487     1.6029     1.7787     2.3810     2.4875     1.6378     1.4676     2.1708     2.1815     1.3216     1.3858     1.8747     2.1545     1.4584     1.1830     1.8645     2.2553     2.0220     1.5402     2.2915     2.3963     1.7151     1.1732     2.0930     2.3750     1.7905     1.7426     2.3081     2.4205     1.9529     1.5566     2.2097 
Overlap                    0.0000     0.0000     0.0000     0.0000     0.0000     0.0000     0.0000     0.0000     0.0000     0.0000     0.0000     0.0000     0.0000     0.0000     0.0000     0.0000     0.0000     0.0000     0.0000     0.0000     0.0000     0.0000     0.0000     0.0000     0.0000     0.0000     0.0000     0.0000     0.0000     0.0000     0.0000     0.0000     0.0000     0.0000     0.0000     0.0000     0.0000     0.0000     0.0000     0.0000     0.0000     0.0000     0.0000     0.0000     0.0000     0.0000     0.0000     0.0000     0.0000     0.0000     0.0000     0.0000     0.0000     0.0000     0.0001     0.0000     0.0000     0.0000     0.0000     0.0000     0.0000     0.0000     0.0000     0.0000 
Load imbalance             0.7441     0.4889     0.2662     0.0000     0.0099     0.6245     1.2105     0.3823     0.2352     0.4647     1.4708     0.5111     0.5690     0.4259     0.6630     0.9054     0.5080     0.4105     0.5397     0.4345     0.7222     0.8598     0.4672     2.1591     1.6030     0.5266     0.5255     0.3225     0.0116     0.3774     0.4533     0.6427     1.4358     0.5216     0.7336     1.1322     0.9714     0.5617     0.6868     0.1874     0.0309     0.7293     1.0292     0.2851     0.0441     0.6044     0.7230     0.4938     0.2064     1.7161     0.4616     0.6431     1.5113     0.9487     0.6372     0.2094     0.7408     1.1269     0.8354     0.4002     0.1831     0.5456     0.5656     0.2399 
Execution time             6.4229     6.4952     6.6678     6.4504     6.4275     6.4626     6.4980     6.5205     6.4626     6.5018     6.4645     6.5683     6.4242     6.4863     6.5394     6.4131     6.5220     6.4961     6.5275     6.5100     6.5319     6.4839     6.5420     6.5582     6.4098     6.4926     6.4635     6.4885     6.5716     6.6366     6.4255     6.5422     6.4377     6.5495     6.5299     6.4214     6.4036     6.4925     6.5289     6.4070     6.3981     6.5782     6.4008     6.5689     6.4612     6.4289     6.4681     6.4853     6.4562     6.5747     6.4567     6.3224     6.4906     6.4734     6.4424     6.5922     6.4681     6.4396     6.4209     6.5761     6.4346     6.4794     6.4404     6.4673 
User CPU time              4.1525     4.4042     4.6269     4.8953     4.8856     4.2641     3.6750     4.5138     4.6596     4.4235     3.4216     4.3849     4.3277     4.4648     4.2268     3.9912     4.3887     4.4791     4.3492     4.4610     4.1735     4.0298     4.4220     2.7375     3.2913     4.3569     4.3615     4.5723     4.8846     4.5099     4.4319     4.2530     3.4599     4.3657     4.1572     3.7631     3.9246     4.3248     4.2011     4.7074     4.8641     4.1532     3.8544     4.6082     4.8492     4.2791     4.1585     4.4008     4.6874     3.1767     4.4239     4.2524     3.3841     3.9403     4.2465     4.6863     4.1554     3.7616     4.0554     4.4957     4.7132     4.3443     4.3191     4.6555 
Sys. CPU time              0.0017     0.0051     0.0052     0.0030     0.0028     0.0097     0.0128     0.0022     0.0036     0.0101     0.0059     0.0022     0.0015     0.0076     0.0084     0.0017     0.0016     0.0088     0.0093     0.0028     0.0026     0.0087     0.0091     0.0017     0.0039     0.0148     0.0113     0.0036     0.0022     0.0110     0.0131     0.0026     0.0026     0.0110     0.0074     0.0030     0.0024     0.0117     0.0104     0.0035     0.0032     0.0158     0.0147     0.0050     0.0050     0.0148     0.0169     0.0037     0.0045     0.0055     0.0128     0.0028     0.0028     0.0093     0.0146     0.0025     0.0021     0.0098     0.0074     0.0024     0.0020     0.0084     0.0136     0.0028 
Processors                     64         64         64         64         64         64         64         64         64         64         64         64         64         64         64         64         64         64         64         64         64         64         64         64         64         64         64         64         64         64         64         64         64         64         64         64         64         64         64         64         64         64         64         64         64         64         64         64         64         64         64         64         64         64         64         64         64         64         64         64         64         64         64         64 
           Communication          
Reduction                  1.6466     1.0613     1.1125     1.0672     0.9526     1.0851     1.5207     1.2314     1.2033     0.9442     1.9687     1.6867     1.6111     0.8964     1.1795     1.9133     1.6428     0.7913     1.0038     1.4328     1.8065     1.1176     0.8805     3.1799     2.4221     0.6596     0.6523     1.1792     1.1488     0.7638     0.5675     1.5365     2.4338     0.8711     1.1972     2.0787     1.9426     0.8999     0.9268     0.8665     0.7984     0.9804     1.1726     1.0952     1.0552     0.7962     0.8628     1.3022     1.2995     2.3809     0.6723     1.3801     2.5468     1.3450     0.6914     1.0490     1.7395     1.5264     1.0766     1.3186     1.1457     1.0571     0.7788     0.9316 
Shadow                     0.1861     0.6359     0.5598     0.2652     0.3713     0.4466     0.4268     0.6110     0.2721     0.4469     0.6830     0.3157     0.3343     0.5909     0.5092     0.3893     0.3680     0.5701     0.5395     0.3480     0.3474     0.7364     0.6299     0.4454     0.3963     0.5001     0.6871     0.4673     0.3814     0.6195     0.5340     0.5199     0.3366     0.5643     0.6658     0.3477     0.3626     0.5009     0.7159     0.5443     0.4395     0.4042     0.4154     0.4691     0.2073     0.3443     0.3482     0.4971     0.1013     0.5743     0.4310     0.4678     0.3109     0.5496     0.5457     0.6290     0.3918     0.5065     0.7301     0.5312     0.3969     0.5009     0.3901     0.6070 
           Synchronization        
Reduction                  0.4820     0.5270     0.5054     0.3984     0.4731     0.4139     0.3342     0.5018     0.4000     0.4215     0.4978     0.4925     0.4924     0.5144     0.4778     0.5003     0.4872     0.4596     0.4560     0.4479     0.5079     0.4818     0.4773     0.5257     0.4739     0.4262     0.4497     0.4342     0.4253     0.4239     0.3883     0.4453     0.4668     0.4355     0.4436     0.4573     0.4933     0.4306     0.4171     0.4541     0.4117     0.3397     0.3530     0.3363     0.3336     0.3762     0.3048     0.3016     0.3031     0.4774     0.3977     0.4612     0.4257     0.4306     0.3280     0.4419     0.4483     0.4611     0.4736     0.4810     0.4727     0.4935     0.4074     0.4681 
Shadow                     1.4706     1.4503     1.4121     1.3720     1.4510     1.1183     1.0740     1.4969     1.3541     1.1767     1.3828     1.4987     1.4761     1.3271     1.2954     1.5041     1.4831     1.2324     1.2952     1.4221     1.5112     1.2685     1.2521     1.5187     1.4389     1.0156     1.2167     1.3981     1.4067     1.1507     1.0813     1.4229     1.4189     1.1937     1.2643     1.4265     1.4803     1.0808     1.2023     1.4239     1.3860     0.9659     0.9173     1.1695     1.2452     1.0474     0.8929     1.2231     1.2411     1.3394     1.1286     1.4198     1.4146     1.1734     0.9552     1.4239     1.4334     1.2301     1.3140     1.4677     1.4339     1.3927     1.1182     1.4642 
           Variation              
Reduction                  0.4820     0.5271     0.5055     0.3985     0.4732     0.4139     0.3342     0.5019     0.4000     0.4215     0.4978     0.4926     0.4925     0.5144     0.4778     0.5003     0.4872     0.4597     0.4561     0.4480     0.5080     0.4819     0.4774     0.5258     0.4739     0.4262     0.4498     0.4342     0.4254     0.4239     0.3884     0.4453     0.4668     0.4355     0.4436     0.4573     0.4934     0.4307     0.4172     0.4541     0.4118     0.3398     0.3531     0.3364     0.3336     0.3763     0.3048     0.3016     0.3031     0.4774     0.3977     0.4613     0.4257     0.4307     0.3280     0.4420     0.4484     0.4612     0.4737     0.4811     0.4728     0.4935     0.4074     0.4682 
Shadow                     2.1733     1.5603     1.6180     1.9577     1.9256     1.4119     1.0821     1.7673     1.9123     1.3287     1.4454     2.0826     2.0670     1.4412     1.4172     2.0107     2.0142     1.3584     1.3255     1.9232     2.0600     1.2186     1.2839     1.9709     1.8650     1.0023     1.0444     1.7855     1.9312     1.1050     1.0199     1.7607     1.9819     1.1674     1.3350     1.9237     1.9941     1.2072     1.0504     1.7166     1.7697     0.9818     1.0327     1.5383     1.8209     1.0821     0.8781     1.5629     1.9522     1.5446     1.1425     1.8302     1.9705     1.2845     0.8452     1.6511     1.9266     1.3294     1.2690     1.8271     1.9477     1.4594     1.1491     1.7415 
           Overlap                
Reduction                  0.0000     0.0000     0.0000     0.0000     0.0000     0.0000     0.0000     0.0000     0.0000     0.0000     0.0000     0.0000     0.0000     0.0000     0.0000     0.0000     0.0000     0.0000     0.0000     0.0000     0.0000     0.0000     0.0000     0.0000     0.0000     0.0000     0.0000     0.0000     0.0000     0.0000     0.0000     0.0000     0.0000     0.0000     0.0000     0.0000     0.0000     0.0000     0.0000     0.0000     0.0000     0.0000     0.0000     0.0000     0.0000     0.0000     0.0000     0.0000     0.0000     0.0000     0.0000     0.0000     0.0000     0.0000     0.0000     0.0000     0.0000     0.0000     0.0000     0.0000     0.0000     0.0000     0.0000     0.0000 
Shadow                     0.0000     0.0000     0.0000     0.0000     0.0000     0.0000     0.0000     0.0000     0.0000     0.0000     0.0000     0.0000     0.0000     0.0000     0.0000     0.0000     0.0000     0.0000     0.0000     0.0000     0.0000     0.0000     0.0000     0.0000     0.0000     0.0000     0.0000     0.0000     0.0000     0.0000     0.0000     0.0000     0.0000     0.0000     0.0000     0.0000     0.0000     0.0000     0.0000     0.0000     0.0000     0.0000     0.0000     0.0000     0.0000     0.0000     0.0000     0.0000     0.0000     0.0000     0.0000     0.0000     0.0000     0.0000     0.0000     0.0000     0.0000     0.0000     0.0000     0.0000     0.0000     0.0000     0.0000     0.0000 


-------------------------------------------------------------------------
Name (number) and performance time of processors
DVM(1) 4.104878
DVM(2) 4.113836
DVM(3) 4.116420
DVM(4) 4.124671
DVM(5) 3.078856
DVM(6) 3.091729
DVM(7) 3.077130
DVM(8) 3.081930
DVM(9) 3.087349
DVM(10) 3.087316
DVM(11) 3.078640
DVM(12) 3.086446
DVM(13) 3.091180
DVM(14) 3.088683
DVM(15) 3.091182
DVM(16) 3.073039
DVM(17) 3.078849
DVM(18) 3.080841
DVM(19) 3.076329
DVM(20) 3.075688
DVM(21) 4.100952
DVM(22) 4.099648
DVM(23) 4.091744
DVM(24) 4.114892
DVM(25) 3.071747
DVM(26) 3.063067
DVM(27) 3.062954
DVM(28) 3.066580
DVM(29) 3.067856
DVM(30) 3.062135
DVM(31) 3.064279
DVM(32) 3.062644
DVM(33) 3.087286
DVM(34) 3.097558
DVM(35) 3.104373
DVM(36) 3.085423
DVM(37) 3.077810
DVM(38) 3.094535
DVM(39) 3.080915
DVM(40) 3.082258
DVM(41) 4.091666
DVM(42) 4.108515
DVM(43) 4.107435
DVM(44) 4.128809
DVM(45) 3.074655
DVM(46) 3.082847
DVM(47) 3.075578
DVM(48) 3.079366
DVM(49) 3.066807
DVM(50) 3.076366
DVM(51) 3.059384
DVM(52) 3.068461
DVM(53) 3.072695
DVM(54) 3.076169
DVM(55) 3.074114
DVM(56) 3.056321
DVM(57) 3.067007
DVM(58) 3.065096
DVM(59) 3.068018
DVM(60) 3.053582
DVM(61) 4.093318
DVM(62) 4.087602
DVM(63) 4.088796
DVM(64) 4.105091
min - DVM(60) 3.053582; max - DVM(44) 4.128809; mid - 3.333615
