Processor system=1*6*3
Statistics has been accumulated on DVM-system version 5.0, platform DVM
Analyzer is executing on DVM-system version 5.0, platform DVM
-------------------------------------------------------------------------
INTERVAL ( NLINE=20 SOURCE=jac3d.c ) LEVEL=0  EXE_COUNT=2
--- The main characteristics --- 
Parallelization efficiency      0.5757 
Execution time                  8.9346 
Processors                          18
Threads amount                      18
Total time                    160.8227
Productive time                92.5823 ( CPU= 92.0145 Sys= 0.5679 I/O= 0.0000 )
Lost  time                     68.2404 
   Insufficient parallelism    55.8609 ( User= 46.2071 Sys= 9.6539 )
   Communication               12.3191 ( Real_sync= 0.0000 Starts= 0.0000 )
   Idle time                    0.0604
Load imbalance                  8.2565
Synchronization                 8.7115
Time variation                 12.6077
Overlap                         0.0003
                  Nop   Communic    Synchro  Variation    Overlap 
Reduction          20     9.3120     0.0013     0.0012     0.0001 
Shadow             20     3.0070     8.7102    12.6065     0.0002 
--- The comparative characteristics --- 
                              Tmin N proc      Tmax N proc      Tmid
Lost time                   3.3324     4     5.3056    18     3.7911 
User insufficient par.      2.5469     5     2.6108    18     2.5671 
Sys.insufficient par.       0.1642    18     1.1923     5     0.5363 
Idle time                   0.0000    12     0.0070    18     0.0034 
Communication               0.1891     5     2.5237    18     0.6844 
Synchronization             0.0028    11     0.7032    18     0.4840 
Variation                   0.0036     5     1.1440     1     0.7004 
Overlap                     0.0000     1     0.0001    11     0.0000 
Load imbalance              0.0000     4     1.9732    18     0.4587 
Execution time              8.9276    17     8.9346    12     8.9312 
User CPU time               3.6193    18     5.5826     4     5.1119 
Sys. CPU time               0.0097    18     0.0701     5     0.0315 
Processors                      18     1         18    18         18 
                      Communic          Synchro        Variation          Overlap  
Reduction       Tmin    0.0019     5     0.0000    16     0.0000    16     0.0000     1 
Reduction       Tmax    2.4091    18     0.0001     5     0.0001    11     0.0000    16 
Reduction       Tmid    0.5173           0.0001           0.0001           0.0000       
Shadow          Tmin    0.0272     1     0.0027    11     0.0034     5     0.0000     1 
Shadow          Tmax    0.3728     6     0.7032    18     1.1440     1     0.0001    11 
Shadow          Tmid    0.1671           0.4839           0.7004           0.0000       
--- The execution characteristics --- 
                                1          2          3          4          5          6          7          8          9         10         11         12         13         14         15         16         17         18 
Lost time                  3.6186     3.6053     3.4519     3.3324     3.9330     3.5027     3.5957     3.8665     3.4870     3.4854     3.9425     3.5279     3.6035     3.8579     3.6044     3.5145     5.0057     5.3056 
User insufficient par.     2.5826     2.5578     2.5614     2.5649     2.5469     2.5541     2.5777     2.5549     2.5601     2.5721     2.5510     2.5601     2.5808     2.5551     2.5606     2.5713     2.5851     2.6108 
Sys.insufficient par.      0.2449     0.8373     0.3400     0.3331     1.1923     0.4554     0.2667     1.0918     0.4182     0.3186     1.1825     0.4551     0.2594     1.0525     0.3950     0.2929     0.3539     0.1642 
Idle time                  0.0016     0.0035     0.0053     0.0043     0.0047     0.0039     0.0020     0.0011     0.0004     0.0027     0.0058     0.0000     0.0008     0.0031     0.0050     0.0023     0.0070     0.0070 
Communication              0.7895     0.2067     0.5451     0.4301     0.1891     0.4893     0.7494     0.2186     0.5084     0.5920     0.2033     0.5127     0.7626     0.2472     0.6437     0.6479     2.0597     2.5237 
Synchronization            0.6470     0.3585     0.6106     0.5984     0.0072     0.6004     0.5940     0.1923     0.5751     0.6011     0.0028     0.6040     0.6191     0.1935     0.5835     0.6424     0.5785     0.7032 
Variation                  1.1440     0.4828     0.8223     1.0168     0.0036     0.5750     1.0947     0.1154     0.7076     1.0329     0.0068     0.5795     1.1121     0.1825     0.7408     1.0856     0.7701     1.1351 
Overlap                    0.0000     0.0000     0.0000     0.0000     0.0001     0.0000     0.0000     0.0000     0.0000     0.0000     0.0001     0.0000     0.0000     0.0000     0.0000     0.0000     0.0000     0.0000 
Load imbalance             0.2862     0.2728     0.1194     0.0000     0.6005     0.1703     0.2633     0.5340     0.1546     0.1530     0.6101     0.1954     0.2711     0.5255     0.2719     0.1821     1.6733     1.9732 
Execution time             8.9330     8.9311     8.9293     8.9303     8.9299     8.9307     8.9326     8.9334     8.9342     8.9319     8.9288     8.9346     8.9338     8.9315     8.9296     8.9323     8.9276     8.9276 
User CPU time              5.3016     5.2801     5.4627     5.5826     4.9315     5.4051     5.3232     5.0039     5.4229     5.4305     4.9225     5.3800     5.3158     5.0148     5.3070     5.4029     3.9080     3.6193 
Sys. CPU time              0.0144     0.0493     0.0200     0.0196     0.0701     0.0268     0.0157     0.0642     0.0246     0.0187     0.0696     0.0268     0.0153     0.0619     0.0232     0.0172     0.0208     0.0097 
Processors                     18         18         18         18         18         18         18         18         18         18         18         18         18         18         18         18         18         18 
           Communication          
Reduction                  0.7623     0.1439     0.2979     0.3692     0.0019     0.1165     0.6970     0.0316     0.2265     0.5298     0.0107     0.1417     0.7198     0.0887     0.3737     0.6123     1.7797     2.4091 
Shadow                     0.0272     0.0628     0.2473     0.0609     0.1872     0.3728     0.0525     0.1870     0.2819     0.0622     0.1926     0.3710     0.0428     0.1585     0.2700     0.0357     0.2800     0.1145 
           Synchronization        
Reduction                  0.0001     0.0001     0.0001     0.0000     0.0001     0.0001     0.0000     0.0001     0.0001     0.0000     0.0001     0.0000     0.0000     0.0001     0.0001     0.0000     0.0001     0.0001 
Shadow                     0.6470     0.3584     0.6105     0.5983     0.0071     0.6003     0.5940     0.1922     0.5750     0.6011     0.0027     0.6040     0.6191     0.1934     0.5834     0.6424     0.5784     0.7032 
           Variation              
Reduction                  0.0001     0.0001     0.0001     0.0000     0.0001     0.0000     0.0000     0.0001     0.0001     0.0000     0.0001     0.0000     0.0000     0.0001     0.0001     0.0000     0.0001     0.0001 
Shadow                     1.1440     0.4827     0.8222     1.0168     0.0034     0.5749     1.0946     0.1154     0.7075     1.0329     0.0067     0.5795     1.1121     0.1824     0.7407     1.0856     0.7701     1.1350 
           Overlap                
Reduction                  0.0000     0.0000     0.0000     0.0000     0.0000     0.0000     0.0000     0.0000     0.0000     0.0000     0.0000     0.0000     0.0000     0.0000     0.0000     0.0000     0.0000     0.0000 
Shadow                     0.0000     0.0000     0.0000     0.0000     0.0001     0.0000     0.0000     0.0000     0.0000     0.0000     0.0001     0.0000     0.0000     0.0000     0.0000     0.0000     0.0000     0.0000 


-------------------------------------------------------------------------
INTERVAL ( NLINE=42 SOURCE=jac3d.c ) LEVEL=1 SEQ EXE_COUNT=2
--- The main characteristics --- 
Parallelization efficiency      0.7987 
Execution time                  6.0581 
Processors                          18
Threads amount                      18
Total time                    109.0451
Productive time                87.0903 ( CPU= 86.5747 Sys= 0.5157 I/O= 0.0000 )
Lost  time                     21.9548 
   Insufficient parallelism     9.0441 ( User= 0.2778 Sys= 8.7662 )
   Communication               12.3191 ( Real_sync= 0.0000 Starts= 0.0000 )
   Idle time                    0.5916
Load imbalance                  8.1921
Synchronization                 8.7115
Time variation                 12.6077
Overlap                         0.0003
                  Nop   Communic    Synchro  Variation    Overlap 
Reduction          20     9.3120     0.0013     0.0012     0.0001 
Shadow             20     3.0070     8.7102    12.6065     0.0002 
--- The comparative characteristics --- 
                              Tmin N proc      Tmax N proc      Tmid
Lost time                   0.7646     4     2.6842    18     1.2197 
User insufficient par.      0.0094    18     0.0190    14     0.0154 
Sys.insufficient par.       0.1192    18     1.1433     5     0.4870 
Idle time                   0.0000    17     0.0595     7     0.0329 
Communication               0.1891     5     2.5237    18     0.6844 
Synchronization             0.0028    11     0.7032    18     0.4840 
Variation                   0.0036     5     1.1440     1     0.7004 
Overlap                     0.0000     1     0.0001    11     0.0000 
Load imbalance              0.0000     4     1.9196    18     0.4551 
Execution time              5.9986     7     6.0581    17     6.0252 
User CPU time               3.3668    18     5.2768     4     4.8097 
Sys. CPU time               0.0070    18     0.0673     5     0.0286 
Processors                      18     1         18    18         18 
                      Communic          Synchro        Variation          Overlap  
Reduction       Tmin    0.0019     5     0.0000    16     0.0000    16     0.0000     1 
Reduction       Tmax    2.4091    18     0.0001     5     0.0001    11     0.0000    16 
Reduction       Tmid    0.5173           0.0001           0.0001           0.0000       
Shadow          Tmin    0.0272     1     0.0027    11     0.0034     5     0.0000     1 
Shadow          Tmax    0.3728     6     0.7032    18     1.1440     1     0.0001    11 
Shadow          Tmid    0.1671           0.4839           0.7004           0.0000       
--- The execution characteristics --- 
                                1          2          3          4          5          6          7          8          9         10         11         12         13         14         15         16         17         18 
Lost time                  1.0526     1.0410     0.8864     0.7646     1.3659     0.9383     1.0351     1.3062     0.9266     0.9182     1.3754     0.9613     1.0376     1.2906     1.0395     0.9502     2.3813     2.6842 
User insufficient par.     0.0144     0.0167     0.0164     0.0168     0.0146     0.0152     0.0102     0.0188     0.0166     0.0179     0.0183     0.0181     0.0116     0.0190     0.0155     0.0157     0.0126     0.0094 
Sys.insufficient par.      0.1944     0.7869     0.2920     0.2837     1.1433     0.4059     0.2160     1.0409     0.3674     0.2680     1.1346     0.4044     0.2090     1.0022     0.3468     0.2424     0.3090     0.1192 
Idle time                  0.0543     0.0305     0.0328     0.0340     0.0189     0.0279     0.0595     0.0278     0.0343     0.0402     0.0192     0.0261     0.0543     0.0222     0.0334     0.0442     0.0000     0.0319 
Communication              0.7895     0.2067     0.5451     0.4301     0.1891     0.4893     0.7494     0.2186     0.5084     0.5920     0.2033     0.5127     0.7626     0.2472     0.6437     0.6479     2.0597     2.5237 
Synchronization            0.6470     0.3585     0.6106     0.5984     0.0072     0.6004     0.5940     0.1923     0.5751     0.6011     0.0028     0.6040     0.6191     0.1935     0.5835     0.6424     0.5785     0.7032 
Variation                  1.1440     0.4828     0.8223     1.0168     0.0036     0.5750     1.0947     0.1154     0.7076     1.0329     0.0068     0.5795     1.1121     0.1825     0.7408     1.0856     0.7701     1.1351 
Overlap                    0.0000     0.0000     0.0000     0.0000     0.0001     0.0000     0.0000     0.0000     0.0000     0.0000     0.0001     0.0000     0.0000     0.0000     0.0000     0.0000     0.0000     0.0000 
Load imbalance             0.2880     0.2764     0.1218     0.0000     0.6013     0.1738     0.2705     0.5416     0.1620     0.1536     0.6108     0.1967     0.2730     0.5260     0.2749     0.1856     1.6167     1.9196 
Execution time             6.0038     6.0275     6.0252     6.0241     6.0391     6.0301     5.9986     6.0303     6.0238     6.0179     6.0388     6.0320     6.0038     6.0358     6.0246     6.0138     6.0581     6.0262 
User CPU time              4.9941     4.9708     5.1545     5.2768     4.6249     5.0958     5.0103     4.6906     5.1099     5.1241     4.6159     5.0730     5.0082     4.7086     4.9982     5.0936     3.6586     3.3668 
Sys. CPU time              0.0114     0.0463     0.0172     0.0167     0.0673     0.0239     0.0127     0.0612     0.0216     0.0158     0.0667     0.0238     0.0123     0.0590     0.0204     0.0143     0.0182     0.0070 
Processors                     18         18         18         18         18         18         18         18         18         18         18         18         18         18         18         18         18         18 
           Communication          
Reduction                  0.7623     0.1439     0.2979     0.3692     0.0019     0.1165     0.6970     0.0316     0.2265     0.5298     0.0107     0.1417     0.7198     0.0887     0.3737     0.6123     1.7797     2.4091 
Shadow                     0.0272     0.0628     0.2473     0.0609     0.1872     0.3728     0.0525     0.1870     0.2819     0.0622     0.1926     0.3710     0.0428     0.1585     0.2700     0.0357     0.2800     0.1145 
           Synchronization        
Reduction                  0.0001     0.0001     0.0001     0.0000     0.0001     0.0001     0.0000     0.0001     0.0001     0.0000     0.0001     0.0000     0.0000     0.0001     0.0001     0.0000     0.0001     0.0001 
Shadow                     0.6470     0.3584     0.6105     0.5983     0.0071     0.6003     0.5940     0.1922     0.5750     0.6011     0.0027     0.6040     0.6191     0.1934     0.5834     0.6424     0.5784     0.7032 
           Variation              
Reduction                  0.0001     0.0001     0.0001     0.0000     0.0001     0.0000     0.0000     0.0001     0.0001     0.0000     0.0001     0.0000     0.0000     0.0001     0.0001     0.0000     0.0001     0.0001 
Shadow                     1.1440     0.4827     0.8222     1.0168     0.0034     0.5749     1.0946     0.1154     0.7075     1.0329     0.0067     0.5795     1.1121     0.1824     0.7407     1.0856     0.7701     1.1350 
           Overlap                
Reduction                  0.0000     0.0000     0.0000     0.0000     0.0000     0.0000     0.0000     0.0000     0.0000     0.0000     0.0000     0.0000     0.0000     0.0000     0.0000     0.0000     0.0000     0.0000 
Shadow                     0.0000     0.0000     0.0000     0.0000     0.0001     0.0000     0.0000     0.0000     0.0000     0.0000     0.0001     0.0000     0.0000     0.0000     0.0000     0.0000     0.0000     0.0000 


-------------------------------------------------------------------------
Name (number) and performance time of processors
DVM(1) 1.029444
DVM(2) 1.029306
DVM(3) 1.028668
DVM(4) 1.028662
DVM(5) 1.028977
DVM(6) 1.028937
DVM(7) 1.028818
DVM(8) 1.028805
DVM(9) 1.028806
DVM(10) 1.028942
DVM(11) 1.028595
DVM(12) 1.028618
DVM(13) 1.028777
DVM(14) 1.028775
DVM(15) 1.029174
DVM(16) 1.029176
DVM(17) 1.028938
DVM(18) 1.030006
min - DVM(11) 1.028595; max - DVM(18) 1.030006; mid - 1.028968
