Processor system=2*9*1
Statistics has been accumulated on DVM-system version 5.0, platform DVM
Analyzer is executing on DVM-system version 5.0, platform DVM
-------------------------------------------------------------------------
INTERVAL ( NLINE=20 SOURCE=jac3d.c ) LEVEL=0  EXE_COUNT=2
--- The main characteristics --- 
Parallelization efficiency      0.6315 
Execution time                  8.9629 
Processors                          18
Threads amount                      18
Total time                    161.3328
Productive time               101.8824 ( CPU= 101.6069 Sys= 0.2755 I/O= 0.0000 )
Lost  time                     59.4504 
   Insufficient parallelism    49.9039 ( User= 45.2202 Sys= 4.6837 )
   Communication                9.4889 ( Real_sync= 0.0000 Starts= 0.0000 )
   Idle time                    0.0575
Load imbalance                  5.4942
Synchronization                 1.2853
Time variation                  1.2164
Overlap                         0.0003
                  Nop   Communic    Synchro  Variation    Overlap 
Reduction          20     6.6004     0.0015     0.0014     0.0001 
Shadow             20     2.8885     1.2838     1.2149     0.0002 
--- The comparative characteristics --- 
                              Tmin N proc      Tmax N proc      Tmid
Lost time                   2.9976     5     5.1868    18     3.3028 
User insufficient par.      2.4973    12     2.5665    18     2.5122 
Sys.insufficient par.       0.0944    18     0.3226    13     0.2602 
Idle time                   0.0000     8     0.0075    18     0.0032 
Communication               0.1827     5     2.5184    18     0.5272 
Synchronization             0.0035     2     0.2630    18     0.0714 
Variation                   0.0011     4     0.2877     1     0.0676 
Overlap                     0.0000     5     0.0001     2     0.0000 
Load imbalance              0.0000     5     2.1892    18     0.3052 
Execution time              8.9554    18     8.9629     8     8.9597 
User CPU time               3.7706    18     5.9508     1     5.6448 
Sys. CPU time               0.0056    18     0.0190    13     0.0153 
Processors                      18     1         18    18         18 
                      Communic          Synchro        Variation          Overlap  
Reduction       Tmin    0.0046     3     0.0000    10     0.0000    10     0.0000     2 
Reduction       Tmax    2.4180    18     0.0001     4     0.0001     4     0.0000    10 
Reduction       Tmid    0.3667           0.0001           0.0001           0.0000       
Shadow          Tmin    0.0586    10     0.0034     2     0.0010     4     0.0000     1 
Shadow          Tmax    0.1903    11     0.2630    18     0.2877     1     0.0001     2 
Shadow          Tmid    0.1605           0.0713           0.0675           0.0000       
--- The execution characteristics --- 
                                1          2          3          4          5          6          7          8          9         10         11         12         13         14         15         16         17         18 
Lost time                  3.0056     3.0251     2.9978     3.0115     2.9976     3.0191     3.0017     3.0343     3.1871     3.2769     3.0818     3.0372     3.0729     3.0326     3.2119     3.1664     5.1041     5.1868 
User insufficient par.     2.5157     2.5042     2.4976     2.5015     2.5000     2.5006     2.5001     2.5043     2.5169     2.5232     2.5045     2.4973     2.5060     2.5020     2.5125     2.5076     2.5596     2.5665 
Sys.insufficient par.      0.1113     0.3065     0.3054     0.3167     0.3138     0.3160     0.3076     0.3169     0.1284     0.1217     0.3018     0.3166     0.3226     0.2996     0.3162     0.3128     0.1754     0.0944 
Idle time                  0.0042     0.0011     0.0047     0.0005     0.0011     0.0011     0.0060     0.0000     0.0045     0.0055     0.0057     0.0052     0.0002     0.0002     0.0011     0.0011     0.0075     0.0075 
Communication              0.3744     0.2133     0.1900     0.1927     0.1827     0.2013     0.1880     0.2132     0.5373     0.6265     0.2698     0.2180     0.2441     0.2308     0.3821     0.3449     2.3615     2.5184 
Synchronization            0.2453     0.0035     0.0240     0.0096     0.0148     0.0143     0.0177     0.0084     0.2255     0.2039     0.0243     0.0043     0.0049     0.0229     0.0133     0.0143     0.1713     0.2630 
Variation                  0.2877     0.0114     0.0053     0.0011     0.0063     0.0034     0.0069     0.0017     0.1642     0.2846     0.0032     0.0035     0.0026     0.0106     0.0071     0.0090     0.1420     0.2658 
Overlap                    0.0000     0.0001     0.0000     0.0000     0.0000     0.0000     0.0000     0.0000     0.0000     0.0000     0.0000     0.0000     0.0001     0.0000     0.0000     0.0000     0.0000     0.0000 
Load imbalance             0.0080     0.0276     0.0002     0.0139     0.0000     0.0215     0.0041     0.0368     0.1896     0.2794     0.0842     0.0396     0.0753     0.0350     0.2143     0.1689     2.1066     2.1892 
Execution time             8.9587     8.9618     8.9582     8.9624     8.9618     8.9618     8.9569     8.9629     8.9584     8.9575     8.9572     8.9577     8.9627     8.9627     8.9618     8.9618     8.9554     8.9554 
User CPU time              5.9508     5.9198     5.9472     5.9328     5.9469     5.9253     5.9432     5.9100     5.7682     5.6788     5.8634     5.9071     5.8711     5.9127     5.7324     5.7781     3.8485     3.7706 
Sys. CPU time              0.0065     0.0180     0.0180     0.0186     0.0185     0.0186     0.0181     0.0186     0.0076     0.0072     0.0178     0.0186     0.0190     0.0176     0.0186     0.0184     0.0103     0.0056 
Processors                     18         18         18         18         18         18         18         18         18         18         18         18         18         18         18         18         18         18 
           Communication          
Reduction                  0.3072     0.0421     0.0046     0.0094     0.0072     0.0239     0.0102     0.0315     0.3636     0.5679     0.0795     0.0367     0.0634     0.0491     0.2068     0.1694     2.2098     2.4180 
Shadow                     0.0671     0.1712     0.1854     0.1833     0.1755     0.1774     0.1779     0.1816     0.1737     0.0586     0.1903     0.1813     0.1806     0.1817     0.1753     0.1755     0.1517     0.1004 
           Synchronization        
Reduction                  0.0001     0.0001     0.0001     0.0001     0.0001     0.0001     0.0001     0.0001     0.0001     0.0000     0.0000     0.0001     0.0000     0.0001     0.0000     0.0001     0.0001     0.0001 
Shadow                     0.2452     0.0034     0.0238     0.0094     0.0147     0.0141     0.0176     0.0083     0.2255     0.2039     0.0243     0.0043     0.0048     0.0228     0.0132     0.0143     0.1712     0.2630 
           Variation              
Reduction                  0.0001     0.0001     0.0001     0.0001     0.0001     0.0001     0.0001     0.0001     0.0001     0.0000     0.0000     0.0001     0.0000     0.0001     0.0000     0.0001     0.0001     0.0000 
Shadow                     0.2877     0.0113     0.0052     0.0010     0.0062     0.0032     0.0068     0.0016     0.1641     0.2846     0.0031     0.0035     0.0025     0.0105     0.0070     0.0090     0.1419     0.2657 
           Overlap                
Reduction                  0.0000     0.0000     0.0000     0.0000     0.0000     0.0000     0.0000     0.0000     0.0000     0.0000     0.0000     0.0000     0.0000     0.0000     0.0000     0.0000     0.0000     0.0000 
Shadow                     0.0000     0.0001     0.0000     0.0000     0.0000     0.0000     0.0000     0.0000     0.0000     0.0000     0.0000     0.0000     0.0001     0.0000     0.0000     0.0000     0.0000     0.0000 


-------------------------------------------------------------------------
INTERVAL ( NLINE=42 SOURCE=jac3d.c ) LEVEL=1 SEQ EXE_COUNT=2
--- The main characteristics --- 
Parallelization efficiency      0.8762 
Execution time                  6.1176 
Processors                          18
Threads amount                      18
Total time                    110.1159
Productive time                96.4816 ( CPU= 96.2586 Sys= 0.2231 I/O= 0.0000 )
Lost  time                     13.6343 
   Insufficient parallelism     4.0119 ( User= 0.2195 Sys= 3.7924 )
   Communication                9.4889 ( Real_sync= 0.0000 Starts= 0.0000 )
   Idle time                    0.1334
Load imbalance                  5.4155
Synchronization                 1.2853
Time variation                  1.2164
Overlap                         0.0003
                  Nop   Communic    Synchro  Variation    Overlap 
Reduction          20     6.6004     0.0015     0.0014     0.0001 
Shadow             20     2.8885     1.2838     1.2149     0.0002 
--- The comparative characteristics --- 
                              Tmin N proc      Tmax N proc      Tmid
Lost time                   0.4566     5     2.5920    18     0.7575 
User insufficient par.      0.0096    18     0.0162     9     0.0122 
Sys.insufficient par.       0.0497    18     0.2717    13     0.2107 
Idle time                   0.0000    12     0.0212    10     0.0074 
Communication               0.1827     5     2.5184    18     0.5272 
Synchronization             0.0035     2     0.2630    18     0.0714 
Variation                   0.0011     4     0.2877     1     0.0676 
Overlap                     0.0000     5     0.0001     2     0.0000 
Load imbalance              0.0000     5     2.1354    18     0.3009 
Execution time              6.0963    10     6.1176    12     6.1101 
User CPU time               3.5227    18     5.6477     1     5.3477 
Sys. CPU time               0.0029    18     0.0160    13     0.0124 
Processors                      18     1         18    18         18 
                      Communic          Synchro        Variation          Overlap  
Reduction       Tmin    0.0046     3     0.0000    10     0.0000    10     0.0000     2 
Reduction       Tmax    2.4180    18     0.0001     4     0.0001     4     0.0000    10 
Reduction       Tmid    0.3667           0.0001           0.0001           0.0000       
Shadow          Tmin    0.0586    10     0.0034     2     0.0010     4     0.0000     1 
Shadow          Tmax    0.1903    11     0.2630    18     0.2877     1     0.0001     2 
Shadow          Tmid    0.1605           0.0713           0.0675           0.0000       
--- The execution characteristics --- 
                                1          2          3          4          5          6          7          8          9         10         11         12         13         14         15         16         17         18 
Lost time                  0.4662     0.4882     0.4574     0.4738     0.4566     0.4822     0.4601     0.4966     0.6494     0.7359     0.5445     0.4952     0.5352     0.4912     0.6745     0.6272     2.5083     2.5920 
User insufficient par.     0.0151     0.0107     0.0105     0.0110     0.0101     0.0105     0.0121     0.0117     0.0162     0.0153     0.0133     0.0098     0.0129     0.0101     0.0156     0.0139     0.0110     0.0096 
Sys.insufficient par.      0.0612     0.2557     0.2557     0.2658     0.2632     0.2652     0.2596     0.2661     0.0786     0.0729     0.2529     0.2674     0.2717     0.2489     0.2653     0.2620     0.1306     0.0497 
Idle time                  0.0156     0.0084     0.0012     0.0042     0.0006     0.0052     0.0002     0.0056     0.0173     0.0212     0.0084     0.0000     0.0065     0.0014     0.0115     0.0063     0.0052     0.0144 
Communication              0.3744     0.2133     0.1900     0.1927     0.1827     0.2013     0.1880     0.2132     0.5373     0.6265     0.2698     0.2180     0.2441     0.2308     0.3821     0.3449     2.3615     2.5184 
Synchronization            0.2453     0.0035     0.0240     0.0096     0.0148     0.0143     0.0177     0.0084     0.2255     0.2039     0.0243     0.0043     0.0049     0.0229     0.0133     0.0143     0.1713     0.2630 
Variation                  0.2877     0.0114     0.0053     0.0011     0.0063     0.0034     0.0069     0.0017     0.1642     0.2846     0.0032     0.0035     0.0026     0.0106     0.0071     0.0090     0.1420     0.2658 
Overlap                    0.0000     0.0001     0.0000     0.0000     0.0000     0.0000     0.0000     0.0000     0.0000     0.0000     0.0000     0.0000     0.0001     0.0000     0.0000     0.0000     0.0000     0.0000 
Load imbalance             0.0096     0.0316     0.0008     0.0172     0.0000     0.0256     0.0035     0.0400     0.1928     0.2793     0.0879     0.0386     0.0785     0.0346     0.2179     0.1706     2.0517     2.1354 
Execution time             6.1020     6.1091     6.1163     6.1133     6.1169     6.1124     6.1173     6.1119     6.1002     6.0963     6.1092     6.1176     6.1111     6.1161     6.1060     6.1112     6.1123     6.1032 
User CPU time              5.6477     5.6143     5.6451     5.6281     5.6455     5.6198     5.6422     5.6053     5.4635     5.3773     5.5582     5.6066     5.5664     5.6117     5.4275     5.4750     3.6016     3.5227 
Sys. CPU time              0.0036     0.0150     0.0150     0.0156     0.0155     0.0156     0.0153     0.0157     0.0046     0.0043     0.0149     0.0157     0.0160     0.0146     0.0156     0.0154     0.0077     0.0029 
Processors                     18         18         18         18         18         18         18         18         18         18         18         18         18         18         18         18         18         18 
           Communication          
Reduction                  0.3072     0.0421     0.0046     0.0094     0.0072     0.0239     0.0102     0.0315     0.3636     0.5679     0.0795     0.0367     0.0634     0.0491     0.2068     0.1694     2.2098     2.4180 
Shadow                     0.0671     0.1712     0.1854     0.1833     0.1755     0.1774     0.1779     0.1816     0.1737     0.0586     0.1903     0.1813     0.1806     0.1817     0.1753     0.1755     0.1517     0.1004 
           Synchronization        
Reduction                  0.0001     0.0001     0.0001     0.0001     0.0001     0.0001     0.0001     0.0001     0.0001     0.0000     0.0000     0.0001     0.0000     0.0001     0.0000     0.0001     0.0001     0.0001 
Shadow                     0.2452     0.0034     0.0238     0.0094     0.0147     0.0141     0.0176     0.0083     0.2255     0.2039     0.0243     0.0043     0.0048     0.0228     0.0132     0.0143     0.1712     0.2630 
           Variation              
Reduction                  0.0001     0.0001     0.0001     0.0001     0.0001     0.0001     0.0001     0.0001     0.0001     0.0000     0.0000     0.0001     0.0000     0.0001     0.0000     0.0001     0.0001     0.0000 
Shadow                     0.2877     0.0113     0.0052     0.0010     0.0062     0.0032     0.0068     0.0016     0.1641     0.2846     0.0031     0.0035     0.0025     0.0105     0.0070     0.0090     0.1419     0.2657 
           Overlap                
Reduction                  0.0000     0.0000     0.0000     0.0000     0.0000     0.0000     0.0000     0.0000     0.0000     0.0000     0.0000     0.0000     0.0000     0.0000     0.0000     0.0000     0.0000     0.0000 
Shadow                     0.0000     0.0001     0.0000     0.0000     0.0000     0.0000     0.0000     0.0000     0.0000     0.0000     0.0000     0.0000     0.0001     0.0000     0.0000     0.0000     0.0000     0.0000 


-------------------------------------------------------------------------
Name (number) and performance time of processors
DVM(1) 1.029266
DVM(2) 1.029089
DVM(3) 1.028901
DVM(4) 1.028918
DVM(5) 1.028510
DVM(6) 1.028531
DVM(7) 1.029384
DVM(8) 1.029363
DVM(9) 1.029355
DVM(10) 1.029363
DVM(11) 1.029324
DVM(12) 1.029306
DVM(13) 1.028785
DVM(14) 1.028773
DVM(15) 1.028644
DVM(16) 1.028636
DVM(17) 1.028582
DVM(18) 1.028566
min - DVM(5) 1.028510; max - DVM(7) 1.029384; mid - 1.028961
