Processor system=5*2*2
Statistics has been accumulated on DVM-system version 5.0, platform DVM
Analyzer is executing on DVM-system version 5.0, platform DVM
-------------------------------------------------------------------------
INTERVAL ( NLINE=20 SOURCE=jac3d.c ) LEVEL=0  EXE_COUNT=2
--- The main characteristics --- 
Parallelization efficiency      0.7045 
Execution time                 10.4366 
Processors                          20
Threads amount                      20
Total time                    208.7315
Productive time               147.0475 ( CPU= 146.7330 Sys= 0.3145 I/O= 0.0000 )
Lost  time                     61.6840 
   Insufficient parallelism    56.3044 ( User= 50.3285 Sys= 5.9759 )
   Communication                5.1351 ( Real_sync= 0.0000 Starts= 0.0000 )
   Idle time                    0.2445
Load imbalance                  4.1901
Synchronization                 0.6218
Time variation                  1.3634
Overlap                         0.0002
                  Nop   Communic    Synchro  Variation    Overlap 
Reduction          21     3.9950     0.0016     0.0015     0.0001 
Shadow             21     1.1401     0.6202     1.3619     0.0001 
--- The comparative characteristics --- 
                              Tmin N proc      Tmax N proc      Tmid
Lost time                   2.8747     2     3.3895    18     3.0842 
User insufficient par.      2.5066    11     2.5344    20     2.5164 
Sys.insufficient par.       0.2578    19     0.3316    16     0.2988 
Idle time                   0.0000    10     0.0159    20     0.0122 
Communication               0.0748     1     0.5926    19     0.2568 
Synchronization             0.0079    16     0.0694    20     0.0311 
Variation                   0.0231     6     0.1261    20     0.0682 
Overlap                     0.0000     1     0.0000    16     0.0000 
Load imbalance              0.0000     2     0.5148    18     0.2095 
Execution time             10.4207    20    10.4366    10    10.4244 
User CPU time               7.0334    18     7.5479     2     7.3366 
Sys. CPU time               0.0136    19     0.0175    16     0.0157 
Processors                      20     1         20    20         20 
                      Communic          Synchro        Variation          Overlap  
Reduction       Tmin    0.0071    14     0.0000    19     0.0000    20     0.0000     1 
Reduction       Tmax    0.5505    19     0.0001    14     0.0001    14     0.0000    19 
Reduction       Tmid    0.1998           0.0001           0.0001           0.0000       
Shadow          Tmin    0.0376    20     0.0079    16     0.0230     6     0.0000     1 
Shadow          Tmax    0.0741    12     0.0694    20     0.1260    20     0.0000    16 
Shadow          Tmid    0.0570           0.0310           0.0681           0.0000       
--- The execution characteristics --- 
                                1          2          3          4          5          6          7          8          9         10         11         12         13         14         15         16         17         18         19         20 
Lost time                  2.8798     2.8747     2.8778     2.9086     3.0619     3.0237     3.0347     3.3508     3.3635     3.3020     2.9307     2.9247     2.9297     2.9285     3.0766     3.0325     3.0412     3.3895     3.3886     3.3643 
User insufficient par.     2.5240     2.5074     2.5108     2.5126     2.5113     2.5114     2.5084     2.5191     2.5237     2.5317     2.5066     2.5135     2.5083     2.5108     2.5183     2.5088     2.5158     2.5275     2.5242     2.5344 
Sys.insufficient par.      0.2671     0.2658     0.2672     0.2679     0.3301     0.3263     0.3220     0.3179     0.3102     0.3166     0.3213     0.3177     0.3276     0.3286     0.3179     0.3316     0.2645     0.2592     0.2578     0.2586 
Idle time                  0.0139     0.0129     0.0108     0.0108     0.0118     0.0108     0.0132     0.0145     0.0147     0.0000     0.0142     0.0108     0.0108     0.0137     0.0150     0.0126     0.0134     0.0108     0.0141     0.0159 
Communication              0.0748     0.0886     0.0891     0.1172     0.2088     0.1752     0.1910     0.4993     0.5148     0.4536     0.0886     0.0828     0.0831     0.0754     0.2255     0.1795     0.2475     0.5921     0.5926     0.5553 
Synchronization            0.0471     0.0473     0.0459     0.0458     0.0084     0.0083     0.0159     0.0180     0.0264     0.0218     0.0131     0.0162     0.0116     0.0090     0.0103     0.0079     0.0658     0.0656     0.0679     0.0694 
Variation                  0.1127     0.1119     0.1108     0.1119     0.0281     0.0231     0.0453     0.0501     0.0507     0.0449     0.0336     0.0325     0.0334     0.0252     0.0273     0.0288     0.1211     0.1223     0.1238     0.1261 
Overlap                    0.0000     0.0000     0.0000     0.0000     0.0000     0.0000     0.0000     0.0000     0.0000     0.0000     0.0000     0.0000     0.0000     0.0000     0.0000     0.0000     0.0000     0.0000     0.0000     0.0000 
Load imbalance             0.0051     0.0000     0.0031     0.0339     0.1872     0.1490     0.1600     0.4761     0.4888     0.4273     0.0560     0.0500     0.0550     0.0538     0.2020     0.1578     0.1665     0.5148     0.5140     0.4896 
Execution time            10.4226    10.4237    10.4258    10.4258    10.4248    10.4258    10.4234    10.4221    10.4219    10.4366    10.4224    10.4258    10.4258    10.4229    10.4216    10.4239    10.4232    10.4258    10.4225    10.4207 
User CPU time              7.5427     7.5479     7.5447     7.5139     7.3573     7.3957     7.3850     7.0690     7.0568     7.1179     7.4889     7.4951     7.4896     7.4907     7.3432     7.3866     7.3815     7.0334     7.0344     7.0587 
Sys. CPU time              0.0141     0.0140     0.0141     0.0141     0.0174     0.0172     0.0169     0.0167     0.0163     0.0167     0.0169     0.0167     0.0172     0.0173     0.0167     0.0175     0.0139     0.0136     0.0136     0.0136 
Processors                     20         20         20         20         20         20         20         20         20         20         20         20         20         20         20         20         20         20         20         20 
           Communication          
Reduction                  0.0291     0.0401     0.0403     0.0708     0.1448     0.1019     0.1352     0.4440     0.4525     0.3906     0.0212     0.0086     0.0207     0.0071     0.1515     0.1175     0.2050     0.5459     0.5505     0.5177 
Shadow                     0.0457     0.0485     0.0488     0.0465     0.0640     0.0733     0.0559     0.0553     0.0624     0.0631     0.0674     0.0741     0.0624     0.0683     0.0740     0.0620     0.0424     0.0462     0.0420     0.0376 
           Synchronization        
Reduction                  0.0001     0.0001     0.0001     0.0001     0.0001     0.0001     0.0001     0.0000     0.0001     0.0001     0.0001     0.0001     0.0001     0.0001     0.0001     0.0001     0.0000     0.0000     0.0000     0.0000 
Shadow                     0.0469     0.0472     0.0458     0.0458     0.0083     0.0082     0.0158     0.0179     0.0263     0.0218     0.0130     0.0160     0.0115     0.0088     0.0102     0.0079     0.0658     0.0656     0.0679     0.0694 
           Variation              
Reduction                  0.0001     0.0001     0.0001     0.0001     0.0001     0.0001     0.0001     0.0000     0.0001     0.0001     0.0001     0.0001     0.0001     0.0001     0.0001     0.0001     0.0000     0.0000     0.0000     0.0000 
Shadow                     0.1125     0.1118     0.1107     0.1118     0.0280     0.0230     0.0453     0.0500     0.0506     0.0448     0.0335     0.0324     0.0333     0.0250     0.0272     0.0287     0.1211     0.1223     0.1238     0.1260 
           Overlap                
Reduction                  0.0000     0.0000     0.0000     0.0000     0.0000     0.0000     0.0000     0.0000     0.0000     0.0000     0.0000     0.0000     0.0000     0.0000     0.0000     0.0000     0.0000     0.0000     0.0000     0.0000 
Shadow                     0.0000     0.0000     0.0000     0.0000     0.0000     0.0000     0.0000     0.0000     0.0000     0.0000     0.0000     0.0000     0.0000     0.0000     0.0000     0.0000     0.0000     0.0000     0.0000     0.0000 


-------------------------------------------------------------------------
INTERVAL ( NLINE=42 SOURCE=jac3d.c ) LEVEL=1 SEQ EXE_COUNT=2
--- The main characteristics --- 
Parallelization efficiency      0.9307 
Execution time                  7.5925 
Processors                          20
Threads amount                      20
Total time                    151.8510
Productive time               141.3217 ( CPU= 141.0605 Sys= 0.2611 I/O= 0.0000 )
Lost  time                     10.5293 
   Insufficient parallelism     5.2476 ( User= 0.2860 Sys= 4.9616 )
   Communication                5.1351 ( Real_sync= 0.0000 Starts= 0.0000 )
   Idle time                    0.1466
Load imbalance                  4.2124
Synchronization                 0.6218
Time variation                  1.3634
Overlap                         0.0002
                  Nop   Communic    Synchro  Variation    Overlap 
Reduction          21     3.9950     0.0016     0.0015     0.0001 
Shadow             21     1.1401     0.6202     1.3619     0.0001 
--- The comparative characteristics --- 
                              Tmin N proc      Tmax N proc      Tmid
Lost time                   0.3158     2     0.8327    18     0.5265 
User insufficient par.      0.0105     7     0.0308     1     0.0143 
Sys.insufficient par.       0.2072    18     0.2801    16     0.2481 
Idle time                   0.0000     1     0.0202    18     0.0073 
Communication               0.0748     1     0.5926    19     0.2568 
Synchronization             0.0079    16     0.0694    20     0.0311 
Variation                   0.0231     6     0.1261    20     0.0682 
Overlap                     0.0000     1     0.0000    16     0.0000 
Load imbalance              0.0000     2     0.5168    18     0.2106 
Execution time              7.5724    18     7.5925     1     7.5852 
User CPU time               6.7490    18     7.2654     2     7.0530 
Sys. CPU time               0.0109    18     0.0147    16     0.0131 
Processors                      20     1         20    20         20 
                      Communic          Synchro        Variation          Overlap  
Reduction       Tmin    0.0071    14     0.0000    19     0.0000    20     0.0000     1 
Reduction       Tmax    0.5505    19     0.0001    14     0.0001    14     0.0000    19 
Reduction       Tmid    0.1998           0.0001           0.0001           0.0000       
Shadow          Tmin    0.0376    20     0.0079    16     0.0230     6     0.0000     1 
Shadow          Tmax    0.0741    12     0.0694    20     0.1260    20     0.0000    16 
Shadow          Tmid    0.0570           0.0310           0.0681           0.0000       
--- The execution characteristics --- 
                                1          2          3          4          5          6          7          8          9         10         11         12         13         14         15         16         17         18         19         20 
Lost time                  0.3213     0.3158     0.3216     0.3549     0.5027     0.4665     0.4749     0.7938     0.8060     0.7467     0.3712     0.3699     0.3741     0.3707     0.5171     0.4729     0.4816     0.8327     0.8298     0.8051 
User insufficient par.     0.0308     0.0122     0.0135     0.0143     0.0112     0.0116     0.0105     0.0122     0.0152     0.0126     0.0114     0.0163     0.0116     0.0147     0.0155     0.0113     0.0164     0.0132     0.0116     0.0199 
Sys.insufficient par.      0.2157     0.2140     0.2153     0.2167     0.2791     0.2749     0.2703     0.2670     0.2608     0.2648     0.2702     0.2662     0.2755     0.2786     0.2716     0.2801     0.2128     0.2072     0.2090     0.2119 
Idle time                  0.0000     0.0010     0.0037     0.0066     0.0037     0.0048     0.0031     0.0153     0.0151     0.0156     0.0009     0.0045     0.0039     0.0020     0.0045     0.0021     0.0049     0.0202     0.0166     0.0179 
Communication              0.0748     0.0886     0.0891     0.1172     0.2088     0.1752     0.1910     0.4993     0.5148     0.4536     0.0886     0.0828     0.0831     0.0754     0.2255     0.1795     0.2475     0.5921     0.5926     0.5553 
Synchronization            0.0471     0.0473     0.0459     0.0458     0.0084     0.0083     0.0159     0.0180     0.0264     0.0218     0.0131     0.0162     0.0116     0.0090     0.0103     0.0079     0.0658     0.0656     0.0679     0.0694 
Variation                  0.1127     0.1119     0.1108     0.1119     0.0281     0.0231     0.0453     0.0501     0.0507     0.0449     0.0336     0.0325     0.0334     0.0252     0.0273     0.0288     0.1211     0.1223     0.1238     0.1261 
Overlap                    0.0000     0.0000     0.0000     0.0000     0.0000     0.0000     0.0000     0.0000     0.0000     0.0000     0.0000     0.0000     0.0000     0.0000     0.0000     0.0000     0.0000     0.0000     0.0000     0.0000 
Load imbalance             0.0054     0.0000     0.0058     0.0390     0.1868     0.1506     0.1591     0.4780     0.4901     0.4308     0.0553     0.0540     0.0583     0.0549     0.2012     0.1571     0.1657     0.5168     0.5140     0.4893 
Execution time             7.5925     7.5915     7.5888     7.5860     7.5889     7.5877     7.5895     7.5772     7.5774     7.5769     7.5917     7.5880     7.5887     7.5905     7.5881     7.5905     7.5876     7.5724     7.5759     7.5746 
User CPU time              7.2599     7.2654     7.2596     7.2263     7.0752     7.1116     7.1034     6.7847     6.7728     6.8320     7.2072     7.2087     7.2039     7.2072     7.0612     7.1049     7.0998     6.7490     6.7517     6.7763 
Sys. CPU time              0.0114     0.0113     0.0113     0.0114     0.0147     0.0145     0.0142     0.0141     0.0137     0.0139     0.0142     0.0140     0.0145     0.0147     0.0143     0.0147     0.0112     0.0109     0.0110     0.0112 
Processors                     20         20         20         20         20         20         20         20         20         20         20         20         20         20         20         20         20         20         20         20 
           Communication          
Reduction                  0.0291     0.0401     0.0403     0.0708     0.1448     0.1019     0.1352     0.4440     0.4525     0.3906     0.0212     0.0086     0.0207     0.0071     0.1515     0.1175     0.2050     0.5459     0.5505     0.5177 
Shadow                     0.0457     0.0485     0.0488     0.0465     0.0640     0.0733     0.0559     0.0553     0.0624     0.0631     0.0674     0.0741     0.0624     0.0683     0.0740     0.0620     0.0424     0.0462     0.0420     0.0376 
           Synchronization        
Reduction                  0.0001     0.0001     0.0001     0.0001     0.0001     0.0001     0.0001     0.0000     0.0001     0.0001     0.0001     0.0001     0.0001     0.0001     0.0001     0.0001     0.0000     0.0000     0.0000     0.0000 
Shadow                     0.0469     0.0472     0.0458     0.0458     0.0083     0.0082     0.0158     0.0179     0.0263     0.0218     0.0130     0.0160     0.0115     0.0088     0.0102     0.0079     0.0658     0.0656     0.0679     0.0694 
           Variation              
Reduction                  0.0001     0.0001     0.0001     0.0001     0.0001     0.0001     0.0001     0.0000     0.0001     0.0001     0.0001     0.0001     0.0001     0.0001     0.0001     0.0001     0.0000     0.0000     0.0000     0.0000 
Shadow                     0.1125     0.1118     0.1107     0.1118     0.0280     0.0230     0.0453     0.0500     0.0506     0.0448     0.0335     0.0324     0.0333     0.0250     0.0272     0.0287     0.1211     0.1223     0.1238     0.1260 
           Overlap                
Reduction                  0.0000     0.0000     0.0000     0.0000     0.0000     0.0000     0.0000     0.0000     0.0000     0.0000     0.0000     0.0000     0.0000     0.0000     0.0000     0.0000     0.0000     0.0000     0.0000     0.0000 
Shadow                     0.0000     0.0000     0.0000     0.0000     0.0000     0.0000     0.0000     0.0000     0.0000     0.0000     0.0000     0.0000     0.0000     0.0000     0.0000     0.0000     0.0000     0.0000     0.0000     0.0000 


-------------------------------------------------------------------------
Name (number) and performance time of processors
DVM(1) 1.028930
DVM(2) 1.028703
DVM(3) 1.028813
DVM(4) 1.029851
DVM(5) 1.029030
DVM(6) 1.029070
DVM(7) 1.028024
DVM(8) 1.038537
DVM(9) 1.029048
DVM(10) 1.029042
DVM(11) 1.028970
DVM(12) 1.028956
DVM(13) 1.028855
DVM(14) 1.028845
DVM(15) 1.028631
DVM(16) 1.028733
DVM(17) 1.029287
DVM(18) 1.029285
DVM(19) 1.030897
DVM(20) 1.029195
min - DVM(7) 1.028024; max - DVM(8) 1.038537; mid - 1.029535
