Processor system=1*8*2
Statistics has been accumulated on DVM-system version 5.0, platform DVM
Analyzer is executing on DVM-system version 5.0, platform DVM
-------------------------------------------------------------------------
INTERVAL ( NLINE=20 SOURCE=jac3d.c ) LEVEL=0  EXE_COUNT=1
--- The main characteristics --- 
Parallelization efficiency      0.5935 
Execution time                  8.8324 
Processors                          16
Threads amount                      16
Total time                    141.3190
Productive time                83.8691 ( CPU= 83.4548 Sys= 0.4143 I/O= 0.0000 )
Lost  time                     57.4499 
   Insufficient parallelism    46.8761 ( User= 40.6615 Sys= 6.2146 )
   Communication               10.5205 ( Real_sync= 0.0000 Starts= 0.0000 )
   Idle time                    0.0533
Load imbalance                  6.6253
Synchronization                 1.7025
Time variation                  2.0993
Overlap                         0.0002
                  Nop   Communic    Synchro  Variation    Overlap 
Reduction          20     8.4035     0.0011     0.0011     0.0000 
Shadow             20     2.1169     1.7014     2.0982     0.0001 
--- The comparative characteristics --- 
                              Tmin N proc      Tmax N proc      Tmid
Lost time                   3.1765     3     4.8041    15     3.5906 
User insufficient par.      2.5248     3     2.5831    15     2.5413 
Sys.insufficient par.       0.1364    15     0.4847    12     0.3884 
Idle time                   0.0000     6     0.0078    13     0.0033 
Communication               0.1689     3     2.0768    15     0.6575 
Synchronization             0.0019     7     0.3004    15     0.1064 
Variation                   0.0029     4     0.4561    15     0.1312 
Overlap                     0.0000     1     0.0001     4     0.0000 
Load imbalance              0.0000     3     1.6276    15     0.4141 
Execution time              8.8246    13     8.8324     6     8.8291 
User CPU time               4.0192    15     5.6238     3     5.2159 
Sys. CPU time               0.0091    15     0.0323    12     0.0259 
Processors                      16     1         16    16         16 
                      Communic          Synchro        Variation          Overlap  
Reduction       Tmin    0.0011     3     0.0000    16     0.0000    16     0.0000     1 
Reduction       Tmax    2.0224    15     0.0001     3     0.0001     3     0.0000    16 
Reduction       Tmid    0.5252           0.0001           0.0001           0.0000       
Shadow          Tmin    0.0493     1     0.0018     7     0.0028     4     0.0000     1 
Shadow          Tmax    0.1745     9     0.3004    15     0.4560    15     0.0001     4 
Shadow          Tmid    0.1323           0.1063           0.1311           0.0000       
--- The execution characteristics --- 
                                1          2          3          4          5          6          7          8          9         10         11         12         13         14         15         16 
Lost time                  3.2759     3.2844     3.1765     3.1825     3.2034     3.2031     3.1884     3.1801     3.2403     3.2519     3.1942     3.1926     4.6397     4.6844     4.8041     4.7484 
User insufficient par.     2.5422     2.5423     2.5248     2.5258     2.5281     2.5291     2.5280     2.5256     2.5286     2.5338     2.5281     2.5258     2.5673     2.5696     2.5831     2.5794 
Sys.insufficient par.      0.2929     0.2932     0.4813     0.4834     0.4703     0.4714     0.4846     0.4803     0.4817     0.4794     0.4779     0.4847     0.2778     0.2777     0.1364     0.1415 
Idle time                  0.0065     0.0061     0.0015     0.0008     0.0000     0.0000     0.0015     0.0015     0.0015     0.0004     0.0015     0.0015     0.0078     0.0078     0.0078     0.0070 
Communication              0.4343     0.4429     0.1689     0.1725     0.2050     0.2026     0.1742     0.1727     0.2286     0.2382     0.1867     0.1805     1.7867     1.8292     2.0768     2.0205 
Synchronization            0.2281     0.2287     0.0030     0.0033     0.0162     0.0155     0.0019     0.0095     0.0592     0.0642     0.0046     0.0031     0.2333     0.2325     0.3004     0.2991 
Variation                  0.2985     0.2981     0.0045     0.0029     0.0214     0.0241     0.0057     0.0069     0.0033     0.0057     0.0115     0.0092     0.2506     0.2485     0.4561     0.4523 
Overlap                    0.0000     0.0000     0.0000     0.0001     0.0000     0.0000     0.0000     0.0000     0.0000     0.0000     0.0000     0.0000     0.0000     0.0000     0.0000     0.0000 
Load imbalance             0.0994     0.1079     0.0000     0.0059     0.0268     0.0266     0.0118     0.0035     0.0638     0.0753     0.0176     0.0160     1.4632     1.5079     1.6276     1.5719 
Execution time             8.8259     8.8263     8.8309     8.8317     8.8324     8.8324     8.8310     8.8309     8.8310     8.8321     8.8309     8.8310     8.8246     8.8246     8.8246     8.8254 
User CPU time              5.5370     5.5285     5.6238     5.6178     5.5977     5.5979     5.6118     5.6203     5.5600     5.5486     5.6064     5.6076     4.1742     4.1295     4.0192     4.0746 
Sys. CPU time              0.0195     0.0195     0.0321     0.0322     0.0314     0.0314     0.0323     0.0320     0.0321     0.0320     0.0319     0.0323     0.0185     0.0185     0.0091     0.0094 
Processors                     16         16         16         16         16         16         16         16         16         16         16         16         16         16         16         16 
           Communication          
Reduction                  0.3850     0.3926     0.0011     0.0018     0.0431     0.0440     0.0087     0.0049     0.0541     0.0645     0.0260     0.0199     1.6630     1.7043     2.0224     1.9682 
Shadow                     0.0493     0.0503     0.1678     0.1707     0.1619     0.1586     0.1656     0.1678     0.1745     0.1737     0.1607     0.1606     0.1237     0.1249     0.0544     0.0523 
           Synchronization        
Reduction                  0.0001     0.0001     0.0001     0.0001     0.0001     0.0001     0.0001     0.0001     0.0001     0.0000     0.0001     0.0001     0.0001     0.0000     0.0000     0.0000 
Shadow                     0.2281     0.2286     0.0029     0.0032     0.0161     0.0155     0.0018     0.0094     0.0591     0.0641     0.0045     0.0030     0.2332     0.2324     0.3004     0.2991 
           Variation              
Reduction                  0.0001     0.0001     0.0001     0.0001     0.0001     0.0001     0.0001     0.0001     0.0001     0.0001     0.0001     0.0001     0.0001     0.0000     0.0000     0.0000 
Shadow                     0.2985     0.2980     0.0045     0.0028     0.0213     0.0240     0.0057     0.0068     0.0032     0.0056     0.0114     0.0091     0.2505     0.2485     0.4560     0.4523 
           Overlap                
Reduction                  0.0000     0.0000     0.0000     0.0000     0.0000     0.0000     0.0000     0.0000     0.0000     0.0000     0.0000     0.0000     0.0000     0.0000     0.0000     0.0000 
Shadow                     0.0000     0.0000     0.0000     0.0001     0.0000     0.0000     0.0000     0.0000     0.0000     0.0000     0.0000     0.0000     0.0000     0.0000     0.0000     0.0000 


-------------------------------------------------------------------------
INTERVAL ( NLINE=42 SOURCE=jac3d.c ) LEVEL=1 SEQ EXE_COUNT=1
--- The main characteristics --- 
Parallelization efficiency      0.8255 
Execution time                  5.9484 
Processors                          16
Threads amount                      16
Total time                     95.1744
Productive time                78.5711 ( CPU= 78.2063 Sys= 0.3648 I/O= 0.0000 )
Lost  time                     16.6033 
   Insufficient parallelism     5.6418 ( User= 0.1698 Sys= 5.4720 )
   Communication               10.5205 ( Real_sync= 0.0000 Starts= 0.0000 )
   Idle time                    0.4410
Load imbalance                  6.3036
Synchronization                 1.7025
Time variation                  2.0993
Overlap                         0.0002
                  Nop   Communic    Synchro  Variation    Overlap 
Reduction          20     8.4035     0.0011     0.0011     0.0000 
Shadow             20     2.1169     1.7014     2.0982     0.0001 
--- The comparative characteristics --- 
                              Tmin N proc      Tmax N proc      Tmid
Lost time                   0.6437     3     2.2006    15     1.0377 
User insufficient par.      0.0078    16     0.0153    10     0.0106 
Sys.insufficient par.       0.0940    15     0.4369    12     0.3420 
Idle time                   0.0000    13     0.0420     2     0.0276 
Communication               0.1689     3     2.0768    15     0.6575 
Synchronization             0.0019     7     0.3004    15     0.1064 
Variation                   0.0029     4     0.4561    15     0.1312 
Overlap                     0.0000     1     0.0001     4     0.0000 
Load imbalance              0.0000     3     1.5569    15     0.3940 
Execution time              5.9064     2     5.9484    13     5.9208 
User CPU time               3.7415    15     5.2758     3     4.8879 
Sys. CPU time               0.0063    15     0.0291    12     0.0228 
Processors                      16     1         16    16         16 
                      Communic          Synchro        Variation          Overlap  
Reduction       Tmin    0.0011     3     0.0000    16     0.0000    16     0.0000     1 
Reduction       Tmax    2.0224    15     0.0001     3     0.0001     3     0.0000    16 
Reduction       Tmid    0.5252           0.0001           0.0001           0.0000       
Shadow          Tmin    0.0493     1     0.0018     7     0.0028     4     0.0000     1 
Shadow          Tmax    0.1745     9     0.3004    15     0.4560    15     0.0001     4 
Shadow          Tmid    0.1323           0.1063           0.1311           0.0000       
--- The execution characteristics --- 
                                1          2          3          4          5          6          7          8          9         10         11         12         13         14         15         16 
Lost time                  0.7373     0.7460     0.6437     0.6494     0.6671     0.6672     0.6536     0.6464     0.7034     0.7151     0.6597     0.6582     2.0325     2.0778     2.2006     2.1453 
User insufficient par.     0.0142     0.0139     0.0085     0.0088     0.0097     0.0106     0.0116     0.0090     0.0113     0.0153     0.0097     0.0085     0.0096     0.0107     0.0106     0.0078 
Sys.insufficient par.      0.2470     0.2471     0.4329     0.4349     0.4218     0.4229     0.4363     0.4320     0.4333     0.4312     0.4309     0.4369     0.2362     0.2360     0.0940     0.0987 
Idle time                  0.0418     0.0420     0.0334     0.0332     0.0307     0.0310     0.0314     0.0327     0.0302     0.0305     0.0325     0.0322     0.0000     0.0019     0.0192     0.0183 
Communication              0.4343     0.4429     0.1689     0.1725     0.2050     0.2026     0.1742     0.1727     0.2286     0.2382     0.1867     0.1805     1.7867     1.8292     2.0768     2.0205 
Synchronization            0.2281     0.2287     0.0030     0.0033     0.0162     0.0155     0.0019     0.0095     0.0592     0.0642     0.0046     0.0031     0.2333     0.2325     0.3004     0.2991 
Variation                  0.2985     0.2981     0.0045     0.0029     0.0214     0.0241     0.0057     0.0069     0.0033     0.0057     0.0115     0.0092     0.2506     0.2485     0.4561     0.4523 
Overlap                    0.0000     0.0000     0.0000     0.0001     0.0000     0.0000     0.0000     0.0000     0.0000     0.0000     0.0000     0.0000     0.0000     0.0000     0.0000     0.0000 
Load imbalance             0.0936     0.1023     0.0000     0.0056     0.0234     0.0234     0.0099     0.0027     0.0596     0.0714     0.0160     0.0144     1.3887     1.4341     1.5569     1.5016 
Execution time             5.9066     5.9064     5.9150     5.9152     5.9177     5.9174     5.9170     5.9157     5.9182     5.9179     5.9159     5.9162     5.9484     5.9465     5.9292     5.9301 
User CPU time              5.1946     5.1859     5.2758     5.2700     5.2532     5.2530     5.2657     5.2732     5.2161     5.2045     5.2600     5.2611     3.9002     3.8548     3.7415     3.7965 
Sys. CPU time              0.0165     0.0165     0.0289     0.0290     0.0281     0.0282     0.0291     0.0288     0.0289     0.0287     0.0287     0.0291     0.0157     0.0157     0.0063     0.0066 
Processors                     16         16         16         16         16         16         16         16         16         16         16         16         16         16         16         16 
           Communication          
Reduction                  0.3850     0.3926     0.0011     0.0018     0.0431     0.0440     0.0087     0.0049     0.0541     0.0645     0.0260     0.0199     1.6630     1.7043     2.0224     1.9682 
Shadow                     0.0493     0.0503     0.1678     0.1707     0.1619     0.1586     0.1656     0.1678     0.1745     0.1737     0.1607     0.1606     0.1237     0.1249     0.0544     0.0523 
           Synchronization        
Reduction                  0.0001     0.0001     0.0001     0.0001     0.0001     0.0001     0.0001     0.0001     0.0001     0.0000     0.0001     0.0001     0.0001     0.0000     0.0000     0.0000 
Shadow                     0.2281     0.2286     0.0029     0.0032     0.0161     0.0155     0.0018     0.0094     0.0591     0.0641     0.0045     0.0030     0.2332     0.2324     0.3004     0.2991 
           Variation              
Reduction                  0.0001     0.0001     0.0001     0.0001     0.0001     0.0001     0.0001     0.0001     0.0001     0.0001     0.0001     0.0001     0.0001     0.0000     0.0000     0.0000 
Shadow                     0.2985     0.2980     0.0045     0.0028     0.0213     0.0240     0.0057     0.0068     0.0032     0.0056     0.0114     0.0091     0.2505     0.2485     0.4560     0.4523 
           Overlap                
Reduction                  0.0000     0.0000     0.0000     0.0000     0.0000     0.0000     0.0000     0.0000     0.0000     0.0000     0.0000     0.0000     0.0000     0.0000     0.0000     0.0000 
Shadow                     0.0000     0.0000     0.0000     0.0001     0.0000     0.0000     0.0000     0.0000     0.0000     0.0000     0.0000     0.0000     0.0000     0.0000     0.0000     0.0000 


-------------------------------------------------------------------------
Name (number) and performance time of processors
DVM(1) 1.029726
DVM(2) 1.029586
DVM(3) 1.029219
DVM(4) 1.029225
DVM(5) 1.028909
DVM(6) 1.028888
DVM(7) 1.029512
DVM(8) 1.029502
DVM(9) 1.028963
DVM(10) 1.028993
DVM(11) 1.028880
DVM(12) 1.028848
DVM(13) 1.028924
DVM(14) 1.028951
DVM(15) 1.028717
DVM(16) 1.028792
min - DVM(15) 1.028717; max - DVM(1) 1.029726; mid - 1.029102
