Processor system=2*3*3
Statistics has been accumulated on DVM-system version 5.0, platform DVM
Analyzer is executing on DVM-system version 5.0, platform DVM
-------------------------------------------------------------------------
INTERVAL ( NLINE=20 SOURCE=jac3d.c ) LEVEL=0  EXE_COUNT=2
--- The main characteristics --- 
Parallelization efficiency      0.5885 
Execution time                  8.9601 
Processors                          18
Threads amount                      18
Total time                    161.2822
Productive time                94.9082 ( CPU= 94.4036 Sys= 0.5046 I/O= 0.0000 )
Lost  time                     66.3740 
   Insufficient parallelism    54.4539 ( User= 45.8762 Sys= 8.5777 )
   Communication               11.8880 ( Real_sync= 0.0000 Starts= 0.0000 )
   Idle time                    0.0321
Load imbalance                  8.6291
Synchronization                 6.4833
Time variation                  9.9808
Overlap                         0.0003
                  Nop   Communic    Synchro  Variation    Overlap 
Reduction          20     9.6485     0.0013     0.0013     0.0001 
Shadow             20     2.2395     6.4820     9.9795     0.0002 
--- The comparative characteristics --- 
                              Tmin N proc      Tmax N proc      Tmid
Lost time                   3.2080     4     5.2708    18     3.6874 
User insufficient par.      2.5326     8     2.5931    18     2.5487 
Sys.insufficient par.       0.1604    18     1.0406     5     0.4765 
Idle time                   0.0000     3     0.0051    17     0.0018 
Communication               0.0844     5     2.5122    18     0.6604 
Synchronization             0.0001     5     0.5146    18     0.3602 
Variation                   0.0001     5     0.9369     1     0.5545 
Overlap                     0.0000     1     0.0002     5     0.0000 
Load imbalance              0.0000     4     2.0627    18     0.4794 
Execution time              8.9550    17     8.9601     3     8.9583 
User CPU time               3.6799    18     5.7354     4     5.2446 
Sys. CPU time               0.0094    18     0.0612     5     0.0280 
Processors                      18     1         18    18         18 
                      Communic          Synchro        Variation          Overlap  
Reduction       Tmin    0.0003     5     0.0000    16     0.0000    16     0.0000     1 
Reduction       Tmax    2.4239    18     0.0001     5     0.0001     5     0.0000    16 
Reduction       Tmid    0.5360           0.0001           0.0001           0.0000       
Shadow          Tmin    0.0216     1     0.0000     5     0.0000     5     0.0000     1 
Shadow          Tmax    0.3696    12     0.5146    18     0.9368     1     0.0002     5 
Shadow          Tmid    0.1244           0.3601           0.5544           0.0000       
--- The execution characteristics --- 
                                1          2          3          4          5          6          7          8          9         10         11         12         13         14         15         16         17         18 
Lost time                  3.5707     3.5055     3.3268     3.2080     3.6598     3.3636     3.6704     3.5320     3.3424     3.5687     3.6094     3.3897     3.6750     3.5782     3.4297     3.6020     5.0711     5.2708 
User insufficient par.     2.5684     2.5376     2.5381     2.5474     2.5348     2.5334     2.5621     2.5326     2.5365     2.5562     2.5337     2.5374     2.5633     2.5336     2.5386     2.5548     2.5749     2.5931 
Sys.insufficient par.      0.2124     0.8560     0.3776     0.2831     1.0406     0.4208     0.2135     0.8759     0.3747     0.2585     0.9840     0.3898     0.2189     0.9066     0.3948     0.2705     0.3397     0.1604 
Idle time                  0.0027     0.0020     0.0000     0.0022     0.0000     0.0000     0.0031     0.0000     0.0039     0.0043     0.0000     0.0000     0.0035     0.0000     0.0000     0.0000     0.0051     0.0051 
Communication              0.7872     0.1100     0.4111     0.3754     0.0844     0.4094     0.8917     0.1235     0.4273     0.7497     0.0917     0.4625     0.8894     0.1379     0.4964     0.7767     2.1515     2.5122 
Synchronization            0.4625     0.1789     0.4460     0.4509     0.0001     0.4375     0.4673     0.1735     0.4531     0.4709     0.0441     0.4604     0.4542     0.1490     0.4359     0.4663     0.4180     0.5146 
Variation                  0.9369     0.2169     0.5283     0.8454     0.0001     0.3697     0.9315     0.2024     0.5261     0.8824     0.0776     0.4036     0.9220     0.1518     0.5142     0.8689     0.6835     0.9195 
Overlap                    0.0000     0.0000     0.0000     0.0000     0.0002     0.0000     0.0000     0.0000     0.0000     0.0000     0.0000     0.0000     0.0000     0.0000     0.0000     0.0000     0.0000     0.0000 
Load imbalance             0.3626     0.2975     0.1187     0.0000     0.4517     0.1555     0.4624     0.3240     0.1344     0.3606     0.4014     0.1816     0.4670     0.3701     0.2217     0.3940     1.8631     2.0627 
Execution time             8.9574     8.9582     8.9601     8.9579     8.9601     8.9601     8.9570     8.9601     8.9562     8.9558     8.9601     8.9601     8.9566     8.9601     8.9601     8.9601     8.9550     8.9550 
User CPU time              5.3769     5.4042     5.6111     5.7354     5.2391     5.5718     5.2771     5.3766     5.5957     5.3762     5.2928     5.5475     5.2722     5.3286     5.5072     5.3422     3.8690     3.6799 
Sys. CPU time              0.0125     0.0504     0.0222     0.0167     0.0612     0.0248     0.0126     0.0515     0.0220     0.0152     0.0579     0.0229     0.0129     0.0533     0.0232     0.0159     0.0200     0.0094 
Processors                     18         18         18         18         18         18         18         18         18         18         18         18         18         18         18         18         18         18 
           Communication          
Reduction                  0.7656     0.0484     0.1538     0.3355     0.0003     0.0403     0.8679     0.0694     0.1669     0.7244     0.0258     0.0929     0.8617     0.0647     0.2435     0.7484     2.0150     2.4239 
Shadow                     0.0216     0.0616     0.2573     0.0399     0.0841     0.3691     0.0238     0.0541     0.2604     0.0253     0.0659     0.3696     0.0277     0.0732     0.2529     0.0283     0.1365     0.0882 
           Synchronization        
Reduction                  0.0001     0.0001     0.0001     0.0000     0.0001     0.0001     0.0000     0.0001     0.0001     0.0000     0.0001     0.0000     0.0000     0.0001     0.0001     0.0000     0.0001     0.0001 
Shadow                     0.4624     0.1788     0.4459     0.4508     0.0000     0.4374     0.4673     0.1735     0.4530     0.4709     0.0440     0.4604     0.4542     0.1489     0.4358     0.4663     0.4179     0.5146 
           Variation              
Reduction                  0.0001     0.0001     0.0001     0.0000     0.0001     0.0001     0.0000     0.0001     0.0001     0.0000     0.0001     0.0000     0.0000     0.0001     0.0001     0.0000     0.0001     0.0001 
Shadow                     0.9368     0.2168     0.5282     0.8453     0.0000     0.3696     0.9314     0.2023     0.5260     0.8823     0.0775     0.4036     0.9220     0.1517     0.5141     0.8689     0.6834     0.9195 
           Overlap                
Reduction                  0.0000     0.0000     0.0000     0.0000     0.0000     0.0000     0.0000     0.0000     0.0000     0.0000     0.0000     0.0000     0.0000     0.0000     0.0000     0.0000     0.0000     0.0000 
Shadow                     0.0000     0.0000     0.0000     0.0000     0.0002     0.0000     0.0000     0.0000     0.0000     0.0000     0.0000     0.0000     0.0000     0.0000     0.0000     0.0000     0.0000     0.0000 


-------------------------------------------------------------------------
INTERVAL ( NLINE=42 SOURCE=jac3d.c ) LEVEL=1 SEQ EXE_COUNT=2
--- The main characteristics --- 
Parallelization efficiency      0.8154 
Execution time                  6.0955 
Processors                          18
Threads amount                      18
Total time                    109.7182
Productive time                89.4653 ( CPU= 89.0129 Sys= 0.4525 I/O= 0.0000 )
Lost  time                     20.2529 
   Insufficient parallelism     7.9633 ( User= 0.2710 Sys= 7.6922 )
   Communication               11.8880 ( Real_sync= 0.0000 Starts= 0.0000 )
   Idle time                    0.4016
Load imbalance                  8.5177
Synchronization                 6.4833
Time variation                  9.9808
Overlap                         0.0003
                  Nop   Communic    Synchro  Variation    Overlap 
Reduction          20     9.6485     0.0013     0.0013     0.0001 
Shadow             20     2.2395     6.4820     9.9795     0.0002 
--- The comparative characteristics --- 
                              Tmin N proc      Tmax N proc      Tmid
Lost time                   0.6520     4     2.6595    18     1.1252 
User insufficient par.      0.0107    18     0.0190     5     0.0151 
Sys.insufficient par.       0.1153    18     0.9902     5     0.4273 
Idle time                   0.0000    17     0.0480    13     0.0223 
Communication               0.0844     5     2.5122    18     0.6604 
Synchronization             0.0001     5     0.5146    18     0.3602 
Variation                   0.0001     5     0.9369     1     0.5545 
Overlap                     0.0000     1     0.0002     5     0.0000 
Load imbalance              0.0000     4     2.0075    18     0.4732 
Execution time              6.0475    13     6.0955    17     6.0731 
User CPU time               3.4292    18     5.4298     4     4.9452 
Sys. CPU time               0.0068    18     0.0582     5     0.0251 
Processors                      18     1         18    18         18 
                      Communic          Synchro        Variation          Overlap  
Reduction       Tmin    0.0003     5     0.0000    16     0.0000    16     0.0000     1 
Reduction       Tmax    2.4239    18     0.0001     5     0.0001     5     0.0000    16 
Reduction       Tmid    0.5360           0.0001           0.0001           0.0000       
Shadow          Tmin    0.0216     1     0.0000     5     0.0000     5     0.0000     1 
Shadow          Tmax    0.3696    12     0.5146    18     0.9368     1     0.0002     5 
Shadow          Tmid    0.1244           0.3601           0.5544           0.0000       
--- The execution characteristics --- 
                                1          2          3          4          5          6          7          8          9         10         11         12         13         14         15         16         17         18 
Lost time                  1.0139     0.9483     0.7701     0.6520     1.1062     0.8093     1.1142     0.9779     0.7863     1.0101     1.0512     0.8314     1.1198     1.0225     0.8755     1.0468     2.4580     2.6595 
User insufficient par.     0.0184     0.0178     0.0161     0.0176     0.0190     0.0147     0.0108     0.0135     0.0160     0.0144     0.0170     0.0180     0.0120     0.0152     0.0151     0.0120     0.0126     0.0107 
Sys.insufficient par.      0.1637     0.8065     0.3271     0.2333     0.9902     0.3706     0.1650     0.8254     0.3265     0.2108     0.9337     0.3395     0.1704     0.8560     0.3442     0.2201     0.2939     0.1153 
Idle time                  0.0447     0.0140     0.0158     0.0256     0.0126     0.0146     0.0467     0.0154     0.0165     0.0351     0.0087     0.0114     0.0480     0.0134     0.0198     0.0380     0.0000     0.0213 
Communication              0.7872     0.1100     0.4111     0.3754     0.0844     0.4094     0.8917     0.1235     0.4273     0.7497     0.0917     0.4625     0.8894     0.1379     0.4964     0.7767     2.1515     2.5122 
Synchronization            0.4625     0.1789     0.4460     0.4509     0.0001     0.4375     0.4673     0.1735     0.4531     0.4709     0.0441     0.4604     0.4542     0.1490     0.4359     0.4663     0.4180     0.5146 
Variation                  0.9369     0.2169     0.5283     0.8454     0.0001     0.3697     0.9315     0.2024     0.5261     0.8824     0.0776     0.4036     0.9220     0.1518     0.5142     0.8689     0.6835     0.9195 
Overlap                    0.0000     0.0000     0.0000     0.0000     0.0002     0.0000     0.0000     0.0000     0.0000     0.0000     0.0000     0.0000     0.0000     0.0000     0.0000     0.0000     0.0000     0.0000 
Load imbalance             0.3619     0.2964     0.1181     0.0000     0.4543     0.1574     0.4623     0.3259     0.1343     0.3581     0.3992     0.1794     0.4678     0.3706     0.2235     0.3949     1.8060     2.0075 
Execution time             6.0508     6.0814     6.0797     6.0698     6.0828     6.0809     6.0487     6.0800     6.0790     6.0603     6.0868     6.0841     6.0475     6.0820     6.0757     6.0575     6.0955     6.0742 
User CPU time              5.0720     5.0997     5.3061     5.4298     4.9310     5.2644     4.9715     5.0690     5.2900     5.0730     4.9894     5.2441     4.9656     5.0226     5.1997     5.0357     3.6202     3.4292 
Sys. CPU time              0.0096     0.0474     0.0192     0.0137     0.0582     0.0218     0.0097     0.0486     0.0192     0.0124     0.0549     0.0200     0.0100     0.0504     0.0202     0.0129     0.0173     0.0068 
Processors                     18         18         18         18         18         18         18         18         18         18         18         18         18         18         18         18         18         18 
           Communication          
Reduction                  0.7656     0.0484     0.1538     0.3355     0.0003     0.0403     0.8679     0.0694     0.1669     0.7244     0.0258     0.0929     0.8617     0.0647     0.2435     0.7484     2.0150     2.4239 
Shadow                     0.0216     0.0616     0.2573     0.0399     0.0841     0.3691     0.0238     0.0541     0.2604     0.0253     0.0659     0.3696     0.0277     0.0732     0.2529     0.0283     0.1365     0.0882 
           Synchronization        
Reduction                  0.0001     0.0001     0.0001     0.0000     0.0001     0.0001     0.0000     0.0001     0.0001     0.0000     0.0001     0.0000     0.0000     0.0001     0.0001     0.0000     0.0001     0.0001 
Shadow                     0.4624     0.1788     0.4459     0.4508     0.0000     0.4374     0.4673     0.1735     0.4530     0.4709     0.0440     0.4604     0.4542     0.1489     0.4358     0.4663     0.4179     0.5146 
           Variation              
Reduction                  0.0001     0.0001     0.0001     0.0000     0.0001     0.0001     0.0000     0.0001     0.0001     0.0000     0.0001     0.0000     0.0000     0.0001     0.0001     0.0000     0.0001     0.0001 
Shadow                     0.9368     0.2168     0.5282     0.8453     0.0000     0.3696     0.9314     0.2023     0.5260     0.8823     0.0775     0.4036     0.9220     0.1517     0.5141     0.8689     0.6834     0.9195 
           Overlap                
Reduction                  0.0000     0.0000     0.0000     0.0000     0.0000     0.0000     0.0000     0.0000     0.0000     0.0000     0.0000     0.0000     0.0000     0.0000     0.0000     0.0000     0.0000     0.0000 
Shadow                     0.0000     0.0000     0.0000     0.0000     0.0002     0.0000     0.0000     0.0000     0.0000     0.0000     0.0000     0.0000     0.0000     0.0000     0.0000     0.0000     0.0000     0.0000 


-------------------------------------------------------------------------
Name (number) and performance time of processors
DVM(1) 1.029193
DVM(2) 1.029057
DVM(3) 1.029362
DVM(4) 1.029554
DVM(5) 1.029499
DVM(6) 1.029487
DVM(7) 1.028716
DVM(8) 1.028704
DVM(9) 1.028771
DVM(10) 1.028748
DVM(11) 1.028996
DVM(12) 1.028966
DVM(13) 1.029260
DVM(14) 1.029283
DVM(15) 1.029436
DVM(16) 1.029508
DVM(17) 1.028505
DVM(18) 1.028832
min - DVM(17) 1.028505; max - DVM(4) 1.029554; mid - 1.029104
