Processor system=1*2*7
Statistics has been accumulated on DVM-system version 5.0, platform DVM
Analyzer is executing on DVM-system version 5.0, platform DVM
-------------------------------------------------------------------------
INTERVAL ( NLINE=20 SOURCE=jac3d.c ) LEVEL=0  EXE_COUNT=1
--- The main characteristics --- 
Parallelization efficiency      0.5143 
Execution time                  9.4827 
Processors                          14
Threads amount                      14
Total time                    132.7572
Productive time                68.2827 ( CPU= 67.2005 Sys= 1.0822 I/O= 0.0000 )
Lost  time                     64.4745 
   Insufficient parallelism    50.8931 ( User= 36.8247 Sys= 14.0683 )
   Communication               13.5587 ( Real_sync= 0.0000 Starts= 0.0000 )
   Idle time                    0.0228
Load imbalance                  9.2804
Synchronization                 6.2657
Time variation                 13.4839
Overlap                         0.0002
                  Nop   Communic    Synchro  Variation    Overlap 
Reduction          20    11.5175     0.0009     0.0010     0.0000 
Shadow             20     2.0412     6.2648    13.4829     0.0002 
--- The comparative characteristics --- 
                              Tmin N proc      Tmax N proc      Tmid
Lost time                   3.9424     8     5.2116    14     4.6053 
User insufficient par.      2.5970     5     2.6774     1     2.6303 
Sys.insufficient par.       0.3162    14     1.9346     2     1.0049 
Idle time                   0.0000     3     0.0027     9     0.0016 
Communication               0.0972     5     2.2208    14     0.9685 
Synchronization             0.0001     2     0.7870    14     0.4476 
Variation                   0.0001     2     1.7666     1     0.9631 
Overlap                     0.0000     3     0.0002     2     0.0000 
Load imbalance              0.0000     8     1.2692    14     0.6629 
Execution time              9.4799     9     9.4827     3     9.4810 
User CPU time               4.2467    14     5.5069     8     4.8000 
Sys. CPU time               0.0243    14     0.1488     2     0.0773 
Processors                      14     1         14    14         14 
                      Communic          Synchro        Variation          Overlap  
Reduction       Tmin    0.0006     3     0.0000     8     0.0000     8     0.0000     2 
Reduction       Tmax    2.0194    14     0.0001     5     0.0001     5     0.0000     8 
Reduction       Tmid    0.8227           0.0001           0.0001           0.0000       
Shadow          Tmin    0.0208     8     0.0000     2     0.0000     2     0.0000     1 
Shadow          Tmax    0.5049     7     0.7870    14     1.7665     1     0.0002     2 
Shadow          Tmid    0.1458           0.4475           0.9631           0.0000       
--- The execution characteristics --- 
                                1          2          3          4          5          6          7          8          9         10         11         12         13         14 
Lost time                  4.2586     4.7275     4.4728     4.4792     4.4674     4.4677     4.2116     3.9424     4.8848     4.7853     4.8801     4.8003     4.8853     5.2116 
User insufficient par.     2.6774     2.6083     2.5973     2.5999     2.5970     2.5997     2.6235     2.6418     2.6391     2.6391     2.6426     2.6418     2.6452     2.6720 
Sys.insufficient par.      0.3612     1.9346     1.7597     1.7432     1.7724     1.7378     0.6536     0.4329     0.6814     0.6637     0.6630     0.6724     0.6763     0.3162 
Idle time                  0.0012     0.0000     0.0000     0.0016     0.0008     0.0027     0.0008     0.0004     0.0027     0.0019     0.0027     0.0027     0.0027     0.0027 
Communication              1.2188     0.1845     0.1158     0.1345     0.0972     0.1275     0.9337     0.8674     1.5616     1.4806     1.5719     1.4834     1.5611     2.2208 
Synchronization            0.6945     0.0001     0.1540     0.1248     0.1117     0.1458     0.6938     0.6929     0.5649     0.5769     0.5760     0.5739     0.5695     0.7870 
Variation                  1.7666     0.0001     0.1895     0.2237     0.1967     0.2474     0.9731     1.6937     1.1922     1.3342     1.3454     1.3314     1.3559     1.6341 
Overlap                    0.0000     0.0002     0.0000     0.0000     0.0000     0.0000     0.0000     0.0000     0.0000     0.0000     0.0000     0.0000     0.0000     0.0000 
Load imbalance             0.3161     0.7850     0.5303     0.5368     0.5249     0.5252     0.2691     0.0000     0.9424     0.8429     0.9377     0.8578     0.9429     1.2692 
Execution time             9.4815     9.4827     9.4827     9.4811     9.4819     9.4800     9.4819     9.4823     9.4799     9.4807     9.4800     9.4800     9.4800     9.4800 
User CPU time              5.1963     4.6064     4.8745     4.8693     4.8789     4.8813     5.2208     5.5069     4.5454     4.6463     4.5516     4.6307     4.5453     4.2467 
Sys. CPU time              0.0278     0.1488     0.1354     0.1341     0.1363     0.1337     0.0503     0.0333     0.0524     0.0511     0.0510     0.0517     0.0520     0.0243 
Processors                     14         14         14         14         14         14         14         14         14         14         14         14         14         14 
           Communication          
Reduction                  1.1945     0.0543     0.0006     0.0381     0.0019     0.0436     0.4288     0.8466     1.2911     1.3443     1.4456     1.3523     1.4565     2.0194 
Shadow                     0.0243     0.1302     0.1152     0.0964     0.0953     0.0839     0.5049     0.0208     0.2705     0.1363     0.1262     0.1311     0.1046     0.2013 
           Synchronization        
Reduction                  0.0001     0.0001     0.0001     0.0001     0.0001     0.0000     0.0001     0.0000     0.0001     0.0001     0.0001     0.0001     0.0001     0.0000 
Shadow                     0.6945     0.0000     0.1539     0.1247     0.1116     0.1457     0.6938     0.6929     0.5648     0.5768     0.5759     0.5739     0.5694     0.7870 
           Variation              
Reduction                  0.0001     0.0001     0.0001     0.0001     0.0001     0.0001     0.0001     0.0000     0.0001     0.0001     0.0001     0.0001     0.0001     0.0000 
Shadow                     1.7665     0.0000     0.1894     0.2236     0.1966     0.2473     0.9731     1.6937     1.1921     1.3341     1.3453     1.3313     1.3558     1.6341 
           Overlap                
Reduction                  0.0000     0.0000     0.0000     0.0000     0.0000     0.0000     0.0000     0.0000     0.0000     0.0000     0.0000     0.0000     0.0000     0.0000 
Shadow                     0.0000     0.0002     0.0000     0.0000     0.0000     0.0000     0.0000     0.0000     0.0000     0.0000     0.0000     0.0000     0.0000     0.0000 


-------------------------------------------------------------------------
INTERVAL ( NLINE=42 SOURCE=jac3d.c ) LEVEL=1 SEQ EXE_COUNT=1
--- The main characteristics --- 
Parallelization efficiency      0.6944 
Execution time                  6.4936 
Processors                          14
Threads amount                      14
Total time                     90.9099
Productive time                63.1244 ( CPU= 62.0898 Sys= 1.0346 I/O= 0.0000 )
Lost  time                     27.7855 
   Insufficient parallelism    13.6063 ( User= 0.1559 Sys= 13.4504 )
   Communication               13.5587 ( Real_sync= 0.0000 Starts= 0.0000 )
   Idle time                    0.6204
Load imbalance                  8.7463
Synchronization                 6.2657
Time variation                 13.4839
Overlap                         0.0002
                  Nop   Communic    Synchro  Variation    Overlap 
Reduction          20    11.5175     0.0009     0.0010     0.0000 
Shadow             20     2.0412     6.2648    13.4829     0.0002 
--- The comparative characteristics --- 
                              Tmin N proc      Tmax N proc      Tmid
Lost time                   1.3599     8     2.5442    14     1.9847 
User insufficient par.      0.0066    10     0.0175     7     0.0111 
Sys.insufficient par.       0.2740    14     1.8889     2     0.9607 
Idle time                   0.0000     9     0.1270     1     0.0443 
Communication               0.0972     5     2.2208    14     0.9685 
Synchronization             0.0001     2     0.7870    14     0.4476 
Variation                   0.0001     2     1.7666     1     0.9631 
Overlap                     0.0000     3     0.0002     2     0.0000 
Load imbalance              0.0000     8     1.1843    14     0.6247 
Execution time              6.3666     1     6.4936     9     6.4492 
User CPU time               3.9283    14     5.1038     8     4.4350 
Sys. CPU time               0.0211    14     0.1453     2     0.0739 
Processors                      14     1         14    14         14 
                      Communic          Synchro        Variation          Overlap  
Reduction       Tmin    0.0006     3     0.0000     8     0.0000     8     0.0000     2 
Reduction       Tmax    2.0194    14     0.0001     5     0.0001     5     0.0000     8 
Reduction       Tmid    0.8227           0.0001           0.0001           0.0000       
Shadow          Tmin    0.0208     8     0.0000     2     0.0000     2     0.0000     1 
Shadow          Tmax    0.5049     7     0.7870    14     1.7665     1     0.0002     2 
Shadow          Tmid    0.1458           0.4475           0.9631           0.0000       
--- The execution characteristics --- 
                                1          2          3          4          5          6          7          8          9         10         11         12         13         14 
Lost time                  1.6777     2.1416     1.8907     1.8937     1.8846     1.8804     1.6270     1.3599     2.2116     2.1166     2.2084     2.1341     2.2149     2.5442 
User insufficient par.     0.0161     0.0107     0.0092     0.0112     0.0098     0.0115     0.0175     0.0143     0.0112     0.0066     0.0081     0.0093     0.0103     0.0103 
Sys.insufficient par.      0.3157     1.8889     1.7138     1.6985     1.7266     1.6934     0.6080     0.3873     0.6389     0.6207     0.6203     0.6302     0.6340     0.2740 
Idle time                  0.1270     0.0575     0.0519     0.0495     0.0511     0.0480     0.0678     0.0910     0.0000     0.0086     0.0081     0.0112     0.0095     0.0392 
Communication              1.2188     0.1845     0.1158     0.1345     0.0972     0.1275     0.9337     0.8674     1.5616     1.4806     1.5719     1.4834     1.5611     2.2208 
Synchronization            0.6945     0.0001     0.1540     0.1248     0.1117     0.1458     0.6938     0.6929     0.5649     0.5769     0.5760     0.5739     0.5695     0.7870 
Variation                  1.7666     0.0001     0.1895     0.2237     0.1967     0.2474     0.9731     1.6937     1.1922     1.3342     1.3454     1.3314     1.3559     1.6341 
Overlap                    0.0000     0.0002     0.0000     0.0000     0.0000     0.0000     0.0000     0.0000     0.0000     0.0000     0.0000     0.0000     0.0000     0.0000 
Load imbalance             0.3178     0.7817     0.5307     0.5337     0.5247     0.5204     0.2671     0.0000     0.8517     0.7567     0.8484     0.7742     0.8550     1.1843 
Execution time             6.3666     6.4360     6.4417     6.4441     6.4424     6.4456     6.4257     6.4026     6.4936     6.4849     6.4855     6.4824     6.4841     6.4543 
User CPU time              4.7916     4.2066     4.4711     4.4692     4.4761     4.4829     4.8198     5.1038     4.2328     4.3292     4.2375     4.3110     4.2299     3.9283 
Sys. CPU time              0.0243     0.1453     0.1318     0.1307     0.1328     0.1303     0.0468     0.0298     0.0491     0.0477     0.0477     0.0485     0.0488     0.0211 
Processors                     14         14         14         14         14         14         14         14         14         14         14         14         14         14 
           Communication          
Reduction                  1.1945     0.0543     0.0006     0.0381     0.0019     0.0436     0.4288     0.8466     1.2911     1.3443     1.4456     1.3523     1.4565     2.0194 
Shadow                     0.0243     0.1302     0.1152     0.0964     0.0953     0.0839     0.5049     0.0208     0.2705     0.1363     0.1262     0.1311     0.1046     0.2013 
           Synchronization        
Reduction                  0.0001     0.0001     0.0001     0.0001     0.0001     0.0000     0.0001     0.0000     0.0001     0.0001     0.0001     0.0001     0.0001     0.0000 
Shadow                     0.6945     0.0000     0.1539     0.1247     0.1116     0.1457     0.6938     0.6929     0.5648     0.5768     0.5759     0.5739     0.5694     0.7870 
           Variation              
Reduction                  0.0001     0.0001     0.0001     0.0001     0.0001     0.0001     0.0001     0.0000     0.0001     0.0001     0.0001     0.0001     0.0001     0.0000 
Shadow                     1.7665     0.0000     0.1894     0.2236     0.1966     0.2473     0.9731     1.6937     1.1921     1.3341     1.3453     1.3313     1.3558     1.6341 
           Overlap                
Reduction                  0.0000     0.0000     0.0000     0.0000     0.0000     0.0000     0.0000     0.0000     0.0000     0.0000     0.0000     0.0000     0.0000     0.0000 
Shadow                     0.0000     0.0002     0.0000     0.0000     0.0000     0.0000     0.0000     0.0000     0.0000     0.0000     0.0000     0.0000     0.0000     0.0000 


-------------------------------------------------------------------------
Name (number) and performance time of processors
DVM(1) 1.029368
DVM(2) 1.029314
DVM(3) 1.028694
DVM(4) 1.028687
DVM(5) 1.029056
DVM(6) 1.029107
DVM(7) 1.028789
DVM(8) 1.028821
DVM(9) 1.028808
DVM(10) 1.028818
DVM(11) 1.028586
DVM(12) 1.028567
DVM(13) 1.028774
DVM(14) 1.028772
min - DVM(12) 1.028567; max - DVM(1) 1.029368; mid - 1.028869
