Processor system=3*2*3
Statistics has been accumulated on DVM-system version 5.0, platform DVM
Analyzer is executing on DVM-system version 5.0, platform DVM
-------------------------------------------------------------------------
INTERVAL ( NLINE=20 SOURCE=jac3d.c ) LEVEL=0  EXE_COUNT=2
--- The main characteristics --- 
Parallelization efficiency      0.6105 
Execution time                  9.2971 
Processors                          18
Threads amount                      18
Total time                    167.3487
Productive time               102.1607 ( CPU= 101.6694 Sys= 0.4913 I/O= 0.0000 )
Lost  time                     65.1880 
   Insufficient parallelism    52.7433 ( User= 44.3916 Sys= 8.3518 )
   Communication               12.3866 ( Real_sync= 0.0000 Starts= 0.0000 )
   Idle time                    0.0581
Load imbalance                  8.0236
Synchronization                 6.0647
Time variation                  9.5666
Overlap                         0.0003
                  Nop   Communic    Synchro  Variation    Overlap 
Reduction          20    10.0456     0.0014     0.0013     0.0001 
Shadow             20     2.3410     6.0633     9.5653     0.0002 
--- The comparative characteristics --- 
                              Tmin N proc      Tmax N proc      Tmid
Lost time                   3.1758     3     5.5407    18     3.6216 
User insufficient par.      2.4451    12     2.5196    18     2.4662 
Sys.insufficient par.       0.1582    18     1.0189    11     0.4640 
Idle time                   0.0000     2     0.0096    17     0.0032 
Communication               0.0634     5     2.8533    18     0.6881 
Synchronization             0.0001    11     0.4893    18     0.3369 
Variation                   0.0001    11     0.9092     1     0.5315 
Overlap                     0.0000     1     0.0002    11     0.0000 
Load imbalance              0.0000     3     2.3649    18     0.4458 
Execution time              9.2876    17     9.2971     2     9.2939 
User CPU time               3.7471    18     6.1007     3     5.6483 
Sys. CPU time               0.0093    18     0.0599    11     0.0273 
Processors                      18     1         18    18         18 
                      Communic          Synchro        Variation          Overlap  
Reduction       Tmin    0.0009     5     0.0000    10     0.0000    10     0.0000     1 
Reduction       Tmax    2.7635    18     0.0001     5     0.0001    11     0.0000    10 
Reduction       Tmid    0.5581           0.0001           0.0001           0.0000       
Shadow          Tmin    0.0216     1     0.0000    11     0.0000    11     0.0000     1 
Shadow          Tmax    0.3736     6     0.4893    18     0.9091     1     0.0002    11 
Shadow          Tmid    0.1301           0.3369           0.5314           0.0000       
--- The execution characteristics --- 
                                1          2          3          4          5          6          7          8          9         10         11         12         13         14         15         16         17         18 
Lost time                  3.4626     3.3967     3.1758     3.2132     3.5106     3.2803     3.4019     3.4655     3.2397     3.3358     3.5637     3.3055     3.5933     3.4569     3.4142     3.5204     5.3112     5.5407 
User insufficient par.     2.4811     2.4533     2.4509     2.4670     2.4532     2.4537     2.4777     2.4538     2.4485     2.4718     2.4520     2.4451     2.4841     2.4512     2.4581     2.4735     2.4969     2.5196 
Sys.insufficient par.      0.2104     0.8398     0.3511     0.2608     0.9938     0.3823     0.2202     0.8855     0.3699     0.2606     1.0189     0.3937     0.2088     0.8363     0.3507     0.2726     0.3381     0.1582 
Idle time                  0.0047     0.0000     0.0014     0.0073     0.0003     0.0003     0.0014     0.0008     0.0066     0.0015     0.0014     0.0045     0.0014     0.0056     0.0014     0.0005     0.0096     0.0096 
Communication              0.7663     0.1037     0.3725     0.4781     0.0634     0.4441     0.7026     0.1254     0.4147     0.6019     0.0914     0.4622     0.8991     0.1636     0.6039     0.7737     2.4666     2.8533 
Synchronization            0.4414     0.1502     0.4222     0.4404     0.0249     0.4311     0.4266     0.1266     0.4116     0.4333     0.0001     0.4176     0.4425     0.1511     0.4245     0.4397     0.3914     0.4893 
Variation                  0.9092     0.2072     0.5248     0.8445     0.0410     0.3762     0.8920     0.1546     0.5024     0.8352     0.0001     0.3663     0.9081     0.2123     0.5272     0.8413     0.5370     0.8872 
Overlap                    0.0000     0.0000     0.0000     0.0000     0.0000     0.0000     0.0000     0.0000     0.0000     0.0000     0.0002     0.0000     0.0000     0.0000     0.0000     0.0000     0.0000     0.0000 
Load imbalance             0.2868     0.2209     0.0000     0.0374     0.3348     0.1045     0.2261     0.2897     0.0639     0.1600     0.3879     0.1297     0.4175     0.2811     0.2384     0.3446     2.1354     2.3649 
Execution time             9.2924     9.2971     9.2958     9.2898     9.2969     9.2969     9.2958     9.2963     9.2906     9.2957     9.2957     9.2927     9.2958     9.2915     9.2958     9.2966     9.2876     9.2876 
User CPU time              5.8222     5.8510     6.1007     6.0686     5.7281     5.9944     5.8823     5.7795     6.0357     5.9460     5.6736     5.9685     5.6915     5.7911     5.8624     5.7607     3.9660     3.7471 
Sys. CPU time              0.0124     0.0494     0.0207     0.0153     0.0585     0.0225     0.0130     0.0521     0.0218     0.0153     0.0599     0.0232     0.0123     0.0492     0.0206     0.0160     0.0199     0.0093 
Processors                     18         18         18         18         18         18         18         18         18         18         18         18         18         18         18         18         18         18 
           Communication          
Reduction                  0.7447     0.0460     0.1153     0.4478     0.0009     0.0705     0.6735     0.0625     0.1577     0.5587     0.0154     0.0934     0.8742     0.1082     0.3478     0.7494     2.2162     2.7635 
Shadow                     0.0216     0.0576     0.2572     0.0303     0.0624     0.3736     0.0292     0.0629     0.2570     0.0432     0.0760     0.3687     0.0249     0.0555     0.2561     0.0244     0.2504     0.0898 
           Synchronization        
Reduction                  0.0001     0.0001     0.0001     0.0000     0.0001     0.0001     0.0000     0.0001     0.0001     0.0000     0.0001     0.0000     0.0000     0.0001     0.0001     0.0000     0.0001     0.0001 
Shadow                     0.4413     0.1501     0.4221     0.4403     0.0248     0.4310     0.4266     0.1265     0.4116     0.4333     0.0000     0.4176     0.4425     0.1510     0.4244     0.4397     0.3913     0.4893 
           Variation              
Reduction                  0.0001     0.0001     0.0001     0.0000     0.0001     0.0001     0.0000     0.0001     0.0001     0.0000     0.0001     0.0001     0.0000     0.0001     0.0001     0.0000     0.0001     0.0001 
Shadow                     0.9091     0.2070     0.5247     0.8444     0.0409     0.3761     0.8920     0.1545     0.5024     0.8352     0.0000     0.3663     0.9081     0.2122     0.5271     0.8412     0.5370     0.8872 
           Overlap                
Reduction                  0.0000     0.0000     0.0000     0.0000     0.0000     0.0000     0.0000     0.0000     0.0000     0.0000     0.0000     0.0000     0.0000     0.0000     0.0000     0.0000     0.0000     0.0000 
Shadow                     0.0000     0.0000     0.0000     0.0000     0.0000     0.0000     0.0000     0.0000     0.0000     0.0000     0.0002     0.0000     0.0000     0.0000     0.0000     0.0000     0.0000     0.0000 


-------------------------------------------------------------------------
INTERVAL ( NLINE=42 SOURCE=jac3d.c ) LEVEL=1 SEQ EXE_COUNT=2
--- The main characteristics --- 
Parallelization efficiency      0.8256 
Execution time                  6.5149 
Processors                          18
Threads amount                      18
Total time                    117.2683
Productive time                96.8162 ( CPU= 96.3761 Sys= 0.4400 I/O= 0.0000 )
Lost  time                     20.4522 
   Insufficient parallelism     7.7551 ( User= 0.2742 Sys= 7.4808 )
   Communication               12.3866 ( Real_sync= 0.0000 Starts= 0.0000 )
   Idle time                    0.3105
Load imbalance                  7.9233
Synchronization                 6.0647
Time variation                  9.5666
Overlap                         0.0003
                  Nop   Communic    Synchro  Variation    Overlap 
Reduction          20    10.0456     0.0014     0.0013     0.0001 
Shadow             20     2.3410     6.0633     9.5653     0.0002 
--- The comparative characteristics --- 
                              Tmin N proc      Tmax N proc      Tmid
Lost time                   0.6960     3     3.0059    18     1.1362 
User insufficient par.      0.0097    18     0.0196     5     0.0152 
Sys.insufficient par.       0.1161    18     0.9693    11     0.4156 
Idle time                   0.0000    17     0.0405    13     0.0173 
Communication               0.0634     5     2.8533    18     0.6881 
Synchronization             0.0001    11     0.4893    18     0.3369 
Variation                   0.0001    11     0.9092     1     0.5315 
Overlap                     0.0000     1     0.0002    11     0.0000 
Load imbalance              0.0000     3     2.3098    18     0.4402 
Execution time              6.4744    13     6.5149    17     6.4977 
User CPU time               3.5022    18     5.8012     3     5.3542 
Sys. CPU time               0.0068    18     0.0570    11     0.0244 
Processors                      18     1         18    18         18 
                      Communic          Synchro        Variation          Overlap  
Reduction       Tmin    0.0009     5     0.0000    10     0.0000    10     0.0000     1 
Reduction       Tmax    2.7635    18     0.0001     5     0.0001    11     0.0000    10 
Reduction       Tmid    0.5581           0.0001           0.0001           0.0000       
Shadow          Tmin    0.0216     1     0.0000    11     0.0000    11     0.0000     1 
Shadow          Tmax    0.3736     6     0.4893    18     0.9091     1     0.0002    11 
Shadow          Tmid    0.1301           0.3369           0.5314           0.0000       
--- The execution characteristics --- 
                                1          2          3          4          5          6          7          8          9         10         11         12         13         14         15         16         17         18 
Lost time                  0.9825     0.9177     0.6960     0.7321     1.0313     0.8003     0.9240     0.9881     0.7597     0.8556     1.0859     0.8272     1.1140     0.9773     0.9386     1.0411     2.7748     3.0059 
User insufficient par.     0.0191     0.0148     0.0125     0.0170     0.0196     0.0165     0.0147     0.0176     0.0129     0.0161     0.0186     0.0112     0.0151     0.0170     0.0154     0.0144     0.0119     0.0097 
Sys.insufficient par.      0.1615     0.7900     0.3010     0.2150     0.9440     0.3327     0.1702     0.8355     0.3227     0.2112     0.9693     0.3448     0.1593     0.7883     0.3006     0.2227     0.2963     0.1161 
Idle time                  0.0356     0.0092     0.0101     0.0220     0.0044     0.0071     0.0365     0.0096     0.0094     0.0265     0.0066     0.0091     0.0405     0.0084     0.0186     0.0303     0.0000     0.0267 
Communication              0.7663     0.1037     0.3725     0.4781     0.0634     0.4441     0.7026     0.1254     0.4147     0.6019     0.0914     0.4622     0.8991     0.1636     0.6039     0.7737     2.4666     2.8533 
Synchronization            0.4414     0.1502     0.4222     0.4404     0.0249     0.4311     0.4266     0.1266     0.4116     0.4333     0.0001     0.4176     0.4425     0.1511     0.4245     0.4397     0.3914     0.4893 
Variation                  0.9092     0.2072     0.5248     0.8445     0.0410     0.3762     0.8920     0.1546     0.5024     0.8352     0.0001     0.3663     0.9081     0.2123     0.5272     0.8413     0.5370     0.8872 
Overlap                    0.0000     0.0000     0.0000     0.0000     0.0000     0.0000     0.0000     0.0000     0.0000     0.0000     0.0002     0.0000     0.0000     0.0000     0.0000     0.0000     0.0000     0.0000 
Load imbalance             0.2864     0.2216     0.0000     0.0360     0.3353     0.1043     0.2280     0.2921     0.0637     0.1596     0.3899     0.1312     0.4180     0.2812     0.2425     0.3451     2.0787     2.3098 
Execution time             6.4793     6.5057     6.5048     6.4929     6.5105     6.5079     6.4784     6.5053     6.5055     6.4885     6.5083     6.5058     6.4744     6.5065     6.4963     6.4846     6.5149     6.4882 
User CPU time              5.5229     5.5508     5.8012     5.7702     5.4281     5.6950     5.5809     5.4777     5.7362     5.6469     5.3720     5.6674     5.3915     5.4912     5.5586     5.4607     3.7227     3.5022 
Sys. CPU time              0.0095     0.0465     0.0177     0.0126     0.0555     0.0196     0.0100     0.0491     0.0190     0.0124     0.0570     0.0203     0.0094     0.0464     0.0177     0.0131     0.0174     0.0068 
Processors                     18         18         18         18         18         18         18         18         18         18         18         18         18         18         18         18         18         18 
           Communication          
Reduction                  0.7447     0.0460     0.1153     0.4478     0.0009     0.0705     0.6735     0.0625     0.1577     0.5587     0.0154     0.0934     0.8742     0.1082     0.3478     0.7494     2.2162     2.7635 
Shadow                     0.0216     0.0576     0.2572     0.0303     0.0624     0.3736     0.0292     0.0629     0.2570     0.0432     0.0760     0.3687     0.0249     0.0555     0.2561     0.0244     0.2504     0.0898 
           Synchronization        
Reduction                  0.0001     0.0001     0.0001     0.0000     0.0001     0.0001     0.0000     0.0001     0.0001     0.0000     0.0001     0.0000     0.0000     0.0001     0.0001     0.0000     0.0001     0.0001 
Shadow                     0.4413     0.1501     0.4221     0.4403     0.0248     0.4310     0.4266     0.1265     0.4116     0.4333     0.0000     0.4176     0.4425     0.1510     0.4244     0.4397     0.3913     0.4893 
           Variation              
Reduction                  0.0001     0.0001     0.0001     0.0000     0.0001     0.0001     0.0000     0.0001     0.0001     0.0000     0.0001     0.0001     0.0000     0.0001     0.0001     0.0000     0.0001     0.0001 
Shadow                     0.9091     0.2070     0.5247     0.8444     0.0409     0.3761     0.8920     0.1545     0.5024     0.8352     0.0000     0.3663     0.9081     0.2122     0.5271     0.8412     0.5370     0.8872 
           Overlap                
Reduction                  0.0000     0.0000     0.0000     0.0000     0.0000     0.0000     0.0000     0.0000     0.0000     0.0000     0.0000     0.0000     0.0000     0.0000     0.0000     0.0000     0.0000     0.0000 
Shadow                     0.0000     0.0000     0.0000     0.0000     0.0000     0.0000     0.0000     0.0000     0.0000     0.0000     0.0002     0.0000     0.0000     0.0000     0.0000     0.0000     0.0000     0.0000 


-------------------------------------------------------------------------
Name (number) and performance time of processors
DVM(1) 1.028989
DVM(2) 1.028826
DVM(3) 1.029421
DVM(4) 1.029698
DVM(5) 1.028774
DVM(6) 1.028801
DVM(7) 1.028500
DVM(8) 1.028586
DVM(9) 1.028584
DVM(10) 1.028542
DVM(11) 1.029306
DVM(12) 1.029306
DVM(13) 1.028982
DVM(14) 1.028843
DVM(15) 1.028608
DVM(16) 1.028626
DVM(17) 1.029130
DVM(18) 1.029180
min - DVM(7) 1.028500; max - DVM(4) 1.029698; mid - 1.028928
