Processor system=4*2*2
Statistics has been accumulated on DVM-system version 5.0, platform DVM
Analyzer is executing on DVM-system version 5.0, platform DVM
-------------------------------------------------------------------------
INTERVAL ( NLINE=20 SOURCE=jac3d.c ) LEVEL=0  EXE_COUNT=1
--- The main characteristics --- 
Parallelization efficiency      0.6488 
Execution time                 10.0287 
Processors                          16
Threads amount                      16
Total time                    160.4599
Productive time               104.1020 ( CPU= 103.7983 Sys= 0.3038 I/O= 0.0000 )
Lost  time                     56.3579 
   Insufficient parallelism    45.1844 ( User= 40.6280 Sys= 4.5564 )
   Communication               11.1291 ( Real_sync= 0.0000 Starts= 0.0000 )
   Idle time                    0.0444
Load imbalance                 10.3281
Synchronization                 0.7080
Time variation                  1.3319
Overlap                         0.0002
                  Nop   Communic    Synchro  Variation    Overlap 
Reduction          20    10.1995     0.0010     0.0009     0.0001 
Shadow             20     0.9297     0.7070     1.3309     0.0001 
--- The comparative characteristics --- 
                              Tmin N proc      Tmax N proc      Tmid
Lost time                   2.8769     4     5.3235    15     3.5224 
User insufficient par.      2.5216     4     2.5891    15     2.5392 
Sys.insufficient par.       0.1327    14     0.3545     9     0.2848 
Idle time                   0.0000     6     0.0063    16     0.0028 
Communication               0.0486     4     2.5941    15     0.6956 
Synchronization             0.0028    11     0.1196    13     0.0442 
Variation                   0.0093    11     0.2121    16     0.0832 
Overlap                     0.0000     1     0.0001    11     0.0000 
Load imbalance              0.0000     4     2.4466    15     0.6455 
Execution time             10.0225    16    10.0287     6    10.0260 
User CPU time               4.6963    15     7.1315     4     6.4874 
Sys. CPU time               0.0088    14     0.0236     9     0.0190 
Processors                      16     1         16    16         16 
                      Communic          Synchro        Variation          Overlap  
Reduction       Tmin    0.0003     6     0.0000    16     0.0000    16     0.0000     1 
Reduction       Tmax    2.5052    14     0.0001     8     0.0001     8     0.0000    16 
Reduction       Tmid    0.6375           0.0001           0.0001           0.0000       
Shadow          Tmin    0.0347     1     0.0028    11     0.0093    11     0.0000     1 
Shadow          Tmax    0.0890    15     0.1195    13     0.2121    16     0.0001    11 
Shadow          Tmid    0.0581           0.0442           0.0832           0.0000       
--- The execution characteristics --- 
                                1          2          3          4          5          6          7          8          9         10         11         12         13         14         15         16 
Lost time                  2.8874     2.8975     2.8970     2.8769     2.9297     2.9269     2.9398     2.9362     3.0033     3.0113     2.9883     2.9805     5.1743     5.3172     5.3235     5.2681 
User insufficient par.     2.5252     2.5240     2.5234     2.5216     2.5230     2.5229     2.5228     2.5222     2.5236     2.5283     2.5229     2.5230     2.5844     2.5866     2.5891     2.5850 
Sys.insufficient par.      0.3019     0.2996     0.3048     0.3051     0.3527     0.3481     0.3472     0.3530     0.3545     0.3530     0.3530     0.3490     0.1328     0.1327     0.1340     0.1351 
Idle time                  0.0013     0.0003     0.0018     0.0016     0.0010     0.0000     0.0029     0.0008     0.0005     0.0021     0.0034     0.0037     0.0062     0.0063     0.0063     0.0063 
Communication              0.0589     0.0736     0.0671     0.0486     0.0531     0.0559     0.0669     0.0602     0.1247     0.1279     0.1090     0.1047     2.4509     2.5917     2.5941     2.5417 
Synchronization            0.0397     0.0408     0.0337     0.0348     0.0135     0.0155     0.0172     0.0159     0.0052     0.0060     0.0028     0.0058     0.1196     0.1192     0.1194     0.1190 
Variation                  0.0907     0.0876     0.0853     0.0866     0.0244     0.0202     0.0226     0.0175     0.0129     0.0164     0.0093     0.0164     0.2101     0.2117     0.2080     0.2121 
Overlap                    0.0000     0.0000     0.0000     0.0000     0.0000     0.0000     0.0000     0.0000     0.0000     0.0000     0.0001     0.0000     0.0000     0.0000     0.0000     0.0000 
Load imbalance             0.0105     0.0206     0.0202     0.0000     0.0529     0.0500     0.0629     0.0594     0.1264     0.1345     0.1115     0.1036     2.2974     2.4403     2.4466     2.3912 
Execution time            10.0274    10.0285    10.0270    10.0272    10.0277    10.0287    10.0259    10.0280    10.0282    10.0266    10.0253    10.0250    10.0225    10.0225    10.0225    10.0225 
User CPU time              7.1212     7.1113     7.1114     7.1315     7.0755     7.0786     7.0658     7.0690     7.0018     6.9939     7.0169     7.0250     4.8456     4.7027     4.6963     4.7517 
Sys. CPU time              0.0201     0.0200     0.0203     0.0203     0.0235     0.0232     0.0231     0.0235     0.0236     0.0235     0.0235     0.0233     0.0089     0.0088     0.0089     0.0090 
Processors                     16         16         16         16         16         16         16         16         16         16         16         16         16         16         16         16 
           Communication          
Reduction                  0.0242     0.0334     0.0304     0.0137     0.0066     0.0003     0.0136     0.0076     0.0683     0.0726     0.0496     0.0488     2.3621     2.5052     2.5051     2.4579 
Shadow                     0.0347     0.0402     0.0368     0.0349     0.0464     0.0557     0.0533     0.0527     0.0564     0.0554     0.0594     0.0560     0.0888     0.0864     0.0890     0.0838 
           Synchronization        
Reduction                  0.0001     0.0001     0.0001     0.0001     0.0001     0.0001     0.0001     0.0001     0.0000     0.0000     0.0000     0.0000     0.0000     0.0001     0.0000     0.0000 
Shadow                     0.0396     0.0407     0.0336     0.0347     0.0135     0.0154     0.0171     0.0158     0.0052     0.0060     0.0028     0.0058     0.1195     0.1191     0.1194     0.1190 
           Variation              
Reduction                  0.0001     0.0001     0.0001     0.0001     0.0001     0.0001     0.0001     0.0001     0.0000     0.0000     0.0000     0.0000     0.0000     0.0001     0.0000     0.0000 
Shadow                     0.0906     0.0875     0.0852     0.0866     0.0243     0.0202     0.0225     0.0174     0.0129     0.0164     0.0093     0.0164     0.2100     0.2117     0.2080     0.2121 
           Overlap                
Reduction                  0.0000     0.0000     0.0000     0.0000     0.0000     0.0000     0.0000     0.0000     0.0000     0.0000     0.0000     0.0000     0.0000     0.0000     0.0000     0.0000 
Shadow                     0.0000     0.0000     0.0000     0.0000     0.0000     0.0000     0.0000     0.0000     0.0000     0.0000     0.0001     0.0000     0.0000     0.0000     0.0000     0.0000 


-------------------------------------------------------------------------
INTERVAL ( NLINE=42 SOURCE=jac3d.c ) LEVEL=1 SEQ EXE_COUNT=1
--- The main characteristics --- 
Parallelization efficiency      0.8665 
Execution time                  7.1300 
Processors                          16
Threads amount                      16
Total time                    114.0797
Productive time                98.8545 ( CPU= 98.5991 Sys= 0.2554 I/O= 0.0000 )
Lost  time                     15.2252 
   Insufficient parallelism     3.9747 ( User= 0.1440 Sys= 3.8307 )
   Communication               11.1291 ( Real_sync= 0.0000 Starts= 0.0000 )
   Idle time                    0.1214
Load imbalance                 10.0582
Synchronization                 0.7080
Time variation                  1.3319
Overlap                         0.0002
                  Nop   Communic    Synchro  Variation    Overlap 
Reduction          20    10.1995     0.0010     0.0009     0.0001 
Shadow             20     0.9297     0.7070     1.3309     0.0001 
--- The comparative characteristics --- 
                              Tmin N proc      Tmax N proc      Tmid
Lost time                   0.3229     4     2.7012    15     0.9516 
User insufficient par.      0.0064    14     0.0136    10     0.0090 
Sys.insufficient par.       0.0919    14     0.3073    11     0.2394 
Idle time                   0.0000    13     0.0103     1     0.0076 
Communication               0.0486     4     2.5941    15     0.6956 
Synchronization             0.0028    11     0.1196    13     0.0442 
Variation                   0.0093    11     0.2121    16     0.0832 
Overlap                     0.0000     1     0.0001    11     0.0000 
Load imbalance              0.0000     4     2.3783    15     0.6286 
Execution time              7.1197     1     7.1300    13     7.1224 
User CPU time               4.4225    15     6.7899     4     6.1624 
Sys. CPU time               0.0061    14     0.0205    11     0.0160 
Processors                      16     1         16    16         16 
                      Communic          Synchro        Variation          Overlap  
Reduction       Tmin    0.0003     6     0.0000    16     0.0000    16     0.0000     1 
Reduction       Tmax    2.5052    14     0.0001     8     0.0001     8     0.0000    16 
Reduction       Tmid    0.6375           0.0001           0.0001           0.0000       
Shadow          Tmin    0.0347     1     0.0028    11     0.0093    11     0.0000     1 
Shadow          Tmax    0.0890    15     0.1195    13     0.2121    16     0.0001    11 
Shadow          Tmid    0.0581           0.0442           0.0832           0.0000       
--- The execution characteristics --- 
                                1          2          3          4          5          6          7          8          9         10         11         12         13         14         15         16 
Lost time                  0.3349     0.3438     0.3440     0.3229     0.3764     0.3741     0.3863     0.3825     0.4495     0.4571     0.4338     0.4260     2.5522     2.6946     2.7012     2.6458 
User insufficient par.     0.0111     0.0089     0.0090     0.0086     0.0090     0.0091     0.0091     0.0088     0.0083     0.0136     0.0088     0.0086     0.0092     0.0064     0.0086     0.0068 
Sys.insufficient par.      0.2546     0.2522     0.2576     0.2578     0.3053     0.3005     0.3009     0.3057     0.3069     0.3060     0.3073     0.3041     0.0921     0.0919     0.0935     0.0942 
Idle time                  0.0103     0.0090     0.0102     0.0079     0.0090     0.0086     0.0093     0.0078     0.0096     0.0096     0.0087     0.0086     0.0000     0.0046     0.0050     0.0031 
Communication              0.0589     0.0736     0.0671     0.0486     0.0531     0.0559     0.0669     0.0602     0.1247     0.1279     0.1090     0.1047     2.4509     2.5917     2.5941     2.5417 
Synchronization            0.0397     0.0408     0.0337     0.0348     0.0135     0.0155     0.0172     0.0159     0.0052     0.0060     0.0028     0.0058     0.1196     0.1192     0.1194     0.1190 
Variation                  0.0907     0.0876     0.0853     0.0866     0.0244     0.0202     0.0226     0.0175     0.0129     0.0164     0.0093     0.0164     0.2101     0.2117     0.2080     0.2121 
Overlap                    0.0000     0.0000     0.0000     0.0000     0.0000     0.0000     0.0000     0.0000     0.0000     0.0000     0.0001     0.0000     0.0000     0.0000     0.0000     0.0000 
Load imbalance             0.0120     0.0208     0.0210     0.0000     0.0535     0.0512     0.0634     0.0596     0.1266     0.1342     0.1108     0.1031     2.2293     2.3717     2.3783     2.3228 
Execution time             7.1197     7.1209     7.1197     7.1220     7.1210     7.1214     7.1207     7.1222     7.1204     7.1204     7.1212     7.1214     7.1300     7.1254     7.1250     7.1269 
User CPU time              6.7781     6.7694     6.7689     6.7899     6.7332     6.7358     6.7236     6.7270     6.6600     6.6524     6.6757     6.6837     4.5716     4.4293     4.4225     4.4779 
Sys. CPU time              0.0170     0.0168     0.0172     0.0172     0.0204     0.0200     0.0201     0.0204     0.0205     0.0204     0.0205     0.0203     0.0061     0.0061     0.0062     0.0063 
Processors                     16         16         16         16         16         16         16         16         16         16         16         16         16         16         16         16 
           Communication          
Reduction                  0.0242     0.0334     0.0304     0.0137     0.0066     0.0003     0.0136     0.0076     0.0683     0.0726     0.0496     0.0488     2.3621     2.5052     2.5051     2.4579 
Shadow                     0.0347     0.0402     0.0368     0.0349     0.0464     0.0557     0.0533     0.0527     0.0564     0.0554     0.0594     0.0560     0.0888     0.0864     0.0890     0.0838 
           Synchronization        
Reduction                  0.0001     0.0001     0.0001     0.0001     0.0001     0.0001     0.0001     0.0001     0.0000     0.0000     0.0000     0.0000     0.0000     0.0001     0.0000     0.0000 
Shadow                     0.0396     0.0407     0.0336     0.0347     0.0135     0.0154     0.0171     0.0158     0.0052     0.0060     0.0028     0.0058     0.1195     0.1191     0.1194     0.1190 
           Variation              
Reduction                  0.0001     0.0001     0.0001     0.0001     0.0001     0.0001     0.0001     0.0001     0.0000     0.0000     0.0000     0.0000     0.0000     0.0001     0.0000     0.0000 
Shadow                     0.0906     0.0875     0.0852     0.0866     0.0243     0.0202     0.0225     0.0174     0.0129     0.0164     0.0093     0.0164     0.2100     0.2117     0.2080     0.2121 
           Overlap                
Reduction                  0.0000     0.0000     0.0000     0.0000     0.0000     0.0000     0.0000     0.0000     0.0000     0.0000     0.0000     0.0000     0.0000     0.0000     0.0000     0.0000 
Shadow                     0.0000     0.0000     0.0000     0.0000     0.0000     0.0000     0.0000     0.0000     0.0000     0.0000     0.0001     0.0000     0.0000     0.0000     0.0000     0.0000 


-------------------------------------------------------------------------
Name (number) and performance time of processors
DVM(1) 1.028573
DVM(2) 1.028391
DVM(3) 1.028931
DVM(4) 1.029034
DVM(5) 1.028704
DVM(6) 1.028631
DVM(7) 1.028900
DVM(8) 1.028988
DVM(9) 1.029150
DVM(10) 1.029128
DVM(11) 1.028818
DVM(12) 1.028807
DVM(13) 1.029004
DVM(14) 1.029048
DVM(15) 1.028659
DVM(16) 1.028735
min - DVM(2) 1.028391; max - DVM(9) 1.029150; mid - 1.028844
