Processor system=5*1*4
Statistics has been accumulated on DVM-system version 5.0, platform DVM
Analyzer is executing on DVM-system version 5.0, platform DVM
-------------------------------------------------------------------------
INTERVAL ( NLINE=20 SOURCE=jac3d.c ) LEVEL=0  EXE_COUNT=2
--- The main characteristics --- 
Parallelization efficiency      0.6337 
Execution time                 10.3818 
Processors                          20
Threads amount                      20
Total time                    207.6353
Productive time               131.5867 ( CPU= 130.8904 Sys= 0.6963 I/O= 0.0000 )
Lost  time                     76.0486 
   Insufficient parallelism    64.3895 ( User= 51.1601 Sys= 13.2294 )
   Communication               11.6577 ( Real_sync= 0.0000 Starts= 0.0000 )
   Idle time                    0.0014
Load imbalance                  9.7113
Synchronization                 5.2363
Time variation                  9.5577
Overlap                         0.0003
                  Nop   Communic    Synchro  Variation    Overlap 
Reduction          21     9.4600     0.0017     0.0017     0.0001 
Shadow             21     2.1977     5.2346     9.5561     0.0002 
--- The comparative characteristics --- 
                              Tmin N proc      Tmax N proc      Tmid
Lost time                   3.3169    12     4.3715     9     3.8024 
User insufficient par.      2.5371    10     2.6063     1     2.5580 
Sys.insufficient par.       0.2252    17     1.1335    10     0.6615 
Idle time                   0.0000    15     0.0001    12     0.0001 
Communication               0.0818    14     1.5349     9     0.5829 
Synchronization             0.0018    10     0.4357    20     0.2618 
Variation                   0.0088    10     1.0248    17     0.4779 
Overlap                     0.0000     1     0.0001    10     0.0000 
Load imbalance              0.0000    12     1.0546     9     0.4856 
Execution time             10.3816    12    10.3818    15    10.3817 
User CPU time               5.9976     9     7.0459    12     6.5445 
Sys. CPU time               0.0119    17     0.0597    10     0.0348 
Processors                      20     1         20    20         20 
                      Communic          Synchro        Variation          Overlap  
Reduction       Tmin    0.0007    14     0.0000    20     0.0000    20     0.0000     1 
Reduction       Tmax    1.5001     9     0.0002    14     0.0001    14     0.0000    20 
Reduction       Tmid    0.4730           0.0001           0.0001           0.0000       
Shadow          Tmin    0.0223    17     0.0017    10     0.0087    10     0.0000     1 
Shadow          Tmax    0.2541     4     0.4357    20     1.0248    17     0.0001    10 
Shadow          Tmid    0.1099           0.2617           0.4778           0.0000       
--- The execution characteristics --- 
                                1          2          3          4          5          6          7          8          9         10         11         12         13         14         15         16         17         18         19         20 
Lost time                  3.8456     3.6675     3.6762     3.4679     4.0931     3.7698     3.7799     3.8275     4.3715     3.8777     3.6818     3.3169     3.7985     3.7433     3.7237     3.5093     4.1278     3.8479     3.9976     3.9253 
User insufficient par.     2.6063     2.5384     2.5416     2.5484     2.5943     2.5386     2.5413     2.5633     2.5957     2.5371     2.5415     2.5417     2.5866     2.5382     2.5434     2.5525     2.5964     2.5399     2.5505     2.5644 
Sys.insufficient par.      0.2257     1.0466     0.9607     0.3405     0.2344     1.1018     0.9741     0.3566     0.2407     1.1335     0.9996     0.3606     0.2376     1.1233     0.9817     0.3601     0.2252     1.0387     0.9472     0.3407 
Idle time                  0.0001     0.0000     0.0001     0.0001     0.0000     0.0001     0.0001     0.0000     0.0001     0.0000     0.0001     0.0001     0.0000     0.0001     0.0000     0.0000     0.0001     0.0001     0.0000     0.0001 
Communication              1.0135     0.0824     0.1737     0.5789     1.2644     0.1293     0.2644     0.9075     1.5349     0.2070     0.1406     0.4145     0.9743     0.0818     0.1985     0.5967     1.3061     0.2692     0.4999     1.0201 
Synchronization            0.4237     0.0767     0.1694     0.4298     0.4064     0.0390     0.1638     0.4066     0.4035     0.0018     0.1650     0.4103     0.4096     0.0362     0.1612     0.4105     0.4305     0.0769     0.1796     0.4357 
Variation                  1.0220     0.1250     0.1818     0.6724     1.0016     0.0472     0.1601     0.6825     0.9963     0.0088     0.1122     0.6807     0.9990     0.0216     0.1516     0.6731     1.0248     0.1278     0.1909     0.6781 
Overlap                    0.0000     0.0000     0.0000     0.0000     0.0000     0.0000     0.0000     0.0000     0.0000     0.0001     0.0000     0.0000     0.0000     0.0000     0.0000     0.0000     0.0000     0.0000     0.0000     0.0000 
Load imbalance             0.5287     0.3506     0.3593     0.1510     0.7763     0.4530     0.4630     0.5106     1.0546     0.5608     0.3649     0.0000     0.4817     0.4265     0.4068     0.1924     0.8109     0.5310     0.6807     0.6084 
Execution time            10.3816    10.3817    10.3817    10.3817    10.3817    10.3817    10.3817    10.3817    10.3816    10.3817    10.3817    10.3816    10.3817    10.3817    10.3818    10.3817    10.3817    10.3816    10.3818    10.3816 
User CPU time              6.5243     6.6592     6.6550     6.8960     6.2763     6.5540     6.5506     6.5355     5.9976     6.4444     6.6474     7.0459     6.5707     6.5793     6.6064     6.8535     6.2421     6.4792     6.3344     6.4385 
Sys. CPU time              0.0119     0.0551     0.0506     0.0179     0.0123     0.0580     0.0513     0.0188     0.0127     0.0597     0.0526     0.0190     0.0125     0.0591     0.0517     0.0190     0.0119     0.0547     0.0499     0.0179 
Processors                     20         20         20         20         20         20         20         20         20         20         20         20         20         20         20         20         20         20         20         20 
           Communication          
Reduction                  0.9891     0.0263     0.0818     0.3248     1.2330     0.0518     0.1658     0.6838     1.5001     0.1247     0.0215     0.1889     0.9415     0.0007     0.0984     0.3659     1.2838     0.2056     0.4012     0.7712 
Shadow                     0.0245     0.0561     0.0920     0.2541     0.0314     0.0775     0.0986     0.2237     0.0349     0.0823     0.1191     0.2255     0.0328     0.0811     0.1001     0.2308     0.0223     0.0635     0.0986     0.2489 
           Synchronization        
Reduction                  0.0001     0.0002     0.0001     0.0001     0.0000     0.0001     0.0001     0.0000     0.0000     0.0001     0.0002     0.0001     0.0000     0.0002     0.0001     0.0001     0.0001     0.0001     0.0001     0.0000 
Shadow                     0.4236     0.0765     0.1693     0.4297     0.4064     0.0388     0.1637     0.4066     0.4035     0.0017     0.1649     0.4102     0.4096     0.0361     0.1611     0.4104     0.4305     0.0769     0.1795     0.4357 
           Variation              
Reduction                  0.0001     0.0001     0.0001     0.0001     0.0000     0.0001     0.0001     0.0000     0.0000     0.0001     0.0001     0.0001     0.0000     0.0001     0.0001     0.0001     0.0000     0.0001     0.0001     0.0000 
Shadow                     1.0219     0.1249     0.1817     0.6723     1.0016     0.0471     0.1600     0.6825     0.9963     0.0087     0.1121     0.6806     0.9989     0.0214     0.1515     0.6731     1.0248     0.1277     0.1908     0.6781 
           Overlap                
Reduction                  0.0000     0.0000     0.0000     0.0000     0.0000     0.0000     0.0000     0.0000     0.0000     0.0000     0.0000     0.0000     0.0000     0.0000     0.0000     0.0000     0.0000     0.0000     0.0000     0.0000 
Shadow                     0.0000     0.0000     0.0000     0.0000     0.0000     0.0000     0.0000     0.0000     0.0000     0.0001     0.0000     0.0000     0.0000     0.0000     0.0000     0.0000     0.0000     0.0000     0.0000     0.0000 


-------------------------------------------------------------------------
INTERVAL ( NLINE=42 SOURCE=jac3d.c ) LEVEL=1 SEQ EXE_COUNT=2
--- The main characteristics --- 
Parallelization efficiency      0.8366 
Execution time                  7.5301 
Processors                          20
Threads amount                      20
Total time                    150.6021
Productive time               125.9936 ( CPU= 125.3515 Sys= 0.6421 I/O= 0.0000 )
Lost  time                     24.6086 
   Insufficient parallelism    12.5334 ( User= 0.3334 Sys= 12.2000 )
   Communication               11.6577 ( Real_sync= 0.0000 Starts= 0.0000 )
   Idle time                    0.4174
Load imbalance                  9.7516
Synchronization                 5.2363
Time variation                  9.5577
Overlap                         0.0003
                  Nop   Communic    Synchro  Variation    Overlap 
Reduction          21     9.4600     0.0017     0.0017     0.0001 
Shadow             21     2.1977     5.2346     9.5561     0.0002 
--- The comparative characteristics --- 
                              Tmin N proc      Tmax N proc      Tmid
Lost time                   0.7428    12     1.8033     9     1.2304 
User insufficient par.      0.0131     7     0.0359     1     0.0167 
Sys.insufficient par.       0.1737    17     1.0811    10     0.6100 
Idle time                   0.0000     2     0.0657     9     0.0209 
Communication               0.0818    14     1.5349     9     0.5829 
Synchronization             0.0018    10     0.4357    20     0.2618 
Variation                   0.0088    10     1.0248    17     0.4779 
Overlap                     0.0000     1     0.0001    10     0.0000 
Load imbalance              0.0000    12     1.0605     9     0.4876 
Execution time              7.4644     9     7.5301     2     7.5092 
User CPU time               5.7169     9     6.7710    12     6.2676 
Sys. CPU time               0.0091    17     0.0569    10     0.0321 
Processors                      20     1         20    20         20 
                      Communic          Synchro        Variation          Overlap  
Reduction       Tmin    0.0007    14     0.0000    20     0.0000    20     0.0000     1 
Reduction       Tmax    1.5001     9     0.0002    14     0.0001    14     0.0000    20 
Reduction       Tmid    0.4730           0.0001           0.0001           0.0000       
Shadow          Tmin    0.0223    17     0.0017    10     0.0087    10     0.0000     1 
Shadow          Tmax    0.2541     4     0.4357    20     1.0248    17     0.0001    10 
Shadow          Tmid    0.1099           0.2617           0.4778           0.0000       
--- The execution characteristics --- 
                                1          2          3          4          5          6          7          8          9         10         11         12         13         14         15         16         17         18         19         20 
Lost time                  1.2761     1.0936     1.1026     0.8970     1.5210     1.1955     1.2063     1.2543     1.8033     1.3083     1.1085     0.7428     1.2272     1.1704     1.1492     0.9421     1.5569     1.2746     1.4246     1.3540 
User insufficient par.     0.0359     0.0155     0.0169     0.0164     0.0143     0.0157     0.0131     0.0167     0.0142     0.0133     0.0149     0.0177     0.0153     0.0167     0.0159     0.0156     0.0147     0.0155     0.0182     0.0170 
Sys.insufficient par.      0.1740     0.9957     0.9087     0.2884     0.1866     1.0501     0.9221     0.3082     0.1885     1.0811     0.9482     0.3081     0.1879     1.0709     0.9291     0.3098     0.1737     0.9863     0.8945     0.2881 
Idle time                  0.0528     0.0000     0.0033     0.0133     0.0557     0.0004     0.0067     0.0220     0.0657     0.0069     0.0049     0.0026     0.0497     0.0010     0.0056     0.0200     0.0625     0.0036     0.0120     0.0288 
Communication              1.0135     0.0824     0.1737     0.5789     1.2644     0.1293     0.2644     0.9075     1.5349     0.2070     0.1406     0.4145     0.9743     0.0818     0.1985     0.5967     1.3061     0.2692     0.4999     1.0201 
Synchronization            0.4237     0.0767     0.1694     0.4298     0.4064     0.0390     0.1638     0.4066     0.4035     0.0018     0.1650     0.4103     0.4096     0.0362     0.1612     0.4105     0.4305     0.0769     0.1796     0.4357 
Variation                  1.0220     0.1250     0.1818     0.6724     1.0016     0.0472     0.1601     0.6825     0.9963     0.0088     0.1122     0.6807     0.9990     0.0216     0.1516     0.6731     1.0248     0.1278     0.1909     0.6781 
Overlap                    0.0000     0.0000     0.0000     0.0000     0.0000     0.0000     0.0000     0.0000     0.0000     0.0001     0.0000     0.0000     0.0000     0.0000     0.0000     0.0000     0.0000     0.0000     0.0000     0.0000 
Load imbalance             0.5333     0.3508     0.3598     0.1541     0.7782     0.4526     0.4634     0.5115     1.0605     0.5655     0.3657     0.0000     0.4843     0.4276     0.4063     0.1992     0.8141     0.5318     0.6818     0.6111 
Execution time             7.4773     7.5301     7.5268     7.5168     7.4745     7.5297     7.5234     7.5081     7.4644     7.5233     7.5253     7.5275     7.4804     7.5291     7.5245     7.5101     7.4676     7.5265     7.5181     7.5013 
User CPU time              6.2448     6.3841     6.3796     6.6180     5.9993     6.2794     6.2753     6.2596     5.7169     6.1649     6.3717     6.7710     6.2930     6.3033     6.3320     6.5717     5.9641     6.2036     6.0584     6.1610 
Sys. CPU time              0.0092     0.0524     0.0478     0.0152     0.0098     0.0553     0.0485     0.0162     0.0099     0.0569     0.0499     0.0162     0.0099     0.0564     0.0489     0.0163     0.0091     0.0519     0.0471     0.0152 
Processors                     20         20         20         20         20         20         20         20         20         20         20         20         20         20         20         20         20         20         20         20 
           Communication          
Reduction                  0.9891     0.0263     0.0818     0.3248     1.2330     0.0518     0.1658     0.6838     1.5001     0.1247     0.0215     0.1889     0.9415     0.0007     0.0984     0.3659     1.2838     0.2056     0.4012     0.7712 
Shadow                     0.0245     0.0561     0.0920     0.2541     0.0314     0.0775     0.0986     0.2237     0.0349     0.0823     0.1191     0.2255     0.0328     0.0811     0.1001     0.2308     0.0223     0.0635     0.0986     0.2489 
           Synchronization        
Reduction                  0.0001     0.0002     0.0001     0.0001     0.0000     0.0001     0.0001     0.0000     0.0000     0.0001     0.0002     0.0001     0.0000     0.0002     0.0001     0.0001     0.0001     0.0001     0.0001     0.0000 
Shadow                     0.4236     0.0765     0.1693     0.4297     0.4064     0.0388     0.1637     0.4066     0.4035     0.0017     0.1649     0.4102     0.4096     0.0361     0.1611     0.4104     0.4305     0.0769     0.1795     0.4357 
           Variation              
Reduction                  0.0001     0.0001     0.0001     0.0001     0.0000     0.0001     0.0001     0.0000     0.0000     0.0001     0.0001     0.0001     0.0000     0.0001     0.0001     0.0001     0.0000     0.0001     0.0001     0.0000 
Shadow                     1.0219     0.1249     0.1817     0.6723     1.0016     0.0471     0.1600     0.6825     0.9963     0.0087     0.1121     0.6806     0.9989     0.0214     0.1515     0.6731     1.0248     0.1277     0.1908     0.6781 
           Overlap                
Reduction                  0.0000     0.0000     0.0000     0.0000     0.0000     0.0000     0.0000     0.0000     0.0000     0.0000     0.0000     0.0000     0.0000     0.0000     0.0000     0.0000     0.0000     0.0000     0.0000     0.0000 
Shadow                     0.0000     0.0000     0.0000     0.0000     0.0000     0.0000     0.0000     0.0000     0.0000     0.0001     0.0000     0.0000     0.0000     0.0000     0.0000     0.0000     0.0000     0.0000     0.0000     0.0000 


-------------------------------------------------------------------------
Name (number) and performance time of processors
DVM(1) 1.028968
DVM(2) 1.028717
DVM(3) 1.028767
DVM(4) 1.028709
DVM(5) 1.029061
DVM(6) 1.028994
DVM(7) 1.028848
DVM(8) 1.028871
DVM(9) 1.028829
DVM(10) 1.028793
DVM(11) 1.028436
DVM(12) 1.028439
DVM(13) 1.029148
DVM(14) 1.029153
DVM(15) 1.028432
DVM(16) 1.040286
DVM(17) 1.029195
DVM(18) 1.029191
DVM(19) 1.031942
DVM(20) 1.028714
min - DVM(15) 1.028432; max - DVM(16) 1.040286; mid - 1.029575
