Processor system=2*4*2
Statistics has been accumulated on DVM-system version 5.0, platform DVM
Analyzer is executing on DVM-system version 5.0, platform DVM
-------------------------------------------------------------------------
INTERVAL ( NLINE=20 SOURCE=jac3d.c ) LEVEL=0  EXE_COUNT=1
--- The main characteristics --- 
Parallelization efficiency      0.6247 
Execution time                  9.0656 
Processors                          16
Threads amount                      16
Total time                    145.0496
Productive time                90.6134 ( CPU= 90.2943 Sys= 0.3192 I/O= 0.0000 )
Lost  time                     54.4362 
   Insufficient parallelism    44.9393 ( User= 40.1521 Sys= 4.7873 )
   Communication                9.4505 ( Real_sync= 0.0000 Starts= 0.0000 )
   Idle time                    0.0463
Load imbalance                  8.3265
Synchronization                 1.0442
Time variation                  1.7160
Overlap                         0.0002
                  Nop   Communic    Synchro  Variation    Overlap 
Reduction          20     8.5322     0.0021     0.0020     0.0001 
Shadow             20     0.9184     1.0421     1.7140     0.0001 
--- The comparative characteristics --- 
                              Tmin N proc      Tmax N proc      Tmid
Lost time                   2.8819     2     4.7464    15     3.4023 
User insufficient par.      2.4965     2     2.5432    15     2.5095 
Sys.insufficient par.       0.1368    15     0.3850     6     0.2992 
Idle time                   0.0000     2     0.0052    16     0.0029 
Communication               0.0623     2     2.0613    15     0.5907 
Synchronization             0.0018     6     0.1502    15     0.0653 
Variation                   0.0029     6     0.2735    16     0.1073 
Overlap                     0.0000     1     0.0001     6     0.0000 
Load imbalance              0.0000     2     1.8646    15     0.5204 
Execution time              9.0604    16     9.0656     2     9.0627 
User CPU time               4.3101    15     6.1622     2     5.6434 
Sys. CPU time               0.0091    15     0.0257     6     0.0199 
Processors                      16     1         16    16         16 
                      Communic          Synchro        Variation          Overlap  
Reduction       Tmin    0.0006     6     0.0001    11     0.0001    11     0.0000     1 
Reduction       Tmax    2.0005    15     0.0002     4     0.0002     4     0.0000    11 
Reduction       Tmid    0.5333           0.0001           0.0001           0.0000       
Shadow          Tmin    0.0365     9     0.0017     6     0.0028     6     0.0000     1 
Shadow          Tmax    0.0804    13     0.1500    15     0.2734    16     0.0001     6 
Shadow          Tmid    0.0574           0.0651           0.1071           0.0000       
--- The execution characteristics --- 
                                1          2          3          4          5          6          7          8          9         10         11         12         13         14         15         16 
Lost time                  2.9745     2.8819     2.9766     2.9477     2.9986     2.9549     2.9978     2.9088     3.0010     3.0346     3.0425     2.9729     4.6239     4.7031     4.7464     4.6709 
User insufficient par.     2.4996     2.4965     2.5037     2.4976     2.4990     2.4965     2.4990     2.4990     2.4984     2.5031     2.4980     2.4975     2.5398     2.5391     2.5432     2.5419 
Sys.insufficient par.      0.3237     0.3230     0.3475     0.3811     0.3823     0.3850     0.3172     0.3190     0.3179     0.3207     0.3733     0.3770     0.1686     0.1762     0.1368     0.1380 
Idle time                  0.0016     0.0000     0.0043     0.0023     0.0027     0.0008     0.0035     0.0004     0.0031     0.0012     0.0039     0.0020     0.0051     0.0052     0.0052     0.0052 
Communication              0.1497     0.0623     0.1212     0.0667     0.1146     0.0725     0.1781     0.0904     0.1816     0.2096     0.1673     0.0964     1.9103     1.9826     2.0613     1.9858 
Synchronization            0.0585     0.0587     0.0185     0.0177     0.0037     0.0018     0.0684     0.0688     0.0691     0.0709     0.0125     0.0113     0.1426     0.1418     0.1502     0.1497 
Variation                  0.1030     0.1028     0.0551     0.0138     0.0078     0.0029     0.0966     0.0964     0.1098     0.1083     0.0190     0.0172     0.2189     0.2178     0.2732     0.2735 
Overlap                    0.0000     0.0000     0.0000     0.0000     0.0000     0.0001     0.0000     0.0000     0.0000     0.0000     0.0000     0.0000     0.0000     0.0000     0.0000     0.0000 
Load imbalance             0.0926     0.0000     0.0948     0.0659     0.1167     0.0730     0.1159     0.0270     0.1192     0.1528     0.1607     0.0910     1.7421     1.8213     1.8646     1.7891 
Execution time             9.0640     9.0656     9.0613     9.0633     9.0629     9.0648     9.0621     9.0652     9.0625     9.0644     9.0617     9.0636     9.0605     9.0604     9.0604     9.0604 
User CPU time              6.0695     6.1622     6.0658     6.0925     6.0415     6.0850     6.0467     6.1355     6.0434     6.0096     5.9982     6.0676     4.4304     4.3507     4.3101     4.3855 
Sys. CPU time              0.0216     0.0215     0.0232     0.0254     0.0255     0.0257     0.0211     0.0213     0.0212     0.0214     0.0249     0.0251     0.0112     0.0117     0.0091     0.0092 
Processors                     16         16         16         16         16         16         16         16         16         16         16         16         16         16         16         16 
           Communication          
Reduction                  0.1129     0.0248     0.0614     0.0013     0.0446     0.0006     0.1293     0.0414     0.1452     0.1730     0.1008     0.0299     1.8300     1.9091     2.0005     1.9274 
Shadow                     0.0368     0.0375     0.0598     0.0654     0.0700     0.0719     0.0488     0.0490     0.0365     0.0366     0.0665     0.0665     0.0804     0.0735     0.0608     0.0584 
           Synchronization        
Reduction                  0.0001     0.0002     0.0001     0.0002     0.0001     0.0001     0.0001     0.0001     0.0001     0.0001     0.0001     0.0001     0.0001     0.0002     0.0002     0.0001 
Shadow                     0.0584     0.0585     0.0184     0.0175     0.0036     0.0017     0.0683     0.0686     0.0689     0.0708     0.0124     0.0112     0.1424     0.1417     0.1500     0.1496 
           Variation              
Reduction                  0.0001     0.0002     0.0001     0.0002     0.0001     0.0001     0.0001     0.0001     0.0001     0.0001     0.0001     0.0001     0.0001     0.0002     0.0001     0.0001 
Shadow                     0.1028     0.1026     0.0550     0.0137     0.0076     0.0028     0.0965     0.0963     0.1097     0.1082     0.0190     0.0171     0.2187     0.2176     0.2731     0.2734 
           Overlap                
Reduction                  0.0000     0.0000     0.0000     0.0000     0.0000     0.0000     0.0000     0.0000     0.0000     0.0000     0.0000     0.0000     0.0000     0.0000     0.0000     0.0000 
Shadow                     0.0000     0.0000     0.0000     0.0000     0.0000     0.0001     0.0000     0.0000     0.0000     0.0000     0.0000     0.0000     0.0000     0.0000     0.0000     0.0000 


-------------------------------------------------------------------------
INTERVAL ( NLINE=42 SOURCE=jac3d.c ) LEVEL=1 SEQ EXE_COUNT=1
--- The main characteristics --- 
Parallelization efficiency      0.8585 
Execution time                  6.2155 
Processors                          16
Threads amount                      16
Total time                     99.4482
Productive time                85.3810 ( CPU= 85.1111 Sys= 0.2699 I/O= 0.0000 )
Lost  time                     14.0671 
   Insufficient parallelism     4.2460 ( User= 0.1978 Sys= 4.0483 )
   Communication                9.4505 ( Real_sync= 0.0000 Starts= 0.0000 )
   Idle time                    0.3706
Load imbalance                  8.0455
Synchronization                 1.0442
Time variation                  1.7160
Overlap                         0.0002
                  Nop   Communic    Synchro  Variation    Overlap 
Reduction          20     8.5322     0.0021     0.0020     0.0001 
Shadow             20     0.9184     1.0421     1.7140     0.0001 
--- The comparative characteristics --- 
                              Tmin N proc      Tmax N proc      Tmid
Lost time                   0.3764     2     2.1709    15     0.8792 
User insufficient par.      0.0089    14     0.0178     3     0.0124 
Sys.insufficient par.       0.0941    15     0.3369     6     0.2530 
Idle time                   0.0000    13     0.0320     1     0.0232 
Communication               0.0623     2     2.0613    15     0.5907 
Synchronization             0.0018     6     0.1502    15     0.0653 
Variation                   0.0029     6     0.2735    16     0.1073 
Overlap                     0.0000     1     0.0001     6     0.0000 
Load imbalance              0.0000     2     1.7946    15     0.5028 
Execution time              6.1835     1     6.2155    13     6.1923 
User CPU time               4.0383    15     5.8208     2     5.3194 
Sys. CPU time               0.0063    15     0.0225     6     0.0169 
Processors                      16     1         16    16         16 
                      Communic          Synchro        Variation          Overlap  
Reduction       Tmin    0.0006     6     0.0001    11     0.0001    11     0.0000     1 
Reduction       Tmax    2.0005    15     0.0002     4     0.0002     4     0.0000    11 
Reduction       Tmid    0.5333           0.0001           0.0001           0.0000       
Shadow          Tmin    0.0365     9     0.0017     6     0.0028     6     0.0000     1 
Shadow          Tmax    0.0804    13     0.1500    15     0.2734    16     0.0001     6 
Shadow          Tmid    0.0574           0.0651           0.1071           0.0000       
--- The execution characteristics --- 
                                1          2          3          4          5          6          7          8          9         10         11         12         13         14         15         16 
Lost time                  0.4693     0.3764     0.4713     0.4418     0.4930     0.4503     0.4924     0.4033     0.4947     0.5284     0.5366     0.4666     2.0478     2.1275     2.1709     2.0969 
User insufficient par.     0.0120     0.0105     0.0178     0.0144     0.0145     0.0124     0.0118     0.0133     0.0115     0.0149     0.0120     0.0134     0.0107     0.0089     0.0107     0.0091 
Sys.insufficient par.      0.2757     0.2749     0.3015     0.3334     0.3347     0.3369     0.2707     0.2710     0.2704     0.2727     0.3270     0.3291     0.1268     0.1336     0.0941     0.0958 
Idle time                  0.0320     0.0286     0.0308     0.0273     0.0292     0.0285     0.0319     0.0286     0.0312     0.0312     0.0302     0.0277     0.0000     0.0024     0.0048     0.0062 
Communication              0.1497     0.0623     0.1212     0.0667     0.1146     0.0725     0.1781     0.0904     0.1816     0.2096     0.1673     0.0964     1.9103     1.9826     2.0613     1.9858 
Synchronization            0.0585     0.0587     0.0185     0.0177     0.0037     0.0018     0.0684     0.0688     0.0691     0.0709     0.0125     0.0113     0.1426     0.1418     0.1502     0.1497 
Variation                  0.1030     0.1028     0.0551     0.0138     0.0078     0.0029     0.0966     0.0964     0.1098     0.1083     0.0190     0.0172     0.2189     0.2178     0.2732     0.2735 
Overlap                    0.0000     0.0000     0.0000     0.0000     0.0000     0.0001     0.0000     0.0000     0.0000     0.0000     0.0000     0.0000     0.0000     0.0000     0.0000     0.0000 
Load imbalance             0.0930     0.0000     0.0949     0.0654     0.1167     0.0739     0.1161     0.0269     0.1183     0.1521     0.1602     0.0902     1.6714     1.7512     1.7946     1.7206 
Execution time             6.1835     6.1869     6.1847     6.1882     6.1863     6.1870     6.1836     6.1869     6.1843     6.1843     6.1853     6.1878     6.2155     6.2132     6.2108     6.2093 
User CPU time              5.7278     5.8208     5.7242     5.7515     5.7002     5.7428     5.7051     5.7942     5.7028     5.6689     5.6571     5.7270     4.1593     4.0791     4.0383     4.1122 
Sys. CPU time              0.0184     0.0183     0.0201     0.0222     0.0223     0.0225     0.0180     0.0181     0.0180     0.0182     0.0218     0.0219     0.0085     0.0089     0.0063     0.0064 
Processors                     16         16         16         16         16         16         16         16         16         16         16         16         16         16         16         16 
           Communication          
Reduction                  0.1129     0.0248     0.0614     0.0013     0.0446     0.0006     0.1293     0.0414     0.1452     0.1730     0.1008     0.0299     1.8300     1.9091     2.0005     1.9274 
Shadow                     0.0368     0.0375     0.0598     0.0654     0.0700     0.0719     0.0488     0.0490     0.0365     0.0366     0.0665     0.0665     0.0804     0.0735     0.0608     0.0584 
           Synchronization        
Reduction                  0.0001     0.0002     0.0001     0.0002     0.0001     0.0001     0.0001     0.0001     0.0001     0.0001     0.0001     0.0001     0.0001     0.0002     0.0002     0.0001 
Shadow                     0.0584     0.0585     0.0184     0.0175     0.0036     0.0017     0.0683     0.0686     0.0689     0.0708     0.0124     0.0112     0.1424     0.1417     0.1500     0.1496 
           Variation              
Reduction                  0.0001     0.0002     0.0001     0.0002     0.0001     0.0001     0.0001     0.0001     0.0001     0.0001     0.0001     0.0001     0.0001     0.0002     0.0001     0.0001 
Shadow                     0.1028     0.1026     0.0550     0.0137     0.0076     0.0028     0.0965     0.0963     0.1097     0.1082     0.0190     0.0171     0.2187     0.2176     0.2731     0.2734 
           Overlap                
Reduction                  0.0000     0.0000     0.0000     0.0000     0.0000     0.0000     0.0000     0.0000     0.0000     0.0000     0.0000     0.0000     0.0000     0.0000     0.0000     0.0000 
Shadow                     0.0000     0.0000     0.0000     0.0000     0.0000     0.0001     0.0000     0.0000     0.0000     0.0000     0.0000     0.0000     0.0000     0.0000     0.0000     0.0000 


-------------------------------------------------------------------------
Name (number) and performance time of processors
DVM(1) 1.028880
DVM(2) 1.028806
DVM(3) 1.028805
DVM(4) 1.028832
DVM(5) 1.029088
DVM(6) 1.028995
DVM(7) 1.028399
DVM(8) 1.028427
DVM(9) 1.028632
DVM(10) 1.028582
DVM(11) 1.028762
DVM(12) 1.028753
DVM(13) 1.028909
DVM(14) 1.028892
DVM(15) 1.028915
DVM(16) 1.028924
min - DVM(7) 1.028399; max - DVM(5) 1.029088; mid - 1.028787
