Processor system=2*2*5
Statistics has been accumulated on DVM-system version 5.0, platform DVM
Analyzer is executing on DVM-system version 5.0, platform DVM
-------------------------------------------------------------------------
INTERVAL ( NLINE=20 SOURCE=jac3d.c ) LEVEL=0  EXE_COUNT=2
--- The main characteristics --- 
Parallelization efficiency      0.6008 
Execution time                  9.1919 
Processors                          20
Threads amount                      20
Total time                    183.8376
Productive time               110.4468 ( CPU= 109.7522 Sys= 0.6946 I/O= 0.0000 )
Lost  time                     73.3908 
   Insufficient parallelism    63.3360 ( User= 50.1388 Sys= 13.1972 )
   Communication               10.0532 ( Real_sync= 0.0000 Starts= 0.0000 )
   Idle time                    0.0016
Load imbalance                  4.6657
Synchronization                 2.2020
Time variation                  4.4262
Overlap                         0.0002
                  Nop   Communic    Synchro  Variation    Overlap 
Reduction          21     8.1853     0.0017     0.0017     0.0001 
Shadow             21     1.8679     2.2003     4.4246     0.0001 
--- The comparative characteristics --- 
                              Tmin N proc      Tmax N proc      Tmid
Lost time                   3.4363    12     4.1729    16     3.6695 
User insufficient par.      2.4893    12     2.5628     1     2.5069 
Sys.insufficient par.       0.2596    11     0.8822    13     0.6599 
Idle time                   0.0000     4     0.0002     2     0.0001 
Communication               0.0769    13     1.3708    16     0.5027 
Synchronization             0.0040     8     0.2622    15     0.1101 
Variation                   0.0081    13     0.7044    16     0.2213 
Overlap                     0.0000     1     0.0000     8     0.0000 
Load imbalance              0.0000    12     0.7367    16     0.2333 
Execution time              9.1917     2     9.1919     4     9.1918 
User CPU time               5.0053    16     5.7099    12     5.4876 
Sys. CPU time               0.0137    11     0.0464    13     0.0347 
Processors                      20     1         20    20         20 
                      Communic          Synchro        Variation          Overlap  
Reduction       Tmin    0.0029    13     0.0000    11     0.0000    11     0.0000     1 
Reduction       Tmax    1.3407    16     0.0001    12     0.0001    14     0.0000    11 
Reduction       Tmid    0.4093           0.0001           0.0001           0.0000       
Shadow          Tmin    0.0296    11     0.0040     8     0.0080    13     0.0000     1 
Shadow          Tmax    0.2284     5     0.2621    15     0.7043    16     0.0000     3 
Shadow          Tmid    0.0934           0.1100           0.2212           0.0000       
--- The execution characteristics --- 
                                1          2          3          4          5          6          7          8          9         10         11         12         13         14         15         16         17         18         19         20 
Lost time                  3.9248     3.4466     3.4622     3.4681     3.6615     4.1571     3.4993     3.6457     3.6254     3.7907     4.0358     3.4363     3.4527     3.4425     3.6776     4.1729     3.5022     3.5966     3.6282     3.7646 
User insufficient par.     2.5628     2.4905     2.4911     2.4943     2.5060     2.5321     2.4927     2.4968     2.4960     2.5093     2.5390     2.4893     2.4935     2.4908     2.5109     2.5424     2.4971     2.4965     2.4966     2.5110 
Sys.insufficient par.      0.2655     0.8714     0.8816     0.8819     0.4190     0.2608     0.8658     0.8739     0.8712     0.4228     0.2596     0.8684     0.8822     0.8720     0.4206     0.2598     0.8605     0.8638     0.8666     0.4298 
Idle time                  0.0000     0.0002     0.0001     0.0000     0.0000     0.0001     0.0001     0.0001     0.0001     0.0002     0.0001     0.0000     0.0001     0.0000     0.0000     0.0000     0.0001     0.0001     0.0001     0.0000 
Communication              1.0965     0.0845     0.0894     0.0920     0.7364     1.3641     0.1407     0.2749     0.2580     0.8584     1.2371     0.0785     0.0769     0.0796     0.7461     1.3708     0.1444     0.2362     0.2649     0.8237 
Synchronization            0.2501     0.0136     0.0075     0.0087     0.2611     0.2545     0.0143     0.0040     0.0096     0.2572     0.2558     0.0158     0.0074     0.0143     0.2622     0.2561     0.0224     0.0120     0.0162     0.2592 
Variation                  0.6994     0.0209     0.0086     0.0123     0.3399     0.7022     0.0261     0.0178     0.0203     0.3368     0.7036     0.0264     0.0081     0.0218     0.3452     0.7044     0.0378     0.0277     0.0293     0.3375 
Overlap                    0.0000     0.0000     0.0000     0.0000     0.0000     0.0000     0.0000     0.0000     0.0000     0.0000     0.0000     0.0000     0.0000     0.0000     0.0000     0.0000     0.0000     0.0000     0.0000     0.0000 
Load imbalance             0.4885     0.0103     0.0260     0.0318     0.2253     0.7209     0.0631     0.2095     0.1891     0.3544     0.5995     0.0000     0.0165     0.0062     0.2413     0.7367     0.0660     0.1603     0.1920     0.3283 
Execution time             9.1919     9.1917     9.1918     9.1919     9.1919     9.1918     9.1917     9.1918     9.1917     9.1917     9.1918     9.1918     9.1918     9.1919     9.1919     9.1919     9.1918     9.1918     9.1917     9.1918 
User CPU time              5.2531     5.6995     5.6833     5.6774     5.5083     5.0210     5.6470     5.5002     5.5207     5.3790     5.1424     5.7099     5.6927     5.7035     5.4922     5.0053     5.6444     5.5498     5.5180     5.4047 
Sys. CPU time              0.0140     0.0459     0.0464     0.0464     0.0221     0.0137     0.0456     0.0460     0.0459     0.0223     0.0137     0.0457     0.0464     0.0459     0.0221     0.0137     0.0453     0.0455     0.0456     0.0226 
Processors                     20         20         20         20         20         20         20         20         20         20         20         20         20         20         20         20         20         20         20         20 
           Communication          
Reduction                  1.0652     0.0137     0.0165     0.0218     0.5081     1.3327     0.0716     0.2017     0.1897     0.6304     1.2075     0.0093     0.0029     0.0095     0.5230     1.3407     0.0767     0.1620     0.1992     0.6030 
Shadow                     0.0313     0.0707     0.0729     0.0701     0.2284     0.0314     0.0691     0.0732     0.0683     0.2280     0.0296     0.0692     0.0740     0.0702     0.2230     0.0300     0.0678     0.0742     0.0657     0.2208 
           Synchronization        
Reduction                  0.0001     0.0001     0.0001     0.0001     0.0001     0.0001     0.0001     0.0000     0.0001     0.0000     0.0000     0.0001     0.0001     0.0001     0.0000     0.0001     0.0001     0.0001     0.0001     0.0000 
Shadow                     0.2500     0.0135     0.0074     0.0086     0.2610     0.2544     0.0142     0.0040     0.0096     0.2572     0.2558     0.0156     0.0073     0.0142     0.2621     0.2560     0.0223     0.0119     0.0161     0.2591 
           Variation              
Reduction                  0.0001     0.0001     0.0001     0.0001     0.0001     0.0001     0.0001     0.0000     0.0001     0.0000     0.0000     0.0001     0.0001     0.0001     0.0001     0.0001     0.0001     0.0001     0.0001     0.0000 
Shadow                     0.6993     0.0208     0.0084     0.0122     0.3398     0.7022     0.0260     0.0178     0.0202     0.3367     0.7036     0.0263     0.0080     0.0217     0.3452     0.7043     0.0377     0.0276     0.0293     0.3375 
           Overlap                
Reduction                  0.0000     0.0000     0.0000     0.0000     0.0000     0.0000     0.0000     0.0000     0.0000     0.0000     0.0000     0.0000     0.0000     0.0000     0.0000     0.0000     0.0000     0.0000     0.0000     0.0000 
Shadow                     0.0000     0.0000     0.0000     0.0000     0.0000     0.0000     0.0000     0.0000     0.0000     0.0000     0.0000     0.0000     0.0000     0.0000     0.0000     0.0000     0.0000     0.0000     0.0000     0.0000 


-------------------------------------------------------------------------
INTERVAL ( NLINE=42 SOURCE=jac3d.c ) LEVEL=1 SEQ EXE_COUNT=2
--- The main characteristics --- 
Parallelization efficiency      0.8216 
Execution time                  6.3841 
Processors                          20
Threads amount                      20
Total time                    127.6814
Productive time               104.8993 ( CPU= 104.2592 Sys= 0.6401 I/O= 0.0000 )
Lost  time                     22.7821 
   Insufficient parallelism    12.4602 ( User= 0.2978 Sys= 12.1624 )
   Communication               10.0532 ( Real_sync= 0.0000 Starts= 0.0000 )
   Idle time                    0.2687
Load imbalance                  4.6419
Synchronization                 2.2020
Time variation                  4.4262
Overlap                         0.0002
                  Nop   Communic    Synchro  Variation    Overlap 
Reduction          21     8.1853     0.0017     0.0017     0.0001 
Shadow             21     1.8679     2.2003     4.4246     0.0001 
--- The comparative characteristics --- 
                              Tmin N proc      Tmax N proc      Tmid
Lost time                   0.9070    12     1.6411    16     1.1391 
User insufficient par.      0.0072     6     0.0426     1     0.0149 
Sys.insufficient par.       0.2084     6     0.8295    13     0.6081 
Idle time                   0.0000     7     0.0463    16     0.0134 
Communication               0.0769    13     1.3708    16     0.5027 
Synchronization             0.0040     8     0.2622    15     0.1101 
Variation                   0.0081    13     0.7044    16     0.2213 
Overlap                     0.0000     1     0.0000     8     0.0000 
Load imbalance              0.0000    12     0.7340    16     0.2321 
Execution time              6.3378    16     6.3841     7     6.3706 
User CPU time               4.7320    16     5.4341    12     5.2130 
Sys. CPU time               0.0110     6     0.0437    13     0.0320 
Processors                      20     1         20    20         20 
                      Communic          Synchro        Variation          Overlap  
Reduction       Tmin    0.0029    13     0.0000    11     0.0000    11     0.0000     1 
Reduction       Tmax    1.3407    16     0.0001    12     0.0001    14     0.0000    11 
Reduction       Tmid    0.4093           0.0001           0.0001           0.0000       
Shadow          Tmin    0.0296    11     0.0040     8     0.0080    13     0.0000     1 
Shadow          Tmax    0.2284     5     0.2621    15     0.7043    16     0.0000     3 
Shadow          Tmid    0.0934           0.1100           0.2212           0.0000       
--- The execution characteristics --- 
                                1          2          3          4          5          6          7          8          9         10         11         12         13         14         15         16         17         18         19         20 
Lost time                  1.3935     0.9170     0.9332     0.9394     1.1284     1.6260     0.9679     1.1186     1.0947     1.2595     1.5032     0.9070     0.9247     0.9140     1.1440     1.6411     0.9722     1.0681     1.0971     1.2325 
User insufficient par.     0.0426     0.0121     0.0127     0.0158     0.0113     0.0072     0.0112     0.0152     0.0115     0.0134     0.0133     0.0116     0.0160     0.0131     0.0160     0.0142     0.0173     0.0166     0.0125     0.0143 
Sys.insufficient par.      0.2130     0.8192     0.8291     0.8292     0.3669     0.2084     0.8160     0.8210     0.8223     0.3708     0.2107     0.8156     0.8295     0.8193     0.3683     0.2097     0.8083     0.8112     0.8168     0.3773 
Idle time                  0.0415     0.0012     0.0020     0.0025     0.0137     0.0463     0.0000     0.0074     0.0030     0.0169     0.0422     0.0014     0.0022     0.0020     0.0137     0.0463     0.0022     0.0041     0.0029     0.0172 
Communication              1.0965     0.0845     0.0894     0.0920     0.7364     1.3641     0.1407     0.2749     0.2580     0.8584     1.2371     0.0785     0.0769     0.0796     0.7461     1.3708     0.1444     0.2362     0.2649     0.8237 
Synchronization            0.2501     0.0136     0.0075     0.0087     0.2611     0.2545     0.0143     0.0040     0.0096     0.2572     0.2558     0.0158     0.0074     0.0143     0.2622     0.2561     0.0224     0.0120     0.0162     0.2592 
Variation                  0.6994     0.0209     0.0086     0.0123     0.3399     0.7022     0.0261     0.0178     0.0203     0.3368     0.7036     0.0264     0.0081     0.0218     0.3452     0.7044     0.0378     0.0277     0.0293     0.3375 
Overlap                    0.0000     0.0000     0.0000     0.0000     0.0000     0.0000     0.0000     0.0000     0.0000     0.0000     0.0000     0.0000     0.0000     0.0000     0.0000     0.0000     0.0000     0.0000     0.0000     0.0000 
Load imbalance             0.4865     0.0100     0.0262     0.0324     0.2214     0.7190     0.0608     0.2116     0.1877     0.3525     0.5962     0.0000     0.0176     0.0070     0.2370     0.7340     0.0652     0.1611     0.1901     0.3255 
Execution time             6.3426     6.3829     6.3820     6.3816     6.3704     6.3378     6.3841     6.3766     6.3811     6.3672     6.3419     6.3827     6.3818     6.3821     6.3704     6.3378     6.3819     6.3800     6.3812     6.3669 
User CPU time              4.9793     5.4239     5.4072     5.4010     5.2364     4.7471     5.3733     5.2222     5.2461     5.1050     4.8697     5.4341     5.4158     5.4270     5.2206     4.7320     5.3693     5.2733     5.2440     5.1317 
Sys. CPU time              0.0112     0.0431     0.0436     0.0436     0.0193     0.0110     0.0429     0.0432     0.0433     0.0195     0.0111     0.0429     0.0437     0.0431     0.0194     0.0110     0.0425     0.0427     0.0430     0.0199 
Processors                     20         20         20         20         20         20         20         20         20         20         20         20         20         20         20         20         20         20         20         20 
           Communication          
Reduction                  1.0652     0.0137     0.0165     0.0218     0.5081     1.3327     0.0716     0.2017     0.1897     0.6304     1.2075     0.0093     0.0029     0.0095     0.5230     1.3407     0.0767     0.1620     0.1992     0.6030 
Shadow                     0.0313     0.0707     0.0729     0.0701     0.2284     0.0314     0.0691     0.0732     0.0683     0.2280     0.0296     0.0692     0.0740     0.0702     0.2230     0.0300     0.0678     0.0742     0.0657     0.2208 
           Synchronization        
Reduction                  0.0001     0.0001     0.0001     0.0001     0.0001     0.0001     0.0001     0.0000     0.0001     0.0000     0.0000     0.0001     0.0001     0.0001     0.0000     0.0001     0.0001     0.0001     0.0001     0.0000 
Shadow                     0.2500     0.0135     0.0074     0.0086     0.2610     0.2544     0.0142     0.0040     0.0096     0.2572     0.2558     0.0156     0.0073     0.0142     0.2621     0.2560     0.0223     0.0119     0.0161     0.2591 
           Variation              
Reduction                  0.0001     0.0001     0.0001     0.0001     0.0001     0.0001     0.0001     0.0000     0.0001     0.0000     0.0000     0.0001     0.0001     0.0001     0.0001     0.0001     0.0001     0.0001     0.0001     0.0000 
Shadow                     0.6993     0.0208     0.0084     0.0122     0.3398     0.7022     0.0260     0.0178     0.0202     0.3367     0.7036     0.0263     0.0080     0.0217     0.3452     0.7043     0.0377     0.0276     0.0293     0.3375 
           Overlap                
Reduction                  0.0000     0.0000     0.0000     0.0000     0.0000     0.0000     0.0000     0.0000     0.0000     0.0000     0.0000     0.0000     0.0000     0.0000     0.0000     0.0000     0.0000     0.0000     0.0000     0.0000 
Shadow                     0.0000     0.0000     0.0000     0.0000     0.0000     0.0000     0.0000     0.0000     0.0000     0.0000     0.0000     0.0000     0.0000     0.0000     0.0000     0.0000     0.0000     0.0000     0.0000     0.0000 


-------------------------------------------------------------------------
Name (number) and performance time of processors
DVM(1) 1.029005
DVM(2) 1.028816
DVM(3) 1.029139
DVM(4) 1.029128
DVM(5) 1.028569
DVM(6) 1.028474
DVM(7) 1.028561
DVM(8) 1.028561
DVM(9) 1.028501
DVM(10) 1.028493
DVM(11) 1.028862
DVM(12) 1.028747
DVM(13) 1.028765
DVM(14) 1.028724
DVM(15) 1.028491
DVM(16) 1.028475
DVM(17) 1.028763
DVM(18) 1.037786
DVM(19) 1.029927
DVM(20) 1.029793
min - DVM(6) 1.028474; max - DVM(18) 1.037786; mid - 1.029279
