Processor system=3*1*5
Statistics has been accumulated on DVM-system version 5.0, platform DVM
Analyzer is executing on DVM-system version 5.0, platform DVM
-------------------------------------------------------------------------
INTERVAL ( NLINE=20 SOURCE=jac3d.c ) LEVEL=0  EXE_COUNT=1
--- The main characteristics --- 
Parallelization efficiency      0.5369 
Execution time                  9.5753 
Processors                          15
Threads amount                      15
Total time                    143.6294
Productive time                77.1096 ( CPU= 76.3140 Sys= 0.7957 I/O= 0.0000 )
Lost  time                     66.5198 
   Insufficient parallelism    49.5457 ( User= 38.4063 Sys= 11.1395 )
   Communication               16.9326 ( Real_sync= 0.0000 Starts= 0.0000 )
   Idle time                    0.0415
Load imbalance                 10.3367
Synchronization                10.1499
Time variation                 16.2115
Overlap                         0.0002
                  Nop   Communic    Synchro  Variation    Overlap 
Reduction          20    13.9839     0.0010     0.0009     0.0001 
Shadow             20     2.9486    10.1489    16.2106     0.0002 
--- The comparative characteristics --- 
                              Tmin N proc      Tmax N proc      Tmid
Lost time                   3.7455     6     5.9908    11     4.4347 
User insufficient par.      2.5273     7     2.6367    11     2.5604 
Sys.insufficient par.       0.1876    11     1.8257     9     0.7426 
Idle time                   0.0000     7     0.0046    12     0.0028 
Communication               0.1362     7     3.1619    11     1.1288 
Synchronization             0.0001     9     0.9602    15     0.6767 
Variation                   0.0001     9     1.8195    11     1.0808 
Overlap                     0.0000     1     0.0002     9     0.0000 
Load imbalance              0.0000     6     2.2452    11     0.6891 
Execution time              9.5707    12     9.5753     7     9.5725 
User CPU time               3.5711    11     5.8015     6     5.0876 
Sys. CPU time               0.0134    11     0.1304     9     0.0530 
Processors                      15     1         15    15         15 
                      Communic          Synchro        Variation          Overlap  
Reduction       Tmin    0.0004     9     0.0000     6     0.0000     6     0.0000     1 
Reduction       Tmax    3.1186    11     0.0001     9     0.0001     9     0.0000     6 
Reduction       Tmid    0.9323           0.0001           0.0001           0.0000       
Shadow          Tmin    0.0246     1     0.0000     9     0.0000     9     0.0000     1 
Shadow          Tmax    0.7721    10     0.9602    15     1.8195    11     0.0002     9 
Shadow          Tmid    0.1966           0.6766           1.0807           0.0000       
--- The execution characteristics --- 
                                1          2          3          4          5          6          7          8          9         10         11         12         13         14         15 
Lost time                  4.1943     3.8607     3.7727     3.7530     3.8007     3.7455     3.9748     3.9665     4.4956     4.0839     5.9908     5.0750     5.1311     5.0522     5.6230 
User insufficient par.     2.5916     2.5416     2.5307     2.5350     2.5478     2.5611     2.5273     2.5315     2.5306     2.5387     2.6367     2.5780     2.5804     2.5642     2.6113 
Sys.insufficient par.      0.2938     1.1057     1.0701     1.0450     0.3904     0.3954     1.3113     1.2957     1.8257     0.5797     0.1876     0.4621     0.4708     0.4723     0.2338 
Idle time                  0.0023     0.0018     0.0018     0.0016     0.0021     0.0032     0.0000     0.0026     0.0000     0.0029     0.0046     0.0046     0.0046     0.0046     0.0046 
Communication              1.3065     0.2115     0.1702     0.1714     0.8605     0.7859     0.1362     0.1367     0.1394     0.9626     3.1619     2.0303     2.0753     2.0111     2.7733 
Synchronization            0.8864     0.4897     0.5173     0.5265     0.8909     0.8686     0.3588     0.3705     0.0001     0.8843     0.9567     0.8153     0.8117     0.8130     0.9602 
Variation                  1.7316     0.8336     0.8582     0.8956     1.2947     1.6190     0.5745     0.6021     0.0001     0.6782     1.8195     1.3201     1.3400     0.9731     1.6712 
Overlap                    0.0000     0.0000     0.0000     0.0000     0.0000     0.0000     0.0000     0.0000     0.0002     0.0000     0.0000     0.0000     0.0000     0.0000     0.0000 
Load imbalance             0.4488     0.1152     0.0272     0.0074     0.0552     0.0000     0.2293     0.2210     0.7501     0.3383     2.2452     1.3295     1.3855     1.3066     1.8774 
Execution time             9.5730     9.5735     9.5735     9.5737     9.5732     9.5721     9.5753     9.5727     9.5753     9.5724     9.5707     9.5707     9.5707     9.5707     9.5707 
User CPU time              5.3600     5.6356     5.7261     5.7477     5.7467     5.8015     5.5068     5.5162     4.9493     5.4500     3.5711     4.4673     4.4106     4.4894     3.9356 
Sys. CPU time              0.0210     0.0790     0.0764     0.0746     0.0279     0.0282     0.0937     0.0926     0.1304     0.0414     0.0134     0.0330     0.0336     0.0337     0.0167 
Processors                     15         15         15         15         15         15         15         15         15         15         15         15         15         15         15 
           Communication          
Reduction                  1.2818     0.1588     0.1048     0.1154     0.5024     0.7574     0.0299     0.0343     0.0004     0.1905     3.1186     1.7812     1.8538     1.4241     2.6305 
Shadow                     0.0246     0.0527     0.0654     0.0560     0.3581     0.0285     0.1063     0.1024     0.1389     0.7721     0.0433     0.2491     0.2216     0.5869     0.1428 
           Synchronization        
Reduction                  0.0001     0.0001     0.0001     0.0000     0.0001     0.0000     0.0001     0.0001     0.0001     0.0000     0.0001     0.0001     0.0001     0.0001     0.0000 
Shadow                     0.8863     0.4896     0.5173     0.5264     0.8909     0.8686     0.3586     0.3704     0.0000     0.8842     0.9566     0.8152     0.8116     0.8129     0.9602 
           Variation              
Reduction                  0.0001     0.0001     0.0001     0.0000     0.0001     0.0000     0.0001     0.0001     0.0001     0.0000     0.0000     0.0001     0.0001     0.0001     0.0000 
Shadow                     1.7316     0.8335     0.8581     0.8956     1.2946     1.6190     0.5744     0.6019     0.0000     0.6782     1.8195     1.3201     1.3399     0.9730     1.6712 
           Overlap                
Reduction                  0.0000     0.0000     0.0000     0.0000     0.0000     0.0000     0.0000     0.0000     0.0000     0.0000     0.0000     0.0000     0.0000     0.0000     0.0000 
Shadow                     0.0000     0.0000     0.0000     0.0000     0.0000     0.0000     0.0000     0.0000     0.0002     0.0000     0.0000     0.0000     0.0000     0.0000     0.0000 


-------------------------------------------------------------------------
INTERVAL ( NLINE=42 SOURCE=jac3d.c ) LEVEL=1 SEQ EXE_COUNT=1
--- The main characteristics --- 
Parallelization efficiency      0.7174 
Execution time                  6.6819 
Processors                          15
Threads amount                      15
Total time                    100.2282
Productive time                71.8991 ( CPU= 71.1517 Sys= 0.7474 I/O= 0.0000 )
Lost  time                     28.3291 
   Insufficient parallelism    10.6571 ( User= 0.1936 Sys= 10.4635 )
   Communication               16.9326 ( Real_sync= 0.0000 Starts= 0.0000 )
   Idle time                    0.7394
Load imbalance                  9.9541
Synchronization                10.1499
Time variation                 16.2115
Overlap                         0.0002
                  Nop   Communic    Synchro  Variation    Overlap 
Reduction          20    13.9839     0.0010     0.0009     0.0001 
Shadow             20     2.9486    10.1489    16.2106     0.0002 
--- The comparative characteristics --- 
                              Tmin N proc      Tmax N proc      Tmid
Lost time                   1.2250     6     3.3946    11     1.8886 
User insufficient par.      0.0083    11     0.0170     1     0.0129 
Sys.insufficient par.       0.1461    11     1.7789     9     0.6976 
Idle time                   0.0000    14     0.1050     1     0.0493 
Communication               0.1362     7     3.1619    11     1.1288 
Synchronization             0.0001     9     0.9602    15     0.6767 
Variation                   0.0001     9     1.8195    11     1.0808 
Overlap                     0.0000     1     0.0002     9     0.0000 
Load imbalance              0.0000     6     2.1696    11     0.6636 
Execution time              6.5769     1     6.6819    14     6.6326 
User CPU time               3.2769    11     5.4319     6     4.7434 
Sys. CPU time               0.0104    11     0.1271     9     0.0498 
Processors                      15     1         15    15         15 
                      Communic          Synchro        Variation          Overlap  
Reduction       Tmin    0.0004     9     0.0000     6     0.0000     6     0.0000     1 
Reduction       Tmax    3.1186    11     0.0001     9     0.0001     9     0.0000     6 
Reduction       Tmid    0.9323           0.0001           0.0001           0.0000       
Shadow          Tmin    0.0246     1     0.0000     9     0.0000     9     0.0000     1 
Shadow          Tmax    0.7721    10     0.9602    15     1.8195    11     0.0002     9 
Shadow          Tmid    0.1966           0.6766           1.0807           0.0000       
--- The execution characteristics --- 
                                1          2          3          4          5          6          7          8          9         10         11         12         13         14         15 
Lost time                  1.6757     1.3409     1.2532     1.2332     1.2788     1.2250     1.4559     1.4469     1.9773     1.5617     3.3946     2.4759     2.5326     2.4524     3.0251 
User insufficient par.     0.0170     0.0137     0.0114     0.0151     0.0135     0.0165     0.0100     0.0162     0.0146     0.0160     0.0083     0.0093     0.0108     0.0115     0.0099 
Sys.insufficient par.      0.2472     1.0589     1.0232     0.9982     0.3438     0.3497     1.2643     1.2490     1.7789     0.5337     0.1461     0.4203     0.4281     0.4299     0.1922 
Idle time                  0.1050     0.0568     0.0484     0.0486     0.0610     0.0729     0.0454     0.0450     0.0444     0.0495     0.0783     0.0160     0.0183     0.0000     0.0497 
Communication              1.3065     0.2115     0.1702     0.1714     0.8605     0.7859     0.1362     0.1367     0.1394     0.9626     3.1619     2.0303     2.0753     2.0111     2.7733 
Synchronization            0.8864     0.4897     0.5173     0.5265     0.8909     0.8686     0.3588     0.3705     0.0001     0.8843     0.9567     0.8153     0.8117     0.8130     0.9602 
Variation                  1.7316     0.8336     0.8582     0.8956     1.2947     1.6190     0.5745     0.6021     0.0001     0.6782     1.8195     1.3201     1.3400     0.9731     1.6712 
Overlap                    0.0000     0.0000     0.0000     0.0000     0.0000     0.0000     0.0000     0.0000     0.0002     0.0000     0.0000     0.0000     0.0000     0.0000     0.0000 
Load imbalance             0.4507     0.1159     0.0282     0.0082     0.0538     0.0000     0.2309     0.2219     0.7523     0.3367     2.1696     1.2509     1.3076     1.2274     1.8001 
Execution time             6.5769     6.6250     6.6335     6.6333     6.6209     6.6089     6.6365     6.6369     6.6374     6.6323     6.6036     6.6659     6.6636     6.6819     6.6322 
User CPU time              4.9885     5.2653     5.3556     5.3774     5.3785     5.4319     5.1357     5.1458     4.5776     5.0820     3.2769     4.1760     4.1187     4.1987     3.6431 
Sys. CPU time              0.0177     0.0756     0.0731     0.0713     0.0246     0.0250     0.0903     0.0892     0.1271     0.0381     0.0104     0.0300     0.0306     0.0307     0.0137 
Processors                     15         15         15         15         15         15         15         15         15         15         15         15         15         15         15 
           Communication          
Reduction                  1.2818     0.1588     0.1048     0.1154     0.5024     0.7574     0.0299     0.0343     0.0004     0.1905     3.1186     1.7812     1.8538     1.4241     2.6305 
Shadow                     0.0246     0.0527     0.0654     0.0560     0.3581     0.0285     0.1063     0.1024     0.1389     0.7721     0.0433     0.2491     0.2216     0.5869     0.1428 
           Synchronization        
Reduction                  0.0001     0.0001     0.0001     0.0000     0.0001     0.0000     0.0001     0.0001     0.0001     0.0000     0.0001     0.0001     0.0001     0.0001     0.0000 
Shadow                     0.8863     0.4896     0.5173     0.5264     0.8909     0.8686     0.3586     0.3704     0.0000     0.8842     0.9566     0.8152     0.8116     0.8129     0.9602 
           Variation              
Reduction                  0.0001     0.0001     0.0001     0.0000     0.0001     0.0000     0.0001     0.0001     0.0001     0.0000     0.0000     0.0001     0.0001     0.0001     0.0000 
Shadow                     1.7316     0.8335     0.8581     0.8956     1.2946     1.6190     0.5744     0.6019     0.0000     0.6782     1.8195     1.3201     1.3399     0.9730     1.6712 
           Overlap                
Reduction                  0.0000     0.0000     0.0000     0.0000     0.0000     0.0000     0.0000     0.0000     0.0000     0.0000     0.0000     0.0000     0.0000     0.0000     0.0000 
Shadow                     0.0000     0.0000     0.0000     0.0000     0.0000     0.0000     0.0000     0.0000     0.0002     0.0000     0.0000     0.0000     0.0000     0.0000     0.0000 


-------------------------------------------------------------------------
Name (number) and performance time of processors
DVM(1) 1.029042
DVM(2) 1.028809
DVM(3) 1.028801
DVM(4) 1.028875
DVM(5) 1.029011
DVM(6) 1.028980
DVM(7) 1.028667
DVM(8) 1.028720
DVM(9) 1.028641
DVM(10) 1.028619
DVM(11) 1.028773
DVM(12) 1.028740
DVM(13) 1.028814
DVM(14) 1.028838
DVM(15) 0.539531
min - DVM(15) 0.539531; max - DVM(1) 1.029042; mid - 0.996191
