Processor system=7*1*3
Statistics has been accumulated on DVM-system version 5.0, platform DVM
Analyzer is executing on DVM-system version 5.0, platform DVM
-------------------------------------------------------------------------
INTERVAL ( NLINE=20 SOURCE=jac3d.c ) LEVEL=0  EXE_COUNT=2
--- The main characteristics --- 
Parallelization efficiency      0.5394 
Execution time                 11.8301 
Processors                          21
Threads amount                      21
Total time                    248.4316
Productive time               134.0043 ( CPU= 133.4459 Sys= 0.5585 I/O= 0.0000 )
Lost  time                    114.4273 
   Insufficient parallelism    83.7828 ( User= 72.6136 Sys= 11.1692 )
   Communication               30.3179 ( Real_sync= 0.0000 Starts= 0.0000 )
   Idle time                    0.3266
Load imbalance                 10.9909
Synchronization                27.2265
Time variation                 34.9448
Overlap                         0.0004
                  Nop   Communic    Synchro  Variation    Overlap 
Reduction          21    24.4020     5.5453     5.5461     0.0002 
Shadow             21     5.9159    21.6813    29.3987     0.0002 
--- The comparative characteristics --- 
                              Tmin N proc      Tmax N proc      Tmid
Lost time                   4.9255    15     6.1870    19     5.4489 
User insufficient par.      3.3837    18     3.5453    16     3.4578 
Sys.insufficient par.       0.2524     1     1.0973    11     0.5319 
Idle time                   0.0000    21     0.0302    16     0.0156 
Communication               0.7625    20     2.3919    19     1.4437 
Synchronization             0.8657    11     1.5044    18     1.2965 
Variation                   0.9305    11     2.1471    19     1.6640 
Overlap                     0.0000     1     0.0001    11     0.0000 
Load imbalance              0.0000    15     1.2615    19     0.5234 
Execution time             11.7999    16    11.8301    21    11.8145 
User CPU time               5.6300    19     6.8808    15     6.3546 
Sys. CPU time               0.0126     1     0.0549    11     0.0266 
Processors                      21     1         21    21         21 
                      Communic          Synchro        Variation          Overlap  
Reduction       Tmin    0.5819     8     0.2127    11     0.2127    11     0.0000     1 
Reduction       Tmax    2.2690    19     0.3003    18     0.3003    18     0.0000    11 
Reduction       Tmid    1.1620           0.2641           0.2641           0.0000       
Shadow          Tmin    0.1229    19     0.6530    11     0.7177    11     0.0000     1 
Shadow          Tmax    0.5288    12     1.2041    18     1.8624    19     0.0000    11 
Shadow          Tmid    0.2817           1.0324           1.3999           0.0000       
--- The execution characteristics --- 
                                1          2          3          4          5          6          7          8          9         10         11         12         13         14         15         16         17         18         19         20         21 
Lost time                  5.4829     5.3509     5.2505     5.7472     5.4699     5.6064     5.3257     5.2395     5.4361     5.5618     5.6130     5.4697     5.4550     5.5417     4.9255     5.6115     5.3177     5.3003     6.1870     5.2391     5.2959 
User insufficient par.     3.4651     3.4236     3.4552     3.4904     3.4328     3.4422     3.4389     3.4259     3.4372     3.4876     3.4392     3.4801     3.4736     3.4760     3.4823     3.5453     3.4376     3.3837     3.5180     3.4354     3.4436 
Sys.insufficient par.      0.2524     0.9092     0.3848     0.3406     0.7449     0.3510     0.3004     0.9078     0.3622     0.3890     1.0973     0.3886     0.3271     0.8514     0.4752     0.2681     0.7933     0.3445     0.2615     1.0256     0.3944 
Idle time                  0.0156     0.0000     0.0223     0.0156     0.0149     0.0156     0.0157     0.0141     0.0147     0.0156     0.0156     0.0156     0.0156     0.0143     0.0290     0.0302     0.0156     0.0155     0.0156     0.0156     0.0000 
Communication              1.7497     1.0180     1.3882     1.9006     1.2773     1.7976     1.5708     0.8917     1.6221     1.6697     1.0609     1.5853     1.6386     1.2000     0.9391     1.7679     1.0713     1.5566     2.3919     0.7625     1.4579 
Synchronization            1.4489     1.0982     1.3268     1.2622     1.2185     1.4616     1.4448     1.0172     1.4571     1.3309     0.8657     1.3877     1.3309     1.1636     1.2396     1.4475     1.1856     1.5044     1.4883     1.0991     1.4479 
Variation                  2.0192     1.3688     1.7713     1.8859     1.4318     1.8989     1.7985     1.2054     1.8159     1.8271     0.9305     1.5476     1.9509     1.2875     1.5974     2.0435     1.4890     1.7871     2.1471     1.3264     1.8152 
Overlap                    0.0000     0.0000     0.0000     0.0000     0.0000     0.0000     0.0000     0.0000     0.0000     0.0000     0.0001     0.0000     0.0000     0.0000     0.0001     0.0000     0.0000     0.0000     0.0000     0.0000     0.0000 
Load imbalance             0.5574     0.4253     0.3250     0.8216     0.5443     0.6808     0.4002     0.3139     0.5105     0.6363     0.6875     0.5441     0.5295     0.6162     0.0000     0.6859     0.3922     0.3748     1.2615     0.3135     0.3703 
Execution time            11.8145    11.8301    11.8077    11.8145    11.8152    11.8145    11.8144    11.8160    11.8154    11.8145    11.8145    11.8145    11.8145    11.8157    11.8011    11.7999    11.8145    11.8145    11.8145    11.8145    11.8301 
User CPU time              6.3345     6.4337     6.5603     6.0659     6.3230     6.2061     6.4893     6.5452     6.3759     6.2488     6.1622     6.3410     6.3587     6.2458     6.8808     6.2052     6.4727     6.5125     5.6300     6.5397     6.5145 
Sys. CPU time              0.0126     0.0455     0.0192     0.0170     0.0372     0.0175     0.0150     0.0454     0.0181     0.0194     0.0549     0.0194     0.0164     0.0426     0.0238     0.0134     0.0397     0.0172     0.0131     0.0513     0.0197 
Processors                     21         21         21         21         21         21         21         21         21         21         21         21         21         21         21         21         21         21         21         21         21 
           Communication          
Reduction                  1.5387     0.8365     1.1137     1.7544     0.9560     1.5026     1.1419     0.5819     1.2564     1.4251     0.7453     1.0566     1.4758     0.8451     0.6123     1.5557     0.8614     1.1304     2.2690     0.6177     1.1256 
Shadow                     0.2110     0.1815     0.2745     0.1462     0.3213     0.2951     0.4289     0.3098     0.3657     0.2446     0.3155     0.5288     0.1628     0.3549     0.3268     0.2122     0.2099     0.4263     0.1229     0.1449     0.3323 
           Synchronization        
Reduction                  0.2604     0.2642     0.2378     0.2142     0.2798     0.2917     0.2837     0.2469     0.2917     0.2527     0.2127     0.2552     0.2416     0.2800     0.2240     0.2809     0.2799     0.3003     0.2847     0.2703     0.2927 
Shadow                     1.1885     0.8341     1.0890     1.0480     0.9386     1.1699     1.1611     0.7704     1.1655     1.0782     0.6530     1.1325     1.0893     0.8836     1.0156     1.1666     0.9057     1.2041     1.2036     0.8288     1.1552 
           Variation              
Reduction                  0.2604     0.2642     0.2378     0.2142     0.2799     0.2918     0.2838     0.2469     0.2917     0.2527     0.2127     0.2552     0.2416     0.2800     0.2240     0.2809     0.2800     0.3003     0.2848     0.2703     0.2928 
Shadow                     1.7588     1.1046     1.5334     1.6717     1.1520     1.6071     1.5147     0.9584     1.5242     1.5744     0.7177     1.2923     1.7093     1.0075     1.3734     1.7626     1.2090     1.4868     1.8624     1.0560     1.5224 
           Overlap                
Reduction                  0.0000     0.0000     0.0000     0.0000     0.0000     0.0000     0.0000     0.0000     0.0000     0.0000     0.0000     0.0000     0.0000     0.0000     0.0000     0.0000     0.0000     0.0000     0.0000     0.0000     0.0000 
Shadow                     0.0000     0.0000     0.0000     0.0000     0.0000     0.0000     0.0000     0.0000     0.0000     0.0000     0.0000     0.0000     0.0000     0.0000     0.0000     0.0000     0.0000     0.0000     0.0000     0.0000     0.0000 


-------------------------------------------------------------------------
INTERVAL ( NLINE=42 SOURCE=jac3d.c ) LEVEL=1 SEQ EXE_COUNT=2
--- The main characteristics --- 
Parallelization efficiency      0.7485 
Execution time                  8.0919 
Processors                          21
Threads amount                      21
Total time                    169.9291
Productive time               127.1930 ( CPU= 126.6860 Sys= 0.5069 I/O= 0.0000 )
Lost  time                     42.7361 
   Insufficient parallelism    10.5365 ( User= 0.3975 Sys= 10.1390 )
   Communication               30.3179 ( Real_sync= 0.0000 Starts= 0.0000 )
   Idle time                    1.8817
Load imbalance                  7.8136
Synchronization                27.2265
Time variation                 34.9448
Overlap                         0.0004
                  Nop   Communic    Synchro  Variation    Overlap 
Reduction          21    24.4020     5.5453     5.5461     0.0002 
Shadow             21     5.9159    21.6813    29.3987     0.0002 
--- The comparative characteristics --- 
                              Tmin N proc      Tmax N proc      Tmid
Lost time                   1.6630    15     2.7602    19     2.0351 
User insufficient par.      0.0148    12     0.0378     1     0.0189 
Sys.insufficient par.       0.2034     1     1.0494    11     0.4828 
Idle time                   0.0000    18     0.2683    15     0.0896 
Communication               0.7625    20     2.3919    19     1.4437 
Synchronization             0.8657    11     1.5044    18     1.2965 
Variation                   0.9305    11     2.1471    19     1.6640 
Overlap                     0.0000     1     0.0001    11     0.0000 
Load imbalance              0.0000    15     1.0972    19     0.3721 
Execution time              7.8236    15     8.0919    18     8.0023 
User CPU time               5.3211    19     6.4076    15     6.0327 
Sys. CPU time               0.0102     1     0.0525    11     0.0241 
Processors                      21     1         21    21         21 
                      Communic          Synchro        Variation          Overlap  
Reduction       Tmin    0.5819     8     0.2127    11     0.2127    11     0.0000     1 
Reduction       Tmax    2.2690    19     0.3003    18     0.3003    18     0.0000    11 
Reduction       Tmid    1.1620           0.2641           0.2641           0.0000       
Shadow          Tmin    0.1229    19     0.6530    11     0.7177    11     0.0000     1 
Shadow          Tmax    0.5288    12     1.2041    18     1.8624    19     0.0000    11 
Shadow          Tmid    0.2817           1.0324           1.3999           0.0000       
--- The execution characteristics --- 
                                1          2          3          4          5          6          7          8          9         10         11         12         13         14         15         16         17         18         19         20         21 
Lost time                  2.0497     1.9194     1.8267     2.3171     2.0396     2.1762     1.8994     1.8143     2.0096     2.1320     2.1823     2.0409     2.0277     2.1176     1.6630     2.1993     1.8832     1.8675     2.7602     1.9323     1.8781 
User insufficient par.     0.0378     0.0249     0.0299     0.0163     0.0177     0.0164     0.0156     0.0149     0.0163     0.0162     0.0172     0.0148     0.0153     0.0170     0.0308     0.0157     0.0172     0.0155     0.0149     0.0167     0.0165 
Sys.insufficient par.      0.2034     0.8580     0.3365     0.3038     0.6953     0.2982     0.2503     0.8579     0.3119     0.3397     1.0494     0.3395     0.2778     0.8007     0.4248     0.2181     0.7468     0.2953     0.2116     0.9755     0.3443 
Idle time                  0.0588     0.0185     0.0721     0.0964     0.0494     0.0640     0.0627     0.0497     0.0593     0.1064     0.0547     0.1013     0.0959     0.0999     0.2683     0.1976     0.0479     0.0000     0.1417     0.1775     0.0594 
Communication              1.7497     1.0180     1.3882     1.9006     1.2773     1.7976     1.5708     0.8917     1.6221     1.6697     1.0609     1.5853     1.6386     1.2000     0.9391     1.7679     1.0713     1.5566     2.3919     0.7625     1.4579 
Synchronization            1.4489     1.0982     1.3268     1.2622     1.2185     1.4616     1.4448     1.0172     1.4571     1.3309     0.8657     1.3877     1.3309     1.1636     1.2396     1.4475     1.1856     1.5044     1.4883     1.0991     1.4479 
Variation                  2.0192     1.3688     1.7713     1.8859     1.4318     1.8989     1.7985     1.2054     1.8159     1.8271     0.9305     1.5476     1.9509     1.2875     1.5974     2.0435     1.4890     1.7871     2.1471     1.3264     1.8152 
Overlap                    0.0000     0.0000     0.0000     0.0000     0.0000     0.0000     0.0000     0.0000     0.0000     0.0000     0.0001     0.0000     0.0000     0.0000     0.0001     0.0000     0.0000     0.0000     0.0000     0.0000     0.0000 
Load imbalance             0.3867     0.2564     0.1637     0.6541     0.3766     0.5133     0.2364     0.1513     0.3467     0.4690     0.5193     0.3779     0.3647     0.4546     0.0000     0.5363     0.2202     0.2045     1.0972     0.2693     0.2152 
Execution time             8.0331     8.0734     8.0198     7.9954     8.0425     8.0278     8.0291     8.0421     8.0325     7.9855     8.0371     7.9906     7.9959     7.9919     7.8236     7.8942     8.0440     8.0919     7.9501     7.9144     8.0324 
User CPU time              6.0320     6.1296     6.2483     5.7596     6.0175     5.9007     6.1799     6.2347     6.0666     5.9429     5.8571     6.0340     6.0503     5.9342     6.4076     5.8816     6.1714     6.2096     5.3211     6.1108     6.1965 
Sys. CPU time              0.0102     0.0429     0.0168     0.0152     0.0348     0.0149     0.0125     0.0429     0.0156     0.0170     0.0525     0.0170     0.0139     0.0400     0.0212     0.0109     0.0373     0.0148     0.0106     0.0488     0.0172 
Processors                     21         21         21         21         21         21         21         21         21         21         21         21         21         21         21         21         21         21         21         21         21 
           Communication          
Reduction                  1.5387     0.8365     1.1137     1.7544     0.9560     1.5026     1.1419     0.5819     1.2564     1.4251     0.7453     1.0566     1.4758     0.8451     0.6123     1.5557     0.8614     1.1304     2.2690     0.6177     1.1256 
Shadow                     0.2110     0.1815     0.2745     0.1462     0.3213     0.2951     0.4289     0.3098     0.3657     0.2446     0.3155     0.5288     0.1628     0.3549     0.3268     0.2122     0.2099     0.4263     0.1229     0.1449     0.3323 
           Synchronization        
Reduction                  0.2604     0.2642     0.2378     0.2142     0.2798     0.2917     0.2837     0.2469     0.2917     0.2527     0.2127     0.2552     0.2416     0.2800     0.2240     0.2809     0.2799     0.3003     0.2847     0.2703     0.2927 
Shadow                     1.1885     0.8341     1.0890     1.0480     0.9386     1.1699     1.1611     0.7704     1.1655     1.0782     0.6530     1.1325     1.0893     0.8836     1.0156     1.1666     0.9057     1.2041     1.2036     0.8288     1.1552 
           Variation              
Reduction                  0.2604     0.2642     0.2378     0.2142     0.2799     0.2918     0.2838     0.2469     0.2917     0.2527     0.2127     0.2552     0.2416     0.2800     0.2240     0.2809     0.2800     0.3003     0.2848     0.2703     0.2928 
Shadow                     1.7588     1.1046     1.5334     1.6717     1.1520     1.6071     1.5147     0.9584     1.5242     1.5744     0.7177     1.2923     1.7093     1.0075     1.3734     1.7626     1.2090     1.4868     1.8624     1.0560     1.5224 
           Overlap                
Reduction                  0.0000     0.0000     0.0000     0.0000     0.0000     0.0000     0.0000     0.0000     0.0000     0.0000     0.0000     0.0000     0.0000     0.0000     0.0000     0.0000     0.0000     0.0000     0.0000     0.0000     0.0000 
Shadow                     0.0000     0.0000     0.0000     0.0000     0.0000     0.0000     0.0000     0.0000     0.0000     0.0000     0.0000     0.0000     0.0000     0.0000     0.0000     0.0000     0.0000     0.0000     0.0000     0.0000     0.0000 


-------------------------------------------------------------------------
Name (number) and performance time of processors
DVM(1) 2.443788
DVM(2) 1.028423
DVM(3) 1.028706
DVM(4) 1.028704
DVM(5) 1.028829
DVM(6) 1.028997
DVM(7) 1.028774
DVM(8) 1.028767
DVM(9) 1.028942
DVM(10) 1.028963
DVM(11) 1.028539
DVM(12) 1.037936
DVM(13) 1.028778
DVM(14) 1.028773
DVM(15) 1.029188
DVM(16) 1.029242
DVM(17) 1.028465
DVM(18) 1.031530
DVM(19) 1.030336
DVM(20) 1.028552
DVM(21) 2.438689
min - DVM(2) 1.028423; max - DVM(1) 2.443788; mid - 1.163949
