Processor system=2*5*2
Statistics has been accumulated on DVM-system version 5.0, platform DVM
Analyzer is executing on DVM-system version 5.0, platform DVM
-------------------------------------------------------------------------
INTERVAL ( NLINE=20 SOURCE=jac3d.c ) LEVEL=0  EXE_COUNT=2
--- The main characteristics --- 
Parallelization efficiency      0.6637 
Execution time                  8.9876 
Processors                          20
Threads amount                      20
Total time                    179.7512
Productive time               119.3016 ( CPU= 118.9716 Sys= 0.3300 I/O= 0.0000 )
Lost  time                     60.4496 
   Insufficient parallelism    56.1758 ( User= 49.9060 Sys= 6.2698 )
   Communication                4.2387 ( Real_sync= 0.0000 Starts= 0.0000 )
   Idle time                    0.0351
Load imbalance                  3.6899
Synchronization                 0.6627
Time variation                  1.1532
Overlap                         0.0002
                  Nop   Communic    Synchro  Variation    Overlap 
Reduction          21     3.0898     0.0017     0.0016     0.0001 
Shadow             21     1.1489     0.6609     1.1516     0.0001 
--- The comparative characteristics --- 
                              Tmin N proc      Tmax N proc      Tmid
Lost time                   2.8380    12     3.3252     9     3.0225 
User insufficient par.      2.4882    12     2.5169     1     2.4953 
Sys.insufficient par.       0.2672    19     0.3492    13     0.3135 
Idle time                   0.0000     7     0.0033    20     0.0018 
Communication               0.0689    13     0.5475     9     0.2119 
Synchronization             0.0060     4     0.0816    20     0.0331 
Variation                   0.0117    13     0.1205    19     0.0577 
Overlap                     0.0000     1     0.0000     8     0.0000 
Load imbalance              0.0000    12     0.4872     9     0.1845 
Execution time              8.9843    20     8.9876     7     8.9858 
User CPU time               5.6481     9     6.1352    12     5.9486 
Sys. CPU time               0.0141    19     0.0184    13     0.0165 
Processors                      20     1         20    20         20 
                      Communic          Synchro        Variation          Overlap  
Reduction       Tmin    0.0017    13     0.0000     8     0.0000    20     0.0000     1 
Reduction       Tmax    0.5049     9     0.0002    14     0.0001    14     0.0000     8 
Reduction       Tmid    0.1545           0.0001           0.0001           0.0000       
Shadow          Tmin    0.0384    20     0.0058     4     0.0116    13     0.0000     1 
Shadow          Tmax    0.0719     8     0.0816    20     0.1205    19     0.0000    14 
Shadow          Tmid    0.0574           0.0330           0.0576           0.0000       
--- The execution characteristics --- 
                                1          2          3          4          5          6          7          8          9         10         11         12         13         14         15         16         17         18         19         20 
Lost time                  2.8710     2.8719     2.9137     2.9137     2.9998     2.9984     2.9585     3.2675     3.3252     3.2132     2.8390     2.8380     2.9099     2.9102     3.0113     2.9578     2.9606     3.1127     3.2979     3.2793 
User insufficient par.     2.5169     2.4892     2.4916     2.4915     2.4896     2.4968     2.4904     2.4977     2.5051     2.5009     2.4889     2.4882     2.4907     2.4894     2.4931     2.4899     2.4924     2.4970     2.5022     2.5046 
Sys.insufficient par.      0.2718     0.2739     0.3425     0.3481     0.3419     0.3409     0.3425     0.3343     0.2715     0.2712     0.2733     0.2727     0.3492     0.3448     0.3348     0.3384     0.3344     0.3419     0.2672     0.2747 
Idle time                  0.0016     0.0016     0.0033     0.0005     0.0019     0.0000     0.0000     0.0024     0.0012     0.0033     0.0012     0.0022     0.0011     0.0011     0.0033     0.0003     0.0008     0.0027     0.0033     0.0033 
Communication              0.0806     0.1073     0.0764     0.0735     0.1665     0.1607     0.1256     0.4330     0.5475     0.4378     0.0756     0.0750     0.0689     0.0749     0.1802     0.1293     0.1329     0.2711     0.5252     0.4967 
Synchronization            0.0505     0.0527     0.0066     0.0060     0.0122     0.0133     0.0103     0.0140     0.0759     0.0770     0.0555     0.0554     0.0062     0.0081     0.0135     0.0144     0.0149     0.0134     0.0812     0.0816 
Variation                  0.1103     0.1126     0.0137     0.0119     0.0211     0.0204     0.0201     0.0228     0.1185     0.1157     0.1111     0.1129     0.0117     0.0141     0.0236     0.0255     0.0253     0.0255     0.1205     0.1159 
Overlap                    0.0000     0.0000     0.0000     0.0000     0.0000     0.0000     0.0000     0.0000     0.0000     0.0000     0.0000     0.0000     0.0000     0.0000     0.0000     0.0000     0.0000     0.0000     0.0000     0.0000 
Load imbalance             0.0330     0.0339     0.0757     0.0757     0.1619     0.1604     0.1205     0.4295     0.4872     0.3752     0.0010     0.0000     0.0720     0.0722     0.1734     0.1198     0.1226     0.2747     0.4599     0.4413 
Execution time             8.9859     8.9860     8.9843     8.9870     8.9857     8.9876     8.9876     8.9851     8.9863     8.9843     8.9863     8.9854     8.9865     8.9865     8.9843     8.9873     8.9867     8.9849     8.9843     8.9843 
User CPU time              6.1023     6.1012     6.0558     6.0556     5.9697     5.9712     6.0111     5.7025     5.6481     5.7601     6.1342     6.1352     6.0592     6.0592     5.9586     6.0119     6.0094     5.8568     5.6756     5.6938 
Sys. CPU time              0.0143     0.0144     0.0180     0.0183     0.0180     0.0179     0.0180     0.0176     0.0143     0.0143     0.0144     0.0144     0.0184     0.0181     0.0176     0.0178     0.0176     0.0180     0.0141     0.0145 
Processors                     20         20         20         20         20         20         20         20         20         20         20         20         20         20         20         20         20         20         20         20 
           Communication          
Reduction                  0.0319     0.0628     0.0095     0.0054     0.1011     0.0929     0.0614     0.3611     0.5049     0.3947     0.0298     0.0299     0.0017     0.0060     0.1141     0.0651     0.0651     0.2091     0.4848     0.4583 
Shadow                     0.0488     0.0444     0.0669     0.0681     0.0653     0.0678     0.0642     0.0719     0.0425     0.0431     0.0458     0.0451     0.0672     0.0688     0.0660     0.0642     0.0678     0.0620     0.0404     0.0384 
           Synchronization        
Reduction                  0.0001     0.0000     0.0001     0.0002     0.0001     0.0000     0.0001     0.0000     0.0000     0.0001     0.0001     0.0001     0.0002     0.0002     0.0001     0.0001     0.0001     0.0001     0.0001     0.0000 
Shadow                     0.0504     0.0526     0.0065     0.0058     0.0122     0.0132     0.0102     0.0140     0.0759     0.0769     0.0554     0.0553     0.0060     0.0080     0.0135     0.0143     0.0148     0.0133     0.0811     0.0816 
           Variation              
Reduction                  0.0001     0.0000     0.0001     0.0001     0.0001     0.0000     0.0001     0.0000     0.0000     0.0001     0.0001     0.0001     0.0001     0.0001     0.0001     0.0001     0.0001     0.0001     0.0001     0.0000 
Shadow                     0.1102     0.1125     0.0136     0.0118     0.0210     0.0203     0.0201     0.0228     0.1185     0.1156     0.1110     0.1128     0.0116     0.0140     0.0235     0.0254     0.0252     0.0254     0.1205     0.1159 
           Overlap                
Reduction                  0.0000     0.0000     0.0000     0.0000     0.0000     0.0000     0.0000     0.0000     0.0000     0.0000     0.0000     0.0000     0.0000     0.0000     0.0000     0.0000     0.0000     0.0000     0.0000     0.0000 
Shadow                     0.0000     0.0000     0.0000     0.0000     0.0000     0.0000     0.0000     0.0000     0.0000     0.0000     0.0000     0.0000     0.0000     0.0000     0.0000     0.0000     0.0000     0.0000     0.0000     0.0000 


-------------------------------------------------------------------------
INTERVAL ( NLINE=42 SOURCE=jac3d.c ) LEVEL=1 SEQ EXE_COUNT=2
--- The main characteristics --- 
Parallelization efficiency      0.9202 
Execution time                  6.1719 
Processors                          20
Threads amount                      20
Total time                    123.4371
Productive time               113.5813 ( CPU= 113.3059 Sys= 0.2755 I/O= 0.0000 )
Lost  time                      9.8557 
   Insufficient parallelism     5.5113 ( User= 0.2774 Sys= 5.2338 )
   Communication                4.2387 ( Real_sync= 0.0000 Starts= 0.0000 )
   Idle time                    0.1058
Load imbalance                  3.7137
Synchronization                 0.6627
Time variation                  1.1532
Overlap                         0.0002
                  Nop   Communic    Synchro  Variation    Overlap 
Reduction          21     3.0898     0.0017     0.0016     0.0001 
Shadow             21     1.1489     0.6609     1.1516     0.0001 
--- The comparative characteristics --- 
                              Tmin N proc      Tmax N proc      Tmid
Lost time                   0.3071    12     0.7938     9     0.4928 
User insufficient par.      0.0101    11     0.0393     1     0.0139 
Sys.insufficient par.       0.2181    19     0.2963    13     0.2617 
Idle time                   0.0000     1     0.0131     9     0.0053 
Communication               0.0689    13     0.5475     9     0.2119 
Synchronization             0.0060     4     0.0816    20     0.0331 
Variation                   0.0117    13     0.1205    19     0.0577 
Overlap                     0.0000     1     0.0000     8     0.0000 
Load imbalance              0.0000    12     0.4867     9     0.1857 
Execution time              6.1587     9     6.1719     1     6.1666 
User CPU time               5.3665     9     5.8532    12     5.6653 
Sys. CPU time               0.0115    19     0.0156    13     0.0138 
Processors                      20     1         20    20         20 
                      Communic          Synchro        Variation          Overlap  
Reduction       Tmin    0.0017    13     0.0000     8     0.0000    20     0.0000     1 
Reduction       Tmax    0.5049     9     0.0002    14     0.0001    14     0.0000     8 
Reduction       Tmid    0.1545           0.0001           0.0001           0.0000       
Shadow          Tmin    0.0384    20     0.0058     4     0.0116    13     0.0000     1 
Shadow          Tmax    0.0719     8     0.0816    20     0.1205    19     0.0000    14 
Shadow          Tmid    0.0574           0.0330           0.0576           0.0000       
--- The execution characteristics --- 
                                1          2          3          4          5          6          7          8          9         10         11         12         13         14         15         16         17         18         19         20 
Lost time                  0.3392     0.3417     0.3844     0.3861     0.4768     0.4692     0.4294     0.7385     0.7938     0.6825     0.3083     0.3071     0.3818     0.3818     0.4798     0.4275     0.4303     0.5837     0.7666     0.7474 
User insufficient par.     0.0393     0.0104     0.0117     0.0140     0.0111     0.0154     0.0103     0.0142     0.0145     0.0135     0.0101     0.0109     0.0137     0.0121     0.0120     0.0111     0.0124     0.0150     0.0119     0.0139 
Sys.insufficient par.      0.2193     0.2209     0.2940     0.2951     0.2891     0.2881     0.2903     0.2818     0.2187     0.2203     0.2211     0.2200     0.2963     0.2920     0.2860     0.2855     0.2826     0.2892     0.2181     0.2252 
Idle time                  0.0000     0.0031     0.0023     0.0035     0.0102     0.0049     0.0032     0.0095     0.0131     0.0108     0.0015     0.0012     0.0029     0.0028     0.0016     0.0017     0.0022     0.0083     0.0113     0.0116 
Communication              0.0806     0.1073     0.0764     0.0735     0.1665     0.1607     0.1256     0.4330     0.5475     0.4378     0.0756     0.0750     0.0689     0.0749     0.1802     0.1293     0.1329     0.2711     0.5252     0.4967 
Synchronization            0.0505     0.0527     0.0066     0.0060     0.0122     0.0133     0.0103     0.0140     0.0759     0.0770     0.0555     0.0554     0.0062     0.0081     0.0135     0.0144     0.0149     0.0134     0.0812     0.0816 
Variation                  0.1103     0.1126     0.0137     0.0119     0.0211     0.0204     0.0201     0.0228     0.1185     0.1157     0.1111     0.1129     0.0117     0.0141     0.0236     0.0255     0.0253     0.0255     0.1205     0.1159 
Overlap                    0.0000     0.0000     0.0000     0.0000     0.0000     0.0000     0.0000     0.0000     0.0000     0.0000     0.0000     0.0000     0.0000     0.0000     0.0000     0.0000     0.0000     0.0000     0.0000     0.0000 
Load imbalance             0.0321     0.0346     0.0773     0.0790     0.1697     0.1621     0.1223     0.4314     0.4867     0.3754     0.0012     0.0000     0.0747     0.0747     0.1727     0.1204     0.1232     0.2766     0.4595     0.4403 
Execution time             6.1719     6.1688     6.1696     6.1683     6.1617     6.1670     6.1687     6.1624     6.1587     6.1610     6.1704     6.1706     6.1690     6.1691     6.1702     6.1701     6.1696     6.1635     6.1605     6.1603 
User CPU time              5.8211     5.8186     5.7720     5.7703     5.6799     5.6875     5.7272     5.4185     5.3665     5.4778     5.8519     5.8532     5.7744     5.7747     5.6770     5.7293     5.7267     5.5730     5.3937     5.4126 
Sys. CPU time              0.0115     0.0116     0.0155     0.0155     0.0152     0.0152     0.0153     0.0148     0.0115     0.0116     0.0116     0.0116     0.0156     0.0154     0.0151     0.0150     0.0149     0.0152     0.0115     0.0119 
Processors                     20         20         20         20         20         20         20         20         20         20         20         20         20         20         20         20         20         20         20         20 
           Communication          
Reduction                  0.0319     0.0628     0.0095     0.0054     0.1011     0.0929     0.0614     0.3611     0.5049     0.3947     0.0298     0.0299     0.0017     0.0060     0.1141     0.0651     0.0651     0.2091     0.4848     0.4583 
Shadow                     0.0488     0.0444     0.0669     0.0681     0.0653     0.0678     0.0642     0.0719     0.0425     0.0431     0.0458     0.0451     0.0672     0.0688     0.0660     0.0642     0.0678     0.0620     0.0404     0.0384 
           Synchronization        
Reduction                  0.0001     0.0000     0.0001     0.0002     0.0001     0.0000     0.0001     0.0000     0.0000     0.0001     0.0001     0.0001     0.0002     0.0002     0.0001     0.0001     0.0001     0.0001     0.0001     0.0000 
Shadow                     0.0504     0.0526     0.0065     0.0058     0.0122     0.0132     0.0102     0.0140     0.0759     0.0769     0.0554     0.0553     0.0060     0.0080     0.0135     0.0143     0.0148     0.0133     0.0811     0.0816 
           Variation              
Reduction                  0.0001     0.0000     0.0001     0.0001     0.0001     0.0000     0.0001     0.0000     0.0000     0.0001     0.0001     0.0001     0.0001     0.0001     0.0001     0.0001     0.0001     0.0001     0.0001     0.0000 
Shadow                     0.1102     0.1125     0.0136     0.0118     0.0210     0.0203     0.0201     0.0228     0.1185     0.1156     0.1110     0.1128     0.0116     0.0140     0.0235     0.0254     0.0252     0.0254     0.1205     0.1159 
           Overlap                
Reduction                  0.0000     0.0000     0.0000     0.0000     0.0000     0.0000     0.0000     0.0000     0.0000     0.0000     0.0000     0.0000     0.0000     0.0000     0.0000     0.0000     0.0000     0.0000     0.0000     0.0000 
Shadow                     0.0000     0.0000     0.0000     0.0000     0.0000     0.0000     0.0000     0.0000     0.0000     0.0000     0.0000     0.0000     0.0000     0.0000     0.0000     0.0000     0.0000     0.0000     0.0000     0.0000 


-------------------------------------------------------------------------
Name (number) and performance time of processors
DVM(1) 1.029122
DVM(2) 1.030219
DVM(3) 1.029539
DVM(4) 1.029605
DVM(5) 1.029052
DVM(6) 1.029026
DVM(7) 1.029335
DVM(8) 1.029447
DVM(9) 1.028986
DVM(10) 1.029057
DVM(11) 1.028986
DVM(12) 1.028968
DVM(13) 1.028856
DVM(14) 1.029635
DVM(15) 1.028506
DVM(16) 1.037708
DVM(17) 1.028804
DVM(18) 1.028807
DVM(19) 1.030091
DVM(20) 1.028350
min - DVM(20) 1.028350; max - DVM(16) 1.037708; mid - 1.029605
