Processor system=7*2*1
Statistics has been accumulated on DVM-system version 5.0, platform DVM
Analyzer is executing on DVM-system version 5.0, platform DVM
-------------------------------------------------------------------------
INTERVAL ( NLINE=20 SOURCE=jac3d.c ) LEVEL=0  EXE_COUNT=1
--- The main characteristics --- 
Parallelization efficiency      0.6167 
Execution time                 10.7349 
Processors                          14
Threads amount                      14
Total time                    150.2886
Productive time                92.6902 ( CPU= 92.4925 Sys= 0.1977 I/O= 0.0000 )
Lost  time                     57.5984 
   Insufficient parallelism    45.5015 ( User= 42.9316 Sys= 2.5699 )
   Communication               12.0795 ( Real_sync= 0.0000 Starts= 0.0000 )
   Idle time                    0.0173
Load imbalance                 10.3278
Synchronization                 1.5259
Time variation                  1.7032
Overlap                         0.0002
                  Nop   Communic    Synchro  Variation    Overlap 
Reduction          20    10.3460     0.0010     0.0010     0.0000 
Shadow             20     1.7335     1.5249     1.7022     0.0002 
--- The comparative characteristics --- 
                              Tmin N proc      Tmax N proc      Tmid
Lost time                   3.3765     1     5.0618    13     4.1142 
User insufficient par.      3.0419     5     3.0994    13     3.0665 
Sys.insufficient par.       0.0814    14     0.2612     5     0.1836 
Idle time                   0.0000     2     0.0023     9     0.0012 
Communication               0.1642     6     1.8784    13     0.8628 
Synchronization             0.0010     8     0.2383    13     0.1090 
Variation                   0.0013     3     0.2756     2     0.1217 
Overlap                     0.0000     1     0.0001     8     0.0000 
Load imbalance              0.0000     1     1.6854    13     0.7377 
Execution time             10.7326     9    10.7349     2    10.7337 
User CPU time               5.6667    13     7.3508     1     6.6066 
Sys. CPU time               0.0063    14     0.0201     5     0.0141 
Processors                      14     1         14    14         14 
                      Communic          Synchro        Variation          Overlap  
Reduction       Tmin    0.0005     5     0.0000    13     0.0000    14     0.0000     1 
Reduction       Tmax    1.7868    13     0.0001     5     0.0001     8     0.0000    13 
Reduction       Tmid    0.7390           0.0001           0.0001           0.0000       
Shadow          Tmin    0.0480     2     0.0009     8     0.0012     3     0.0000     1 
Shadow          Tmax    0.1705     8     0.2382    13     0.2756     2     0.0001     8 
Shadow          Tmid    0.1238           0.1089           0.1216           0.0000       
--- The execution characteristics --- 
                                1          2          3          4          5          6          7          8          9         10         11         12         13         14 
Lost time                  3.3765     3.3977     3.4878     3.4905     3.4693     3.4688     3.4896     3.4984     4.9284     4.9137     4.9670     5.0484     5.0618     5.0005 
User insufficient par.     3.0515     3.0567     3.0423     3.0428     3.0419     3.0441     3.0426     3.0462     3.0900     3.0870     3.0946     3.0959     3.0994     3.0966 
Sys.insufficient par.      0.0992     0.1013     0.2605     0.2600     0.2612     0.2603     0.2604     0.2599     0.1613     0.1604     0.1583     0.1632     0.0825     0.0814 
Idle time                  0.0008     0.0000     0.0000     0.0005     0.0003     0.0003     0.0011     0.0013     0.0023     0.0023     0.0023     0.0023     0.0016     0.0023 
Communication              0.2249     0.2397     0.1849     0.1871     0.1659     0.1642     0.1856     0.1910     1.6748     1.6640     1.7118     1.7870     1.8784     1.8201 
Synchronization            0.2117     0.2118     0.0043     0.0046     0.0060     0.0142     0.0099     0.0010     0.1624     0.1655     0.1339     0.1254     0.2383     0.2370 
Variation                  0.2753     0.2756     0.0013     0.0016     0.0057     0.0141     0.0084     0.0016     0.1315     0.1249     0.1911     0.1804     0.2476     0.2440 
Overlap                    0.0000     0.0000     0.0000     0.0000     0.0000     0.0000     0.0000     0.0001     0.0000     0.0000     0.0000     0.0000     0.0000     0.0000 
Load imbalance             0.0000     0.0212     0.1113     0.1141     0.0928     0.0923     0.1131     0.1220     1.5519     1.5372     1.5906     1.6719     1.6854     1.6240 
Execution time            10.7341    10.7349    10.7349    10.7344    10.7346    10.7346    10.7338    10.7336    10.7326    10.7326    10.7326    10.7326    10.7333    10.7326 
User CPU time              7.3508     7.3294     7.2271     7.2244     7.2455     7.2461     7.2253     7.2165     5.7941     5.8089     5.7557     5.6740     5.6667     5.7282 
Sys. CPU time              0.0076     0.0078     0.0200     0.0200     0.0201     0.0200     0.0200     0.0200     0.0124     0.0123     0.0122     0.0126     0.0063     0.0063 
Processors                     14         14         14         14         14         14         14         14         14         14         14         14         14         14 
           Communication          
Reduction                  0.1767     0.1917     0.0159     0.0181     0.0005     0.0028     0.0210     0.0205     1.5363     1.5215     1.6295     1.7000     1.7868     1.7246 
Shadow                     0.0483     0.0480     0.1690     0.1690     0.1654     0.1613     0.1646     0.1705     0.1386     0.1425     0.0823     0.0870     0.0915     0.0956 
           Synchronization        
Reduction                  0.0001     0.0000     0.0001     0.0001     0.0001     0.0001     0.0001     0.0001     0.0001     0.0001     0.0001     0.0001     0.0000     0.0000 
Shadow                     0.2116     0.2117     0.0042     0.0045     0.0059     0.0141     0.0098     0.0009     0.1624     0.1655     0.1338     0.1253     0.2382     0.2370 
           Variation              
Reduction                  0.0001     0.0000     0.0001     0.0001     0.0001     0.0001     0.0001     0.0001     0.0001     0.0001     0.0001     0.0001     0.0000     0.0000 
Shadow                     0.2752     0.2756     0.0012     0.0015     0.0056     0.0141     0.0083     0.0015     0.1315     0.1249     0.1910     0.1803     0.2476     0.2439 
           Overlap                
Reduction                  0.0000     0.0000     0.0000     0.0000     0.0000     0.0000     0.0000     0.0000     0.0000     0.0000     0.0000     0.0000     0.0000     0.0000 
Shadow                     0.0000     0.0000     0.0000     0.0000     0.0000     0.0000     0.0000     0.0001     0.0000     0.0000     0.0000     0.0000     0.0000     0.0000 


-------------------------------------------------------------------------
INTERVAL ( NLINE=42 SOURCE=jac3d.c ) LEVEL=1 SEQ EXE_COUNT=1
--- The main characteristics --- 
Parallelization efficiency      0.8565 
Execution time                  7.2627 
Processors                          14
Threads amount                      14
Total time                    101.6777
Productive time                87.0876 ( CPU= 86.9363 Sys= 0.1513 I/O= 0.0000 )
Lost  time                     14.5900 
   Insufficient parallelism     2.0959 ( User= 0.1288 Sys= 1.9672 )
   Communication               12.0795 ( Real_sync= 0.0000 Starts= 0.0000 )
   Idle time                    0.4146
Load imbalance                  9.8170
Synchronization                 1.5259
Time variation                  1.7032
Overlap                         0.0002
                  Nop   Communic    Synchro  Variation    Overlap 
Reduction          20    10.3460     0.0010     0.0010     0.0000 
Shadow             20     1.7335     1.5249     1.7022     0.0002 
--- The comparative characteristics --- 
                              Tmin N proc      Tmax N proc      Tmid
Lost time                   0.3409     1     1.9422    13     1.0421 
User insufficient par.      0.0064     3     0.0141     2     0.0092 
Sys.insufficient par.       0.0402    14     0.2164     5     0.1405 
Idle time                   0.0000    10     0.0523     2     0.0296 
Communication               0.1642     6     1.8784    13     0.8628 
Synchronization             0.0010     8     0.2383    13     0.1090 
Variation                   0.0013     3     0.2756     2     0.1217 
Overlap                     0.0000     1     0.0001     8     0.0000 
Load imbalance              0.0000     1     1.6013    13     0.7012 
Execution time              7.2104     2     7.2627    10     7.2331 
User CPU time               5.3173    13     6.9176     1     6.2097 
Sys. CPU time               0.0031    14     0.0166     5     0.0108 
Processors                      14     1         14    14         14 
                      Communic          Synchro        Variation          Overlap  
Reduction       Tmin    0.0005     5     0.0000    13     0.0000    14     0.0000     1 
Reduction       Tmax    1.7868    13     0.0001     5     0.0001     8     0.0000    13 
Reduction       Tmid    0.7390           0.0001           0.0001           0.0000       
Shadow          Tmin    0.0480     2     0.0009     8     0.0012     3     0.0000     1 
Shadow          Tmax    0.1705     8     0.2382    13     0.2756     2     0.0001     8 
Shadow          Tmid    0.1238           0.1089           0.1216           0.0000       
--- The execution characteristics --- 
                                1          2          3          4          5          6          7          8          9         10         11         12         13         14 
Lost time                  0.3409     0.3625     0.4518     0.4546     0.4352     0.4351     0.4532     0.4629     1.8062     1.7917     1.8450     1.9279     1.9422     1.8807 
User insufficient par.     0.0108     0.0141     0.0064     0.0066     0.0068     0.0089     0.0074     0.0103     0.0109     0.0084     0.0111     0.0096     0.0093     0.0082 
Sys.insufficient par.      0.0546     0.0565     0.2158     0.2154     0.2164     0.2154     0.2161     0.2161     0.1198     0.1193     0.1178     0.1231     0.0408     0.0402 
Idle time                  0.0506     0.0523     0.0446     0.0455     0.0461     0.0467     0.0441     0.0456     0.0006     0.0000     0.0043     0.0082     0.0137     0.0121 
Communication              0.2249     0.2397     0.1849     0.1871     0.1659     0.1642     0.1856     0.1910     1.6748     1.6640     1.7118     1.7870     1.8784     1.8201 
Synchronization            0.2117     0.2118     0.0043     0.0046     0.0060     0.0142     0.0099     0.0010     0.1624     0.1655     0.1339     0.1254     0.2383     0.2370 
Variation                  0.2753     0.2756     0.0013     0.0016     0.0057     0.0141     0.0084     0.0016     0.1315     0.1249     0.1911     0.1804     0.2476     0.2440 
Overlap                    0.0000     0.0000     0.0000     0.0000     0.0000     0.0000     0.0000     0.0001     0.0000     0.0000     0.0000     0.0000     0.0000     0.0000 
Load imbalance             0.0000     0.0216     0.1108     0.1137     0.0943     0.0942     0.1123     0.1220     1.4652     1.4507     1.5041     1.5870     1.6013     1.5398 
Execution time             7.2121     7.2104     7.2181     7.2172     7.2165     7.2160     7.2185     7.2171     7.2621     7.2627     7.2583     7.2545     7.2489     7.2506 
User CPU time              6.9176     6.8958     6.7943     6.7915     6.8109     6.8110     6.7929     6.7831     5.4473     5.4618     5.4086     5.3253     5.3173     5.3789 
Sys. CPU time              0.0042     0.0043     0.0166     0.0166     0.0166     0.0166     0.0166     0.0166     0.0092     0.0092     0.0091     0.0095     0.0031     0.0031 
Processors                     14         14         14         14         14         14         14         14         14         14         14         14         14         14 
           Communication          
Reduction                  0.1767     0.1917     0.0159     0.0181     0.0005     0.0028     0.0210     0.0205     1.5363     1.5215     1.6295     1.7000     1.7868     1.7246 
Shadow                     0.0483     0.0480     0.1690     0.1690     0.1654     0.1613     0.1646     0.1705     0.1386     0.1425     0.0823     0.0870     0.0915     0.0956 
           Synchronization        
Reduction                  0.0001     0.0000     0.0001     0.0001     0.0001     0.0001     0.0001     0.0001     0.0001     0.0001     0.0001     0.0001     0.0000     0.0000 
Shadow                     0.2116     0.2117     0.0042     0.0045     0.0059     0.0141     0.0098     0.0009     0.1624     0.1655     0.1338     0.1253     0.2382     0.2370 
           Variation              
Reduction                  0.0001     0.0000     0.0001     0.0001     0.0001     0.0001     0.0001     0.0001     0.0001     0.0001     0.0001     0.0001     0.0000     0.0000 
Shadow                     0.2752     0.2756     0.0012     0.0015     0.0056     0.0141     0.0083     0.0015     0.1315     0.1249     0.1910     0.1803     0.2476     0.2439 
           Overlap                
Reduction                  0.0000     0.0000     0.0000     0.0000     0.0000     0.0000     0.0000     0.0000     0.0000     0.0000     0.0000     0.0000     0.0000     0.0000 
Shadow                     0.0000     0.0000     0.0000     0.0000     0.0000     0.0000     0.0000     0.0001     0.0000     0.0000     0.0000     0.0000     0.0000     0.0000 


-------------------------------------------------------------------------
Name (number) and performance time of processors
DVM(1) 1.028985
DVM(2) 1.028824
DVM(3) 1.029081
DVM(4) 1.029253
DVM(5) 1.028818
DVM(6) 1.028760
DVM(7) 1.029268
DVM(8) 1.029242
DVM(9) 1.029034
DVM(10) 1.028967
DVM(11) 1.029077
DVM(12) 1.029072
DVM(13) 1.028600
DVM(14) 1.028591
min - DVM(14) 1.028591; max - DVM(7) 1.029268; mid - 1.028969
