Processor system=4*4*1
Statistics has been accumulated on DVM-system version 5.0, platform DVM
Analyzer is executing on DVM-system version 5.0, platform DVM
-------------------------------------------------------------------------
INTERVAL ( NLINE=20 SOURCE=jac3d.c ) LEVEL=0  EXE_COUNT=1
--- The main characteristics --- 
Parallelization efficiency      0.6477 
Execution time                  9.6787 
Processors                          16
Threads amount                      16
Total time                    154.8592
Productive time               100.3042 ( CPU= 100.1368 Sys= 0.1674 I/O= 0.0000 )
Lost  time                     54.5550 
   Insufficient parallelism    42.8225 ( User= 40.3119 Sys= 2.5106 )
   Communication               11.6975 ( Real_sync= 0.0000 Starts= 0.0000 )
   Idle time                    0.0350
Load imbalance                 10.5973
Synchronization                 2.6240
Time variation                  2.5046
Overlap                         0.0003
                  Nop   Communic    Synchro  Variation    Overlap 
Reduction          20     9.8415     0.0010     0.0010     0.0001 
Shadow             20     1.8560     2.6230     2.5036     0.0002 
--- The comparative characteristics --- 
                              Tmin N proc      Tmax N proc      Tmid
Lost time                   2.7474     4     5.1360    16     3.4097 
User insufficient par.      2.5009    11     2.5703    16     2.5195 
Sys.insufficient par.       0.0885    16     0.2719     6     0.1569 
Idle time                   0.0000     9     0.0046    15     0.0022 
Communication               0.1311     4     2.4726    16     0.7311 
Synchronization             0.0045    11     0.2635    16     0.1640 
Variation                   0.0042     6     0.2793    16     0.1565 
Overlap                     0.0000     1     0.0001    11     0.0000 
Load imbalance              0.0000     4     2.3887    16     0.6623 
Execution time              9.6741    15     9.6787     9     9.6765 
User CPU time               4.5368    16     6.9238     4     6.2586 
Sys. CPU time               0.0059    16     0.0181     6     0.0105 
Processors                      16     1         16    16         16 
                      Communic          Synchro        Variation          Overlap  
Reduction       Tmin    0.0008     6     0.0000    16     0.0000    16     0.0000     1 
Reduction       Tmax    2.4146    16     0.0001     6     0.0001    11     0.0000    16 
Reduction       Tmid    0.6151           0.0001           0.0001           0.0000       
Shadow          Tmin    0.0509     4     0.0044    11     0.0041     6     0.0000     1 
Shadow          Tmax    0.2068    15     0.2635    16     0.2793    16     0.0001    11 
Shadow          Tmid    0.1160           0.1639           0.1565           0.0000       
--- The execution characteristics --- 
                                1          2          3          4          5          6          7          8          9         10         11         12         13         14         15         16 
Lost time                  2.7711     2.7846     2.8136     2.7474     2.7804     2.9405     2.9459     2.7773     2.8780     2.9546     2.9565     2.8228     5.0729     5.0912     5.0822     5.1360 
User insufficient par.     2.5080     2.5039     2.5034     2.5010     2.5052     2.5025     2.5059     2.5020     2.5121     2.5037     2.5009     2.5044     2.5676     2.5616     2.5592     2.5703 
Sys.insufficient par.      0.1165     0.1437     0.1428     0.1136     0.1316     0.2719     0.2618     0.1319     0.1330     0.2693     0.2608     0.1330     0.0887     0.1115     0.1120     0.0885 
Idle time                  0.0006     0.0006     0.0014     0.0016     0.0002     0.0011     0.0031     0.0028     0.0000     0.0008     0.0033     0.0019     0.0039     0.0046     0.0046     0.0046 
Communication              0.1460     0.1364     0.1660     0.1311     0.1433     0.1650     0.1751     0.1406     0.2329     0.1808     0.1915     0.1835     2.4128     2.4135     2.4064     2.4726 
Synchronization            0.2108     0.1810     0.1857     0.2223     0.1949     0.0049     0.0065     0.1983     0.1945     0.0260     0.0045     0.2006     0.2616     0.2332     0.2356     0.2635 
Variation                  0.2606     0.1662     0.1634     0.2629     0.2251     0.0042     0.0059     0.1961     0.2258     0.0190     0.0050     0.1960     0.2776     0.1138     0.1037     0.2793 
Overlap                    0.0000     0.0000     0.0000     0.0000     0.0000     0.0001     0.0000     0.0000     0.0000     0.0000     0.0001     0.0000     0.0000     0.0000     0.0000     0.0000 
Load imbalance             0.0237     0.0372     0.0663     0.0000     0.0330     0.1931     0.1985     0.0300     0.1306     0.2073     0.2091     0.0754     2.3256     2.3439     2.3349     2.3887 
Execution time             9.6781     9.6781     9.6773     9.6771     9.6785     9.6776     9.6756     9.6759     9.6787     9.6779     9.6754     9.6768     9.6748     9.6741     9.6741     9.6741 
User CPU time              6.8999     6.8845     6.8556     6.9238     6.8895     6.7201     6.7154     6.8926     6.7918     6.7061     6.7048     6.8470     4.5998     4.5800     4.5890     4.5368 
Sys. CPU time              0.0078     0.0096     0.0095     0.0076     0.0088     0.0181     0.0175     0.0088     0.0089     0.0180     0.0174     0.0089     0.0059     0.0074     0.0075     0.0059 
Processors                     16         16         16         16         16         16         16         16         16         16         16         16         16         16         16         16 
           Communication          
Reduction                  0.0947     0.0198     0.0462     0.0802     0.0737     0.0008     0.0049     0.0427     0.1635     0.0244     0.0206     0.0854     2.3543     2.2162     2.1995     2.4146 
Shadow                     0.0513     0.1166     0.1199     0.0509     0.0696     0.1641     0.1702     0.0979     0.0694     0.1564     0.1708     0.0980     0.0584     0.1973     0.2068     0.0580 
           Synchronization        
Reduction                  0.0001     0.0001     0.0001     0.0000     0.0000     0.0001     0.0001     0.0001     0.0000     0.0001     0.0001     0.0000     0.0001     0.0000     0.0000     0.0000 
Shadow                     0.2107     0.1809     0.1857     0.2223     0.1948     0.0048     0.0063     0.1982     0.1945     0.0259     0.0044     0.2006     0.2616     0.2332     0.2356     0.2635 
           Variation              
Reduction                  0.0001     0.0001     0.0001     0.0000     0.0000     0.0001     0.0001     0.0001     0.0000     0.0001     0.0001     0.0000     0.0001     0.0000     0.0000     0.0000 
Shadow                     0.2605     0.1661     0.1633     0.2628     0.2251     0.0041     0.0058     0.1960     0.2258     0.0189     0.0049     0.1960     0.2775     0.1138     0.1036     0.2793 
           Overlap                
Reduction                  0.0000     0.0000     0.0000     0.0000     0.0000     0.0000     0.0000     0.0000     0.0000     0.0000     0.0000     0.0000     0.0000     0.0000     0.0000     0.0000 
Shadow                     0.0000     0.0000     0.0000     0.0000     0.0000     0.0001     0.0000     0.0000     0.0000     0.0000     0.0001     0.0000     0.0000     0.0000     0.0000     0.0000 


-------------------------------------------------------------------------
INTERVAL ( NLINE=42 SOURCE=jac3d.c ) LEVEL=1 SEQ EXE_COUNT=1
--- The main characteristics --- 
Parallelization efficiency      0.8730 
Execution time                  6.8052 
Processors                          16
Threads amount                      16
Total time                    108.8834
Productive time                95.0592 ( CPU= 94.9410 Sys= 0.1183 I/O= 0.0000 )
Lost  time                     13.8241 
   Insufficient parallelism     1.9335 ( User= 0.1596 Sys= 1.7740 )
   Communication               11.6975 ( Real_sync= 0.0000 Starts= 0.0000 )
   Idle time                    0.1931
Load imbalance                 10.3156
Synchronization                 2.6240
Time variation                  2.5046
Overlap                         0.0003
                  Nop   Communic    Synchro  Variation    Overlap 
Reduction          20     9.8415     0.0010     0.0010     0.0001 
Shadow             20     1.8560     2.6230     2.5036     0.0002 
--- The comparative characteristics --- 
                              Tmin N proc      Tmax N proc      Tmid
Lost time                   0.2193     4     2.5386    16     0.8640 
User insufficient par.      0.0073     4     0.0140     7     0.0100 
Sys.insufficient par.       0.0455    16     0.2243     6     0.1109 
Idle time                   0.0000    14     0.0193     9     0.0121 
Communication               0.1311     4     2.4726    16     0.7311 
Synchronization             0.0045    11     0.2635    16     0.1640 
Variation                   0.0042     6     0.2793    16     0.1565 
Overlap                     0.0000     1     0.0001    11     0.0000 
Load imbalance              0.0000     4     2.3193    16     0.6447 
Execution time              6.7859     9     6.8052    14     6.7931 
User CPU time               4.2636    16     6.5815     4     5.9338 
Sys. CPU time               0.0030    16     0.0150     6     0.0074 
Processors                      16     1         16    16         16 
                      Communic          Synchro        Variation          Overlap  
Reduction       Tmin    0.0008     6     0.0000    16     0.0000    16     0.0000     1 
Reduction       Tmax    2.4146    16     0.0001     6     0.0001    11     0.0000    16 
Reduction       Tmid    0.6151           0.0001           0.0001           0.0000       
Shadow          Tmin    0.0509     4     0.0044    11     0.0041     6     0.0000     1 
Shadow          Tmax    0.2068    15     0.2635    16     0.2793    16     0.0001    11 
Shadow          Tmid    0.1160           0.1639           0.1565           0.0000       
--- The execution characteristics --- 
                                1          2          3          4          5          6          7          8          9         10         11         12         13         14         15         16 
Lost time                  0.2427     0.2582     0.2856     0.2193     0.2526     0.4115     0.4173     0.2488     0.3497     0.4259     0.4279     0.2940     2.4745     2.4930     2.4844     2.5386 
User insufficient par.     0.0110     0.0101     0.0092     0.0073     0.0077     0.0107     0.0140     0.0095     0.0122     0.0109     0.0089     0.0110     0.0091     0.0097     0.0081     0.0103 
Sys.insufficient par.      0.0688     0.0962     0.0952     0.0661     0.0840     0.2243     0.2157     0.0853     0.0853     0.2217     0.2147     0.0856     0.0462     0.0697     0.0697     0.0455 
Idle time                  0.0169     0.0156     0.0151     0.0147     0.0176     0.0117     0.0126     0.0135     0.0193     0.0125     0.0128     0.0139     0.0065     0.0000     0.0002     0.0103 
Communication              0.1460     0.1364     0.1660     0.1311     0.1433     0.1650     0.1751     0.1406     0.2329     0.1808     0.1915     0.1835     2.4128     2.4135     2.4064     2.4726 
Synchronization            0.2108     0.1810     0.1857     0.2223     0.1949     0.0049     0.0065     0.1983     0.1945     0.0260     0.0045     0.2006     0.2616     0.2332     0.2356     0.2635 
Variation                  0.2606     0.1662     0.1634     0.2629     0.2251     0.0042     0.0059     0.1961     0.2258     0.0190     0.0050     0.1960     0.2776     0.1138     0.1037     0.2793 
Overlap                    0.0000     0.0000     0.0000     0.0000     0.0000     0.0001     0.0000     0.0000     0.0000     0.0000     0.0001     0.0000     0.0000     0.0000     0.0000     0.0000 
Load imbalance             0.0234     0.0389     0.0663     0.0000     0.0334     0.1923     0.1980     0.0296     0.1305     0.2066     0.2086     0.0747     2.2553     2.2737     2.2651     2.3193 
Execution time             6.7883     6.7896     6.7902     6.7905     6.7876     6.7935     6.7927     6.7918     6.7859     6.7927     6.7924     6.7913     6.7988     6.8052     6.8050     6.7950 
User CPU time              6.5579     6.5406     6.5133     6.5815     6.5470     6.3787     6.3735     6.5507     6.4498     6.3645     6.3630     6.5055     4.3276     4.3076     4.3162     4.2636 
Sys. CPU time              0.0046     0.0064     0.0063     0.0044     0.0056     0.0150     0.0144     0.0057     0.0057     0.0148     0.0143     0.0057     0.0031     0.0046     0.0046     0.0030 
Processors                     16         16         16         16         16         16         16         16         16         16         16         16         16         16         16         16 
           Communication          
Reduction                  0.0947     0.0198     0.0462     0.0802     0.0737     0.0008     0.0049     0.0427     0.1635     0.0244     0.0206     0.0854     2.3543     2.2162     2.1995     2.4146 
Shadow                     0.0513     0.1166     0.1199     0.0509     0.0696     0.1641     0.1702     0.0979     0.0694     0.1564     0.1708     0.0980     0.0584     0.1973     0.2068     0.0580 
           Synchronization        
Reduction                  0.0001     0.0001     0.0001     0.0000     0.0000     0.0001     0.0001     0.0001     0.0000     0.0001     0.0001     0.0000     0.0001     0.0000     0.0000     0.0000 
Shadow                     0.2107     0.1809     0.1857     0.2223     0.1948     0.0048     0.0063     0.1982     0.1945     0.0259     0.0044     0.2006     0.2616     0.2332     0.2356     0.2635 
           Variation              
Reduction                  0.0001     0.0001     0.0001     0.0000     0.0000     0.0001     0.0001     0.0001     0.0000     0.0001     0.0001     0.0000     0.0001     0.0000     0.0000     0.0000 
Shadow                     0.2605     0.1661     0.1633     0.2628     0.2251     0.0041     0.0058     0.1960     0.2258     0.0189     0.0049     0.1960     0.2775     0.1138     0.1036     0.2793 
           Overlap                
Reduction                  0.0000     0.0000     0.0000     0.0000     0.0000     0.0000     0.0000     0.0000     0.0000     0.0000     0.0000     0.0000     0.0000     0.0000     0.0000     0.0000 
Shadow                     0.0000     0.0000     0.0000     0.0000     0.0000     0.0001     0.0000     0.0000     0.0000     0.0000     0.0001     0.0000     0.0000     0.0000     0.0000     0.0000 


-------------------------------------------------------------------------
Name (number) and performance time of processors
DVM(1) 1.029356
DVM(2) 1.029216
DVM(3) 1.029161
DVM(4) 1.029296
DVM(5) 1.029197
DVM(6) 1.029202
DVM(7) 1.029084
DVM(8) 1.029116
DVM(9) 1.028608
DVM(10) 1.028596
DVM(11) 1.028464
DVM(12) 1.028463
DVM(13) 1.028927
DVM(14) 1.028923
DVM(15) 1.028849
DVM(16) 1.028891
min - DVM(12) 1.028463; max - DVM(1) 1.029356; mid - 1.028959
