Processor system=3*1*7
Statistics has been accumulated on DVM-system version 5.0, platform DVM
Analyzer is executing on DVM-system version 5.0, platform DVM
-------------------------------------------------------------------------
INTERVAL ( NLINE=20 SOURCE=jac3d.c ) LEVEL=0  EXE_COUNT=2
--- The main characteristics --- 
Parallelization efficiency      0.4624 
Execution time                 11.0261 
Processors                          21
Threads amount                      21
Total time                    231.5485
Productive time               107.0685 ( CPU= 105.9349 Sys= 1.1337 I/O= 0.0000 )
Lost  time                    124.4799 
   Insufficient parallelism    91.7561 ( User= 69.0826 Sys= 22.6735 )
   Communication               32.4806 ( Real_sync= 0.0000 Starts= 0.0000 )
   Idle time                    0.2432
Load imbalance                  8.5921
Synchronization                32.7230
Time variation                 48.7229
Overlap                         0.0003
                  Nop   Communic    Synchro  Variation    Overlap 
Reduction          21    26.7070     4.4693     4.4697     0.0001 
Shadow             21     5.7736    28.2537    44.2532     0.0002 
--- The comparative characteristics --- 
                              Tmin N proc      Tmax N proc      Tmid
Lost time                   5.5185    10     6.9752     1     5.9276 
User insufficient par.      3.2334     3     3.3901     1     3.2896 
Sys.insufficient par.       0.2859     8     1.8336     4     1.0797 
Idle time                   0.0000    21     0.0262    12     0.0116 
Communication               0.9414    19     3.2709     1     1.5467 
Synchronization             1.0571     4     1.9516     8     1.5582 
Variation                   1.3684     4     3.3963     8     2.3201 
Overlap                     0.0000     1     0.0001    17     0.0000 
Load imbalance              0.0000    10     1.4567     1     0.4091 
Execution time             10.9999    12    11.0261    21    11.0145 
User CPU time               4.0358     1     5.4472    10     5.0445 
Sys. CPU time               0.0143     8     0.0917     4     0.0540 
Processors                      21     1         21    21         21 
                      Communic          Synchro        Variation          Overlap  
Reduction       Tmin    0.6351     4     0.1605     4     0.1605     4     0.0000     1 
Reduction       Tmax    3.2094     1     0.2434     6     0.2434     6     0.0000    17 
Reduction       Tmid    1.2718           0.2128           0.2128           0.0000       
Shadow          Tmin    0.0615     1     0.8966     4     1.2079     4     0.0000     1 
Shadow          Tmax    0.6643     5     1.7083     8     3.1530     8     0.0000    16 
Shadow          Tmid    0.2749           1.3454           2.1073           0.0000       
--- The execution characteristics --- 
                                1          2          3          4          5          6          7          8          9         10         11         12         13         14         15         16         17         18         19         20         21 
Lost time                  6.9752     5.5657     5.8279     6.0736     6.0177     5.6430     5.9347     6.7824     5.5856     5.5185     5.7509     5.6188     5.8493     5.8865     6.4195     5.9474     5.9262     5.8031     5.5556     5.7624     6.0360 
User insufficient par.     3.3901     3.2878     3.2334     3.2650     3.2784     3.2650     3.2765     3.3146     3.2907     3.2701     3.2780     3.2794     3.2739     3.3145     3.3333     3.2607     3.2580     3.2792     3.2964     3.2813     3.3562 
Sys.insufficient par.      0.3029     1.2111     1.5463     1.8336     1.4249     1.0316     0.4657     0.2859     1.1236     1.2085     1.1974     1.3579     1.2321     0.4764     0.3690     1.5627     1.6336     1.1879     1.3091     1.2940     0.6192 
Idle time                  0.0113     0.0095     0.0113     0.0101     0.0113     0.0114     0.0219     0.0191     0.0093     0.0113     0.0113     0.0262     0.0090     0.0113     0.0082     0.0098     0.0113     0.0106     0.0087     0.0103     0.0000 
Communication              3.2709     1.0573     1.0369     0.9649     1.3032     1.3350     2.1706     3.1628     1.1621     1.0285     1.2642     0.9552     1.3342     2.0843     2.7089     1.1142     1.0232     1.3255     0.9414     1.1767     2.0607 
Synchronization            1.9078     1.5363     1.2931     1.0571     1.5420     1.6532     1.9179     1.9516     1.5511     1.5128     1.5457     1.3723     1.5017     1.8534     1.8236     1.2236     1.1784     1.6281     1.5025     1.4117     1.7590 
Variation                  3.3664     2.3648     1.8853     1.3684     1.5544     2.5135     2.9646     3.3963     2.3321     2.2077     2.1923     2.1693     2.0763     2.7399     3.2051     1.8223     1.6175     2.1117     2.1854     2.1258     2.5234 
Overlap                    0.0000     0.0000     0.0000     0.0001     0.0000     0.0000     0.0000     0.0000     0.0000     0.0000     0.0000     0.0000     0.0000     0.0000     0.0000     0.0001     0.0001     0.0000     0.0000     0.0000     0.0000 
Load imbalance             1.4567     0.0472     0.3094     0.5551     0.4992     0.1246     0.4162     1.2639     0.0672     0.0000     0.2324     0.1003     0.3308     0.3680     0.9010     0.4290     0.4077     0.2846     0.0371     0.2439     0.5175 
Execution time            11.0149    11.0166    11.0148    11.0161    11.0149    11.0148    11.0042    11.0070    11.0168    11.0148    11.0148    10.9999    11.0171    11.0148    11.0179    11.0163    11.0148    11.0155    11.0174    11.0158    11.0261 
User CPU time              4.0358     5.3999     5.1209     4.8608     4.9372     5.3315     5.0681     4.2294     5.3843     5.4472     5.2154     5.3394     5.1152     5.1158     4.5882     5.0005     5.0182     5.1636     5.4051     5.1991     4.9591 
Sys. CPU time              0.0151     0.0606     0.0773     0.0917     0.0712     0.0516     0.0233     0.0143     0.0562     0.0604     0.0599     0.0679     0.0616     0.0238     0.0185     0.0781     0.0817     0.0594     0.0655     0.0647     0.0310 
Processors                     21         21         21         21         21         21         21         21         21         21         21         21         21         21         21         21         21         21         21         21         21 
           Communication          
Reduction                  3.2094     0.9343     0.8320     0.6351     0.6388     1.1403     1.8605     3.0691     0.8813     0.7726     0.9813     0.8361     0.9725     1.6113     2.6264     0.9031     0.7247     0.8928     0.7244     0.9223     1.5386 
Shadow                     0.0615     0.1229     0.2049     0.3298     0.6643     0.1948     0.3101     0.0937     0.2808     0.2559     0.2829     0.1191     0.3617     0.4729     0.0825     0.2111     0.2985     0.4327     0.2170     0.2545     0.5220 
           Synchronization        
Reduction                  0.2214     0.2297     0.2048     0.1605     0.2049     0.2434     0.2296     0.2433     0.2433     0.2140     0.2140     0.2048     0.2140     0.2053     0.1859     0.1864     0.1635     0.2433     0.2433     0.2179     0.1958 
Shadow                     1.6864     1.3066     1.0883     0.8966     1.3371     1.4099     1.6882     1.7083     1.3078     1.2988     1.3318     1.1675     1.2877     1.6481     1.6377     1.0372     1.0149     1.3847     1.2592     1.1937     1.5631 
           Variation              
Reduction                  0.2214     0.2297     0.2049     0.1605     0.2049     0.2434     0.2297     0.2433     0.2433     0.2140     0.2140     0.2048     0.2140     0.2054     0.1859     0.1864     0.1635     0.2434     0.2433     0.2180     0.1959 
Shadow                     3.1450     2.1351     1.6805     1.2079     1.3495     2.2702     2.7350     3.1530     2.0888     1.9937     1.9783     1.9645     1.8623     2.5346     3.0192     1.6359     1.4541     1.8683     1.9421     1.9079     2.3276 
           Overlap                
Reduction                  0.0000     0.0000     0.0000     0.0000     0.0000     0.0000     0.0000     0.0000     0.0000     0.0000     0.0000     0.0000     0.0000     0.0000     0.0000     0.0000     0.0000     0.0000     0.0000     0.0000     0.0000 
Shadow                     0.0000     0.0000     0.0000     0.0000     0.0000     0.0000     0.0000     0.0000     0.0000     0.0000     0.0000     0.0000     0.0000     0.0000     0.0000     0.0000     0.0000     0.0000     0.0000     0.0000     0.0000 


-------------------------------------------------------------------------
INTERVAL ( NLINE=42 SOURCE=jac3d.c ) LEVEL=1 SEQ EXE_COUNT=2
--- The main characteristics --- 
Parallelization efficiency      0.6414 
Execution time                  7.4546 
Processors                          21
Threads amount                      21
Total time                    156.5472
Productive time               100.4069 ( CPU= 99.3255 Sys= 1.0814 I/O= 0.0000 )
Lost  time                     56.1403 
   Insufficient parallelism    22.0513 ( User= 0.4237 Sys= 21.6276 )
   Communication               32.4806 ( Real_sync= 0.0000 Starts= 0.0000 )
   Idle time                    1.6084
Load imbalance                  8.8111
Synchronization                32.7230
Time variation                 48.7229
Overlap                         0.0003
                  Nop   Communic    Synchro  Variation    Overlap 
Reduction          21    26.7070     4.4693     4.4697     0.0001 
Shadow             21     5.7736    28.2537    44.2532     0.0002 
--- The comparative characteristics --- 
                              Tmin N proc      Tmax N proc      Tmid
Lost time                   2.2538    10     3.7085     1     2.6733 
User insufficient par.      0.0135     8     0.0365     1     0.0202 
Sys.insufficient par.       0.2351     8     1.7838     4     1.0299 
Idle time                   0.0000     3     0.2181     7     0.0766 
Communication               0.9414    19     3.2709     1     1.5467 
Synchronization             1.0571     4     1.9516     8     1.5582 
Variation                   1.3684     4     3.3963     8     2.3201 
Overlap                     0.0000     1     0.0001    17     0.0000 
Load imbalance              0.0000    10     1.4548     1     0.4196 
Execution time              7.2366     7     7.4546     3     7.3780 
User CPU time               3.7335     1     5.1430    10     4.7298 
Sys. CPU time               0.0118     8     0.0892     4     0.0515 
Processors                      21     1         21    21         21 
                      Communic          Synchro        Variation          Overlap  
Reduction       Tmin    0.6351     4     0.1605     4     0.1605     4     0.0000     1 
Reduction       Tmax    3.2094     1     0.2434     6     0.2434     6     0.0000    17 
Reduction       Tmid    1.2718           0.2128           0.2128           0.0000       
Shadow          Tmin    0.0615     1     0.8966     4     1.2079     4     0.0000     1 
Shadow          Tmax    0.6643     5     1.7083     8     3.1530     8     0.0000    16 
Shadow          Tmid    0.2749           1.3454           2.1073           0.0000       
--- The execution characteristics --- 
                                1          2          3          4          5          6          7          8          9         10         11         12         13         14         15         16         17         18         19         20         21 
Lost time                  3.7085     2.2934     2.5487     2.8006     2.7512     2.3723     2.8197     3.5238     2.4456     2.2538     2.4807     2.3699     2.5798     2.6175     3.1521     2.6773     2.6620     2.5340     2.2910     2.4917     2.7668 
User insufficient par.     0.0365     0.0166     0.0163     0.0157     0.0332     0.0180     0.0162     0.0135     0.0308     0.0167     0.0164     0.0321     0.0154     0.0174     0.0145     0.0143     0.0178     0.0182     0.0171     0.0152     0.0318 
Sys.insufficient par.      0.2526     1.1645     1.4954     1.7838     1.3737     0.9811     0.4149     0.2351     1.0708     1.1574     1.1465     1.3067     1.1815     0.4275     0.3185     1.5137     1.5826     1.1371     1.2718     1.2436     0.5689 
Idle time                  0.1485     0.0551     0.0000     0.0362     0.0411     0.0382     0.2181     0.1124     0.1820     0.0511     0.0536     0.0758     0.0487     0.0883     0.1102     0.0352     0.0384     0.0532     0.0607     0.0562     0.1055 
Communication              3.2709     1.0573     1.0369     0.9649     1.3032     1.3350     2.1706     3.1628     1.1621     1.0285     1.2642     0.9552     1.3342     2.0843     2.7089     1.1142     1.0232     1.3255     0.9414     1.1767     2.0607 
Synchronization            1.9078     1.5363     1.2931     1.0571     1.5420     1.6532     1.9179     1.9516     1.5511     1.5128     1.5457     1.3723     1.5017     1.8534     1.8236     1.2236     1.1784     1.6281     1.5025     1.4117     1.7590 
Variation                  3.3664     2.3648     1.8853     1.3684     1.5544     2.5135     2.9646     3.3963     2.3321     2.2077     2.1923     2.1693     2.0763     2.7399     3.2051     1.8223     1.6175     2.1117     2.1854     2.1258     2.5234 
Overlap                    0.0000     0.0000     0.0000     0.0001     0.0000     0.0000     0.0000     0.0000     0.0000     0.0000     0.0000     0.0000     0.0000     0.0000     0.0000     0.0001     0.0001     0.0000     0.0000     0.0000     0.0000 
Load imbalance             1.4548     0.0396     0.2949     0.5468     0.4974     0.1185     0.5659     1.2700     0.1919     0.0000     0.2269     0.1161     0.3260     0.3637     0.8983     0.4236     0.4082     0.2803     0.0372     0.2380     0.5130 
Execution time             7.3061     7.3996     7.4546     7.4185     7.4135     7.4165     7.2366     7.3423     7.2726     7.4035     7.4010     7.3788     7.4060     7.3663     7.3445     7.4194     7.4163     7.4014     7.3939     7.3984     7.3491 
User CPU time              3.7335     5.1030     4.8312     4.5648     4.6348     5.0333     4.6142     3.9191     4.9555     5.1430     4.9166     5.0194     4.8158     4.8158     4.2866     4.7016     4.7135     4.8637     5.1001     4.9007     4.6594 
Sys. CPU time              0.0126     0.0582     0.0748     0.0892     0.0687     0.0491     0.0207     0.0118     0.0535     0.0579     0.0573     0.0653     0.0591     0.0214     0.0159     0.0757     0.0791     0.0569     0.0636     0.0622     0.0284 
Processors                     21         21         21         21         21         21         21         21         21         21         21         21         21         21         21         21         21         21         21         21         21 
           Communication          
Reduction                  3.2094     0.9343     0.8320     0.6351     0.6388     1.1403     1.8605     3.0691     0.8813     0.7726     0.9813     0.8361     0.9725     1.6113     2.6264     0.9031     0.7247     0.8928     0.7244     0.9223     1.5386 
Shadow                     0.0615     0.1229     0.2049     0.3298     0.6643     0.1948     0.3101     0.0937     0.2808     0.2559     0.2829     0.1191     0.3617     0.4729     0.0825     0.2111     0.2985     0.4327     0.2170     0.2545     0.5220 
           Synchronization        
Reduction                  0.2214     0.2297     0.2048     0.1605     0.2049     0.2434     0.2296     0.2433     0.2433     0.2140     0.2140     0.2048     0.2140     0.2053     0.1859     0.1864     0.1635     0.2433     0.2433     0.2179     0.1958 
Shadow                     1.6864     1.3066     1.0883     0.8966     1.3371     1.4099     1.6882     1.7083     1.3078     1.2988     1.3318     1.1675     1.2877     1.6481     1.6377     1.0372     1.0149     1.3847     1.2592     1.1937     1.5631 
           Variation              
Reduction                  0.2214     0.2297     0.2049     0.1605     0.2049     0.2434     0.2297     0.2433     0.2433     0.2140     0.2140     0.2048     0.2140     0.2054     0.1859     0.1864     0.1635     0.2434     0.2433     0.2180     0.1959 
Shadow                     3.1450     2.1351     1.6805     1.2079     1.3495     2.2702     2.7350     3.1530     2.0888     1.9937     1.9783     1.9645     1.8623     2.5346     3.0192     1.6359     1.4541     1.8683     1.9421     1.9079     2.3276 
           Overlap                
Reduction                  0.0000     0.0000     0.0000     0.0000     0.0000     0.0000     0.0000     0.0000     0.0000     0.0000     0.0000     0.0000     0.0000     0.0000     0.0000     0.0000     0.0000     0.0000     0.0000     0.0000     0.0000 
Shadow                     0.0000     0.0000     0.0000     0.0000     0.0000     0.0000     0.0000     0.0000     0.0000     0.0000     0.0000     0.0000     0.0000     0.0000     0.0000     0.0000     0.0000     0.0000     0.0000     0.0000     0.0000 


-------------------------------------------------------------------------
Name (number) and performance time of processors
DVM(1) 2.447678
DVM(2) 1.028402
DVM(3) 1.035904
DVM(4) 1.028739
DVM(5) 1.029062
DVM(6) 1.028954
DVM(7) 1.029002
DVM(8) 1.028965
DVM(9) 1.029341
DVM(10) 1.029413
DVM(11) 1.028765
DVM(12) 1.028753
DVM(13) 1.029835
DVM(14) 1.028824
DVM(15) 1.028690
DVM(16) 1.028736
DVM(17) 1.029100
DVM(18) 1.031308
DVM(19) 1.039756
DVM(20) 1.029248
DVM(21) 2.430913
min - DVM(2) 1.028402; max - DVM(1) 2.447678; mid - 1.164257
