Processor system=3*3*2
Statistics has been accumulated on DVM-system version 5.0, platform DVM
Analyzer is executing on DVM-system version 5.0, platform DVM
-------------------------------------------------------------------------
INTERVAL ( NLINE=20 SOURCE=jac3d.c ) LEVEL=0  EXE_COUNT=2
--- The main characteristics --- 
Parallelization efficiency      0.6667 
Execution time                  9.5671 
Processors                          18
Threads amount                      18
Total time                    172.2071
Productive time               114.8034 ( CPU= 114.4982 Sys= 0.3053 I/O= 0.0000 )
Lost  time                     57.4037 
   Insufficient parallelism    49.4763 ( User= 44.2864 Sys= 5.1899 )
   Communication                7.8894 ( Real_sync= 0.0000 Starts= 0.0000 )
   Idle time                    0.0380
Load imbalance                  7.0338
Synchronization                 0.8012
Time variation                  1.5824
Overlap                         0.0002
                  Nop   Communic    Synchro  Variation    Overlap 
Reduction          20     6.9509     0.0015     0.0014     0.0001 
Shadow             20     0.9385     0.7996     1.5810     0.0001 
--- The comparative characteristics --- 
                              Tmin N proc      Tmax N proc      Tmid
Lost time                   2.7983     6     5.5329    17     3.1891 
User insufficient par.      2.4480    12     2.5199    17     2.4604 
Sys.insufficient par.       0.1287    17     0.3629     9     0.2883 
Idle time                   0.0000     4     0.0076    18     0.0021 
Communication               0.0507     4     2.8767    17     0.4383 
Synchronization             0.0024     9     0.1284    17     0.0445 
Variation                   0.0045    10     0.2236    18     0.0879 
Overlap                     0.0000     1     0.0001    10     0.0000 
Load imbalance              0.0000     6     2.7345    17     0.3908 
Execution time              9.5595    18     9.5671     4     9.5649 
User CPU time               4.0266    17     6.7521     6     6.3610 
Sys. CPU time               0.0076    17     0.0213     9     0.0170 
Processors                      18     1         18    18         18 
                      Communic          Synchro        Variation          Overlap  
Reduction       Tmin    0.0005     4     0.0000    11     0.0000    11     0.0000     1 
Reduction       Tmax    2.7964    17     0.0001     6     0.0001     6     0.0000    11 
Reduction       Tmid    0.3862           0.0001           0.0001           0.0000       
Shadow          Tmin    0.0336     2     0.0023     9     0.0044    10     0.0000     1 
Shadow          Tmax    0.0803    17     0.1284    17     0.2236    18     0.0001    10 
Shadow          Tmid    0.0521           0.0444           0.0878           0.0000       
--- The execution characteristics --- 
                                1          2          3          4          5          6          7          8          9         10         11         12         13         14         15         16         17         18 
Lost time                  2.8171     2.8257     2.8381     2.8285     2.8207     2.7983     2.8417     2.8467     2.9472     2.9062     2.9161     2.8481     2.9411     2.9462     3.1083     3.1411     5.5329     5.4996 
User insufficient par.     2.4522     2.4508     2.4500     2.4544     2.4531     2.4547     2.4505     2.4505     2.4535     2.4516     2.4536     2.4480     2.4531     2.4575     2.4548     2.4597     2.5199     2.5184 
Sys.insufficient par.      0.2780     0.2793     0.3202     0.3234     0.2788     0.2824     0.3183     0.3160     0.3629     0.3596     0.3190     0.3176     0.2719     0.2715     0.3139     0.3174     0.1287     0.1311 
Idle time                  0.0027     0.0024     0.0000     0.0000     0.0001     0.0001     0.0000     0.0001     0.0001     0.0000     0.0038     0.0029     0.0022     0.0044     0.0042     0.0000     0.0076     0.0076 
Communication              0.0842     0.0932     0.0679     0.0507     0.0888     0.0612     0.0728     0.0801     0.1307     0.0950     0.1398     0.0797     0.2139     0.2127     0.3355     0.3640     2.8767     2.8425 
Synchronization            0.0575     0.0561     0.0265     0.0238     0.0570     0.0555     0.0262     0.0262     0.0024     0.0025     0.0218     0.0236     0.0576     0.0584     0.0240     0.0255     0.1284     0.1280 
Variation                  0.1173     0.1167     0.0570     0.0553     0.1058     0.1014     0.0619     0.0665     0.0048     0.0045     0.0571     0.0609     0.1156     0.1160     0.0467     0.0502     0.2214     0.2236 
Overlap                    0.0000     0.0000     0.0000     0.0000     0.0000     0.0000     0.0000     0.0000     0.0001     0.0001     0.0000     0.0000     0.0000     0.0000     0.0000     0.0000     0.0000     0.0000 
Load imbalance             0.0188     0.0274     0.0398     0.0302     0.0224     0.0000     0.0433     0.0484     0.1489     0.1079     0.1178     0.0498     0.1428     0.1479     0.3100     0.3427     2.7345     2.7013 
Execution time             9.5644     9.5646     9.5670     9.5671     9.5670     9.5670     9.5670     9.5670     9.5670     9.5671     9.5633     9.5641     9.5649     9.5626     9.5629     9.5670     9.5595     9.5595 
User CPU time              6.7336     6.7249     6.7101     6.7195     6.7299     6.7521     6.7067     6.7018     6.5985     6.6397     6.6322     6.7003     6.6099     6.6049     6.4403     6.4073     4.0266     4.0598 
Sys. CPU time              0.0164     0.0164     0.0188     0.0190     0.0164     0.0166     0.0187     0.0186     0.0213     0.0212     0.0188     0.0187     0.0160     0.0160     0.0185     0.0187     0.0076     0.0077 
Processors                     18         18         18         18         18         18         18         18         18         18         18         18         18         18         18         18         18         18 
           Communication          
Reduction                  0.0501     0.0596     0.0179     0.0005     0.0432     0.0143     0.0259     0.0348     0.0728     0.0339     0.0890     0.0316     0.1716     0.1716     0.2702     0.3020     2.7964     2.7656 
Shadow                     0.0341     0.0336     0.0500     0.0503     0.0456     0.0469     0.0469     0.0454     0.0579     0.0612     0.0507     0.0480     0.0423     0.0412     0.0653     0.0619     0.0803     0.0769 
           Synchronization        
Reduction                  0.0001     0.0001     0.0001     0.0001     0.0001     0.0001     0.0001     0.0001     0.0001     0.0001     0.0000     0.0001     0.0001     0.0001     0.0001     0.0001     0.0001     0.0000 
Shadow                     0.0574     0.0560     0.0263     0.0237     0.0569     0.0554     0.0261     0.0261     0.0023     0.0024     0.0218     0.0236     0.0575     0.0584     0.0239     0.0255     0.1284     0.1280 
           Variation              
Reduction                  0.0001     0.0001     0.0001     0.0001     0.0001     0.0001     0.0001     0.0001     0.0001     0.0001     0.0000     0.0001     0.0001     0.0001     0.0001     0.0000     0.0001     0.0000 
Shadow                     0.1172     0.1166     0.0568     0.0551     0.1057     0.1012     0.0618     0.0664     0.0047     0.0044     0.0571     0.0608     0.1155     0.1159     0.0466     0.0501     0.2214     0.2236 
           Overlap                
Reduction                  0.0000     0.0000     0.0000     0.0000     0.0000     0.0000     0.0000     0.0000     0.0000     0.0000     0.0000     0.0000     0.0000     0.0000     0.0000     0.0000     0.0000     0.0000 
Shadow                     0.0000     0.0000     0.0000     0.0000     0.0000     0.0000     0.0000     0.0000     0.0001     0.0001     0.0000     0.0000     0.0000     0.0000     0.0000     0.0000     0.0000     0.0000 


-------------------------------------------------------------------------
INTERVAL ( NLINE=42 SOURCE=jac3d.c ) LEVEL=1 SEQ EXE_COUNT=2
--- The main characteristics --- 
Parallelization efficiency      0.8975 
Execution time                  6.7758 
Processors                          18
Threads amount                      18
Total time                    121.9651
Productive time               109.4648 ( CPU= 109.2108 Sys= 0.2540 I/O= 0.0000 )
Lost  time                     12.5003 
   Insufficient parallelism     4.5304 ( User= 0.2117 Sys= 4.3188 )
   Communication                7.8894 ( Real_sync= 0.0000 Starts= 0.0000 )
   Idle time                    0.0805
Load imbalance                  6.9178
Synchronization                 0.8012
Time variation                  1.5824
Overlap                         0.0002
                  Nop   Communic    Synchro  Variation    Overlap 
Reduction          20     6.9509     0.0015     0.0014     0.0001 
Shadow             20     0.9385     0.7996     1.5810     0.0001 
--- The comparative characteristics --- 
                              Tmin N proc      Tmax N proc      Tmid
Lost time                   0.3101     6     2.9891    17     0.6945 
User insufficient par.      0.0089    18     0.0154     4     0.0118 
Sys.insufficient par.       0.0868    17     0.3130     9     0.2399 
Idle time                   0.0000     2     0.0173    18     0.0045 
Communication               0.0507     4     2.8767    17     0.4383 
Synchronization             0.0024     9     0.1284    17     0.0445 
Variation                   0.0045    10     0.2236    18     0.0879 
Overlap                     0.0000     1     0.0001    10     0.0000 
Load imbalance              0.0000     6     2.6790    17     0.3843 
Execution time              6.7586    18     6.7758     2     6.7714 
User CPU time               3.7816    17     6.4520     6     6.0673 
Sys. CPU time               0.0051    17     0.0184     9     0.0141 
Processors                      18     1         18    18         18 
                      Communic          Synchro        Variation          Overlap  
Reduction       Tmin    0.0005     4     0.0000    11     0.0000    11     0.0000     1 
Reduction       Tmax    2.7964    17     0.0001     6     0.0001     6     0.0000    11 
Reduction       Tmid    0.3862           0.0001           0.0001           0.0000       
Shadow          Tmin    0.0336     2     0.0023     9     0.0044    10     0.0000     1 
Shadow          Tmax    0.0803    17     0.1284    17     0.2236    18     0.0001    10 
Shadow          Tmid    0.0521           0.0444           0.0878           0.0000       
--- The execution characteristics --- 
                                1          2          3          4          5          6          7          8          9         10         11         12         13         14         15         16         17         18 
Lost time                  0.3260     0.3345     0.3500     0.3410     0.3331     0.3101     0.3523     0.3571     0.4605     0.4193     0.4276     0.3597     0.4512     0.4559     0.6211     0.6550     2.9891     2.9566 
User insufficient par.     0.0125     0.0111     0.0097     0.0154     0.0120     0.0150     0.0099     0.0101     0.0126     0.0117     0.0129     0.0097     0.0102     0.0143     0.0113     0.0150     0.0094     0.0089 
Sys.insufficient par.      0.2291     0.2302     0.2704     0.2735     0.2291     0.2327     0.2687     0.2662     0.3130     0.3100     0.2709     0.2687     0.2228     0.2246     0.2666     0.2677     0.0868     0.0879 
Idle time                  0.0003     0.0000     0.0021     0.0014     0.0033     0.0012     0.0009     0.0007     0.0041     0.0026     0.0041     0.0016     0.0044     0.0043     0.0077     0.0084     0.0162     0.0173 
Communication              0.0842     0.0932     0.0679     0.0507     0.0888     0.0612     0.0728     0.0801     0.1307     0.0950     0.1398     0.0797     0.2139     0.2127     0.3355     0.3640     2.8767     2.8425 
Synchronization            0.0575     0.0561     0.0265     0.0238     0.0570     0.0555     0.0262     0.0262     0.0024     0.0025     0.0218     0.0236     0.0576     0.0584     0.0240     0.0255     0.1284     0.1280 
Variation                  0.1173     0.1167     0.0570     0.0553     0.1058     0.1014     0.0619     0.0665     0.0048     0.0045     0.0571     0.0609     0.1156     0.1160     0.0467     0.0502     0.2214     0.2236 
Overlap                    0.0000     0.0000     0.0000     0.0000     0.0000     0.0000     0.0000     0.0000     0.0001     0.0001     0.0000     0.0000     0.0000     0.0000     0.0000     0.0000     0.0000     0.0000 
Load imbalance             0.0159     0.0244     0.0399     0.0309     0.0230     0.0000     0.0421     0.0470     0.1504     0.1092     0.1175     0.0495     0.1411     0.1458     0.3110     0.3449     2.6790     2.6465 
Execution time             6.7756     6.7758     6.7738     6.7744     6.7726     6.7747     6.7750     6.7751     6.7718     6.7733     6.7718     6.7742     6.7715     6.7715     6.7681     6.7675     6.7596     6.7586 
User CPU time              6.4363     6.4278     6.4099     6.4188     6.4292     6.4520     6.4078     6.4030     6.2969     6.3383     6.3323     6.4004     6.3115     6.3067     6.1390     6.1051     3.7816     3.8141 
Sys. CPU time              0.0135     0.0135     0.0159     0.0161     0.0135     0.0137     0.0158     0.0157     0.0184     0.0182     0.0159     0.0158     0.0131     0.0132     0.0157     0.0157     0.0051     0.0052 
Processors                     18         18         18         18         18         18         18         18         18         18         18         18         18         18         18         18         18         18 
           Communication          
Reduction                  0.0501     0.0596     0.0179     0.0005     0.0432     0.0143     0.0259     0.0348     0.0728     0.0339     0.0890     0.0316     0.1716     0.1716     0.2702     0.3020     2.7964     2.7656 
Shadow                     0.0341     0.0336     0.0500     0.0503     0.0456     0.0469     0.0469     0.0454     0.0579     0.0612     0.0507     0.0480     0.0423     0.0412     0.0653     0.0619     0.0803     0.0769 
           Synchronization        
Reduction                  0.0001     0.0001     0.0001     0.0001     0.0001     0.0001     0.0001     0.0001     0.0001     0.0001     0.0000     0.0001     0.0001     0.0001     0.0001     0.0001     0.0001     0.0000 
Shadow                     0.0574     0.0560     0.0263     0.0237     0.0569     0.0554     0.0261     0.0261     0.0023     0.0024     0.0218     0.0236     0.0575     0.0584     0.0239     0.0255     0.1284     0.1280 
           Variation              
Reduction                  0.0001     0.0001     0.0001     0.0001     0.0001     0.0001     0.0001     0.0001     0.0001     0.0001     0.0000     0.0001     0.0001     0.0001     0.0001     0.0000     0.0001     0.0000 
Shadow                     0.1172     0.1166     0.0568     0.0551     0.1057     0.1012     0.0618     0.0664     0.0047     0.0044     0.0571     0.0608     0.1155     0.1159     0.0466     0.0501     0.2214     0.2236 
           Overlap                
Reduction                  0.0000     0.0000     0.0000     0.0000     0.0000     0.0000     0.0000     0.0000     0.0000     0.0000     0.0000     0.0000     0.0000     0.0000     0.0000     0.0000     0.0000     0.0000 
Shadow                     0.0000     0.0000     0.0000     0.0000     0.0000     0.0000     0.0000     0.0000     0.0001     0.0001     0.0000     0.0000     0.0000     0.0000     0.0000     0.0000     0.0000     0.0000 


-------------------------------------------------------------------------
Name (number) and performance time of processors
DVM(1) 1.029520
DVM(2) 1.029000
DVM(3) 1.028755
DVM(4) 1.028760
DVM(5) 1.028718
DVM(6) 1.028571
DVM(7) 1.029364
DVM(8) 1.029333
DVM(9) 1.028556
DVM(10) 1.028500
DVM(11) 1.029034
DVM(12) 1.029033
DVM(13) 1.028873
DVM(14) 1.028781
DVM(15) 1.029251
DVM(16) 1.029249
DVM(17) 1.028694
DVM(18) 1.028643
min - DVM(10) 1.028500; max - DVM(1) 1.029520; mid - 1.028924
