Processor system=8*2*1
Statistics has been accumulated on DVM-system version 5.0, platform DVM
Analyzer is executing on DVM-system version 5.0, platform DVM
-------------------------------------------------------------------------
INTERVAL ( NLINE=20 SOURCE=jac3d.c ) LEVEL=0  EXE_COUNT=1
--- The main characteristics --- 
Parallelization efficiency      0.6298 
Execution time                 10.6741 
Processors                          16
Threads amount                      16
Total time                    170.7854
Productive time               107.5552 ( CPU= 107.3218 Sys= 0.2334 I/O= 0.0000 )
Lost  time                     63.2303 
   Insufficient parallelism    50.5401 ( User= 47.0397 Sys= 3.5004 )
   Communication               12.6331 ( Real_sync= 0.0000 Starts= 0.0000 )
   Idle time                    0.0571
Load imbalance                  9.2247
Synchronization                 1.2993
Time variation                  1.3784
Overlap                         0.0002
                  Nop   Communic    Synchro  Variation    Overlap 
Reduction          20    10.2859     0.0010     0.0010     0.0001 
Shadow             20     2.3472     1.2983     1.3773     0.0002 
--- The comparative characteristics --- 
                              Tmin N proc      Tmax N proc      Tmid
Lost time                   3.3753     3     5.6014    15     3.9519 
User insufficient par.      2.9170     3     2.9949    15     2.9400 
Sys.insufficient par.       0.0846    16     0.2817    12     0.2188 
Idle time                   0.0000    10     0.0086    15     0.0036 
Communication               0.1756     3     2.5121    15     0.7896 
Synchronization             0.0007     4     0.2436    15     0.0812 
Variation                   0.0004     4     0.2798     1     0.0861 
Overlap                     0.0000     1     0.0001     4     0.0000 
Load imbalance              0.0000     3     2.2261    15     0.5765 
Execution time             10.6654    15    10.6741    10    10.6705 
User CPU time               5.0669    15     7.2800     3     6.7076 
Sys. CPU time               0.0056    16     0.0188    12     0.0146 
Processors                      16     1         16    16         16 
                      Communic          Synchro        Variation          Overlap  
Reduction       Tmin    0.0013     4     0.0000    16     0.0000    16     0.0000     1 
Reduction       Tmax    2.4129    15     0.0001     7     0.0001     8     0.0000    16 
Reduction       Tmid    0.6429           0.0001           0.0001           0.0000       
Shadow          Tmin    0.0547     1     0.0006     4     0.0003     4     0.0000     1 
Shadow          Tmax    0.1766     4     0.2436    15     0.2797     1     0.0001     4 
Shadow          Tmid    0.1467           0.0811           0.0861           0.0000       
--- The execution characteristics --- 
                                1          2          3          4          5          6          7          8          9         10         11         12         13         14         15         16 
Lost time                  3.3965     3.4148     3.3753     3.3787     3.4103     3.4171     3.3840     3.3795     3.4930     3.5030     3.4135     3.4292     5.4756     5.5809     5.6014     5.5775 
User insufficient par.     2.9311     2.9366     2.9170     2.9194     2.9181     2.9226     2.9178     2.9179     2.9197     2.9292     2.9193     2.9245     2.9877     2.9905     2.9949     2.9931 
Sys.insufficient par.      0.1036     0.1045     0.2806     0.2812     0.2794     0.2803     0.2813     0.2786     0.2732     0.2761     0.2766     0.2817     0.1672     0.1658     0.0858     0.0846 
Idle time                  0.0047     0.0008     0.0022     0.0003     0.0023     0.0006     0.0022     0.0016     0.0054     0.0000     0.0013     0.0011     0.0086     0.0086     0.0086     0.0086 
Communication              0.3570     0.3729     0.1756     0.1778     0.2104     0.2136     0.1827     0.1814     0.2947     0.2976     0.2163     0.2219     2.3119     2.4160     2.5121     2.4911 
Synchronization            0.2162     0.2162     0.0068     0.0007     0.0051     0.0072     0.0061     0.0091     0.0086     0.0103     0.0083     0.0044     0.1569     0.1566     0.2436     0.2432 
Variation                  0.2798     0.2785     0.0046     0.0004     0.0032     0.0053     0.0050     0.0070     0.0103     0.0124     0.0085     0.0051     0.1317     0.1290     0.2493     0.2482 
Overlap                    0.0000     0.0000     0.0000     0.0001     0.0000     0.0000     0.0000     0.0000     0.0000     0.0000     0.0000     0.0000     0.0000     0.0000     0.0000     0.0000 
Load imbalance             0.0212     0.0395     0.0000     0.0034     0.0349     0.0418     0.0086     0.0042     0.1176     0.1276     0.0381     0.0539     2.1002     2.2056     2.2261     2.2021 
Execution time            10.6694    10.6733    10.6718    10.6738    10.6718    10.6735    10.6718    10.6725    10.6687    10.6741    10.6727    10.6730    10.6655    10.6655    10.6654    10.6654 
User CPU time              7.2707     7.2523     7.2800     7.2766     7.2452     7.2383     7.2714     7.2760     7.1629     7.1527     7.2422     7.2261     5.1874     5.0821     5.0669     5.0910 
Sys. CPU time              0.0069     0.0070     0.0187     0.0187     0.0186     0.0187     0.0188     0.0186     0.0182     0.0184     0.0184     0.0188     0.0111     0.0111     0.0057     0.0056 
Processors                     16         16         16         16         16         16         16         16         16         16         16         16         16         16         16         16 
           Communication          
Reduction                  0.3023     0.3152     0.0014     0.0013     0.0355     0.0400     0.0097     0.0098     0.1228     0.1271     0.0439     0.0476     2.1616     2.2635     2.4129     2.3913 
Shadow                     0.0547     0.0577     0.1742     0.1766     0.1749     0.1736     0.1729     0.1716     0.1719     0.1705     0.1724     0.1743     0.1504     0.1525     0.0992     0.0998 
           Synchronization        
Reduction                  0.0001     0.0001     0.0001     0.0001     0.0001     0.0001     0.0001     0.0001     0.0001     0.0000     0.0001     0.0001     0.0001     0.0001     0.0000     0.0000 
Shadow                     0.2161     0.2162     0.0067     0.0006     0.0050     0.0071     0.0060     0.0090     0.0086     0.0103     0.0082     0.0043     0.1569     0.1565     0.2436     0.2432 
           Variation              
Reduction                  0.0001     0.0001     0.0001     0.0001     0.0001     0.0001     0.0001     0.0001     0.0001     0.0000     0.0001     0.0001     0.0001     0.0001     0.0000     0.0000 
Shadow                     0.2797     0.2784     0.0045     0.0003     0.0031     0.0052     0.0050     0.0069     0.0103     0.0123     0.0084     0.0050     0.1316     0.1290     0.2493     0.2482 
           Overlap                
Reduction                  0.0000     0.0000     0.0000     0.0000     0.0000     0.0000     0.0000     0.0000     0.0000     0.0000     0.0000     0.0000     0.0000     0.0000     0.0000     0.0000 
Shadow                     0.0000     0.0000     0.0000     0.0001     0.0000     0.0000     0.0000     0.0000     0.0000     0.0000     0.0000     0.0000     0.0000     0.0000     0.0000     0.0000 


-------------------------------------------------------------------------
INTERVAL ( NLINE=42 SOURCE=jac3d.c ) LEVEL=1 SEQ EXE_COUNT=1
--- The main characteristics --- 
Parallelization efficiency      0.8666 
Execution time                  7.3452 
Processors                          16
Threads amount                      16
Total time                    117.5234
Productive time               101.8454 ( CPU= 101.6614 Sys= 0.1840 I/O= 0.0000 )
Lost  time                     15.6780 
   Insufficient parallelism     2.9079 ( User= 0.1477 Sys= 2.7602 )
   Communication               12.6331 ( Real_sync= 0.0000 Starts= 0.0000 )
   Idle time                    0.1370
Load imbalance                  8.9220
Synchronization                 1.2993
Time variation                  1.3784
Overlap                         0.0002
                  Nop   Communic    Synchro  Variation    Overlap 
Reduction          20    10.2859     0.0010     0.0010     0.0001 
Shadow             20     2.3472     1.2983     1.3773     0.0002 
--- The comparative characteristics --- 
                              Tmin N proc      Tmax N proc      Tmid
Lost time                   0.4222     3     2.5790    15     0.9799 
User insufficient par.      0.0065    16     0.0135    10     0.0092 
Sys.insufficient par.       0.0433    16     0.2334    12     0.1725 
Idle time                   0.0000    13     0.0178     1     0.0086 
Communication               0.1756     3     2.5121    15     0.7896 
Synchronization             0.0007     4     0.2436    15     0.0812 
Variation                   0.0004     4     0.2798     1     0.0861 
Overlap                     0.0000     1     0.0001     4     0.0000 
Load imbalance              0.0000     3     2.1567    15     0.5576 
Execution time              7.3274     1     7.3452    13     7.3366 
User CPU time               4.7633    15     6.9075     3     6.3538 
Sys. CPU time               0.0029    16     0.0156    12     0.0115 
Processors                      16     1         16    16         16 
                      Communic          Synchro        Variation          Overlap  
Reduction       Tmin    0.0013     4     0.0000    16     0.0000    16     0.0000     1 
Reduction       Tmax    2.4129    15     0.0001     7     0.0001     8     0.0000    16 
Reduction       Tmid    0.6429           0.0001           0.0001           0.0000       
Shadow          Tmin    0.0547     1     0.0006     4     0.0003     4     0.0000     1 
Shadow          Tmax    0.1766     4     0.2436    15     0.2797     1     0.0001     4 
Shadow          Tmid    0.1467           0.0811           0.0861           0.0000       
--- The execution characteristics --- 
                                1          2          3          4          5          6          7          8          9         10         11         12         13         14         15         16 
Lost time                  0.4412     0.4595     0.4222     0.4257     0.4547     0.4622     0.4310     0.4271     0.5363     0.5461     0.4586     0.4755     2.4492     2.5554     2.5790     2.5544 
User insufficient par.     0.0099     0.0127     0.0073     0.0077     0.0070     0.0104     0.0076     0.0076     0.0077     0.0135     0.0074     0.0120     0.0114     0.0105     0.0085     0.0065 
Sys.insufficient par.      0.0564     0.0564     0.2322     0.2330     0.2319     0.2322     0.2333     0.2302     0.2271     0.2281     0.2285     0.2334     0.1259     0.1246     0.0439     0.0433 
Idle time                  0.0178     0.0175     0.0071     0.0073     0.0053     0.0059     0.0075     0.0080     0.0067     0.0068     0.0064     0.0082     0.0000     0.0043     0.0145     0.0135 
Communication              0.3570     0.3729     0.1756     0.1778     0.2104     0.2136     0.1827     0.1814     0.2947     0.2976     0.2163     0.2219     2.3119     2.4160     2.5121     2.4911 
Synchronization            0.2162     0.2162     0.0068     0.0007     0.0051     0.0072     0.0061     0.0091     0.0086     0.0103     0.0083     0.0044     0.1569     0.1566     0.2436     0.2432 
Variation                  0.2798     0.2785     0.0046     0.0004     0.0032     0.0053     0.0050     0.0070     0.0103     0.0124     0.0085     0.0051     0.1317     0.1290     0.2493     0.2482 
Overlap                    0.0000     0.0000     0.0000     0.0001     0.0000     0.0000     0.0000     0.0000     0.0000     0.0000     0.0000     0.0000     0.0000     0.0000     0.0000     0.0000 
Load imbalance             0.0189     0.0372     0.0000     0.0035     0.0324     0.0399     0.0088     0.0049     0.1140     0.1238     0.0364     0.0532     2.0270     2.1332     2.1567     2.1321 
Execution time             7.3274     7.3277     7.3381     7.3379     7.3399     7.3393     7.3377     7.3372     7.3385     7.3384     7.3388     7.3370     7.3452     7.3409     7.3307     7.3317 
User CPU time              6.9003     6.8820     6.9075     6.9040     6.8751     6.8676     6.8986     6.9027     6.7938     6.7839     6.8713     6.8542     4.8876     4.7815     4.7633     4.7879 
Sys. CPU time              0.0038     0.0038     0.0155     0.0155     0.0155     0.0155     0.0156     0.0153     0.0151     0.0152     0.0152     0.0156     0.0084     0.0083     0.0029     0.0029 
Processors                     16         16         16         16         16         16         16         16         16         16         16         16         16         16         16         16 
           Communication          
Reduction                  0.3023     0.3152     0.0014     0.0013     0.0355     0.0400     0.0097     0.0098     0.1228     0.1271     0.0439     0.0476     2.1616     2.2635     2.4129     2.3913 
Shadow                     0.0547     0.0577     0.1742     0.1766     0.1749     0.1736     0.1729     0.1716     0.1719     0.1705     0.1724     0.1743     0.1504     0.1525     0.0992     0.0998 
           Synchronization        
Reduction                  0.0001     0.0001     0.0001     0.0001     0.0001     0.0001     0.0001     0.0001     0.0001     0.0000     0.0001     0.0001     0.0001     0.0001     0.0000     0.0000 
Shadow                     0.2161     0.2162     0.0067     0.0006     0.0050     0.0071     0.0060     0.0090     0.0086     0.0103     0.0082     0.0043     0.1569     0.1565     0.2436     0.2432 
           Variation              
Reduction                  0.0001     0.0001     0.0001     0.0001     0.0001     0.0001     0.0001     0.0001     0.0001     0.0000     0.0001     0.0001     0.0001     0.0001     0.0000     0.0000 
Shadow                     0.2797     0.2784     0.0045     0.0003     0.0031     0.0052     0.0050     0.0069     0.0103     0.0123     0.0084     0.0050     0.1316     0.1290     0.2493     0.2482 
           Overlap                
Reduction                  0.0000     0.0000     0.0000     0.0000     0.0000     0.0000     0.0000     0.0000     0.0000     0.0000     0.0000     0.0000     0.0000     0.0000     0.0000     0.0000 
Shadow                     0.0000     0.0000     0.0000     0.0001     0.0000     0.0000     0.0000     0.0000     0.0000     0.0000     0.0000     0.0000     0.0000     0.0000     0.0000     0.0000 


-------------------------------------------------------------------------
Name (number) and performance time of processors
DVM(1) 1.029086
DVM(2) 1.028811
DVM(3) 1.028832
DVM(4) 1.028820
DVM(5) 1.029279
DVM(6) 1.029311
DVM(7) 1.029743
DVM(8) 1.029733
DVM(9) 1.028695
DVM(10) 1.028661
DVM(11) 1.028842
DVM(12) 1.028855
DVM(13) 1.028791
DVM(14) 1.028772
DVM(15) 1.028714
DVM(16) 1.028736
min - DVM(10) 1.028661; max - DVM(7) 1.029743; mid - 1.028980
