Processor system=1*4*4
Statistics has been accumulated on DVM-system version 5.0, platform DVM
Analyzer is executing on DVM-system version 5.0, platform DVM
-------------------------------------------------------------------------
INTERVAL ( NLINE=20 SOURCE=jac3d.c ) LEVEL=0  EXE_COUNT=1
--- The main characteristics --- 
Parallelization efficiency      0.5374 
Execution time                  8.9863 
Processors                          16
Threads amount                      16
Total time                    143.7807
Productive time                77.2643 ( CPU= 76.5570 Sys= 0.7073 I/O= 0.0000 )
Lost  time                     66.5164 
   Insufficient parallelism    51.8421 ( User= 41.2329 Sys= 10.6092 )
   Communication               14.6427 ( Real_sync= 0.0000 Starts= 0.0000 )
   Idle time                    0.0316
Load imbalance                  8.4070
Synchronization                 8.1043
Time variation                 12.4141
Overlap                         0.0002
                  Nop   Communic    Synchro  Variation    Overlap 
Reduction          20    11.6034     0.0011     0.0011     0.0001 
Shadow             20     3.0393     8.1032    12.4130     0.0001 
--- The comparative characteristics --- 
                              Tmin N proc      Tmax N proc      Tmid
Lost time                   3.6318     4     5.3947    13     4.1573 
User insufficient par.      2.5470     7     2.6313    13     2.5771 
Sys.insufficient par.       0.1602    13     1.4531     7     0.6631 
Idle time                   0.0000     2     0.0039    13     0.0020 
Communication               0.1181     3     2.5994    13     0.9152 
Synchronization             0.0009     7     0.7693    16     0.5065 
Variation                   0.0008     7     1.4393    13     0.7759 
Overlap                     0.0000     2     0.0001     7     0.0000 
Load imbalance              0.0000     4     1.7629    13     0.5254 
Execution time              8.9824    13     8.9863     2     8.9843 
User CPU time               3.5809    13     5.3268     4     4.7848 
Sys. CPU time               0.0107    13     0.0969     7     0.0442 
Processors                      16     1         16    16         16 
                      Communic          Synchro        Variation          Overlap  
Reduction       Tmin    0.0005     7     0.0000     5     0.0000     5     0.0000     2 
Reduction       Tmax    2.5459    13     0.0001    11     0.0001    11     0.0000     5 
Reduction       Tmid    0.7252           0.0001           0.0001           0.0000       
Shadow          Tmin    0.0186     1     0.0008     7     0.0006     7     0.0000     1 
Shadow          Tmax    0.5355     8     0.7693    16     1.4392    13     0.0001     7 
Shadow          Tmid    0.1900           0.5064           0.7758           0.0000       
--- The execution characteristics --- 
                                1          2          3          4          5          6          7          8          9         10         11         12         13         14         15         16 
Lost time                  3.8405     3.6660     3.8675     3.6318     3.8217     3.9099     4.1360     3.7111     3.8693     3.9239     4.1390     3.7131     5.3947     4.8930     4.7982     5.2007 
User insufficient par.     2.5969     2.5659     2.5564     2.5609     2.5915     2.5579     2.5470     2.5592     2.5979     2.5620     2.5555     2.5595     2.6313     2.5898     2.5825     2.6187 
Sys.insufficient par.      0.2675     0.8576     1.1931     0.4146     0.2973     1.1444     1.4531     0.4871     0.2951     1.1282     1.4447     0.4752     0.1602     0.3986     0.3993     0.1932 
Idle time                  0.0020     0.0000     0.0000     0.0004     0.0012     0.0012     0.0031     0.0024     0.0027     0.0008     0.0008     0.0016     0.0039     0.0039     0.0039     0.0039 
Communication              0.9742     0.2424     0.1181     0.6559     0.9316     0.2065     0.1327     0.6624     0.9735     0.2330     0.1380     0.6768     2.5994     1.9008     1.8125     2.3849 
Synchronization            0.7055     0.3789     0.2096     0.7077     0.6844     0.2378     0.0009     0.6829     0.6849     0.2563     0.0144     0.6923     0.7689     0.6551     0.6555     0.7693 
Variation                  1.3649     0.7070     0.3348     0.7557     1.3167     0.3686     0.0008     0.6135     1.3277     0.3913     0.0194     0.6326     1.4393     1.0118     0.7744     1.3554 
Overlap                    0.0000     0.0000     0.0000     0.0000     0.0000     0.0000     0.0001     0.0000     0.0000     0.0000     0.0000     0.0000     0.0000     0.0000     0.0000     0.0000 
Load imbalance             0.2087     0.0341     0.2357     0.0000     0.1898     0.2781     0.5041     0.0793     0.2374     0.2921     0.5072     0.0812     1.7629     1.2612     1.1663     1.5688 
Execution time             8.9843     8.9863     8.9863     8.9859     8.9851     8.9851     8.9832     8.9839     8.9836     8.9855     8.9855     8.9847     8.9824     8.9824     8.9824     8.9824 
User CPU time              5.1279     5.2632     5.0392     5.3268     5.1448     5.0001     4.7534     5.2427     5.0973     4.9872     4.7510     5.2415     3.5809     4.0667     4.1615     3.7727 
Sys. CPU time              0.0178     0.0572     0.0795     0.0276     0.0198     0.0763     0.0969     0.0325     0.0197     0.0752     0.0963     0.0317     0.0107     0.0266     0.0266     0.0129 
Processors                     16         16         16         16         16         16         16         16         16         16         16         16         16         16         16         16 
           Communication          
Reduction                  0.9557     0.1942     0.0557     0.1842     0.8987     0.1081     0.0005     0.1269     0.9484     0.1317     0.0046     0.1455     2.5459     1.6736     1.3481     2.2816 
Shadow                     0.0186     0.0482     0.0624     0.4718     0.0330     0.0983     0.1322     0.5355     0.0252     0.1013     0.1334     0.5313     0.0535     0.2272     0.4644     0.1032 
           Synchronization        
Reduction                  0.0001     0.0001     0.0001     0.0000     0.0000     0.0001     0.0001     0.0000     0.0000     0.0001     0.0001     0.0000     0.0001     0.0001     0.0001     0.0000 
Shadow                     0.7054     0.3788     0.2095     0.7077     0.6844     0.2377     0.0008     0.6828     0.6849     0.2562     0.0143     0.6922     0.7688     0.6550     0.6554     0.7693 
           Variation              
Reduction                  0.0001     0.0001     0.0001     0.0000     0.0000     0.0001     0.0001     0.0001     0.0000     0.0001     0.0001     0.0000     0.0001     0.0001     0.0001     0.0000 
Shadow                     1.3649     0.7069     0.3347     0.7557     1.3167     0.3685     0.0006     0.6135     1.3277     0.3912     0.0193     0.6326     1.4392     1.0117     0.7744     1.3554 
           Overlap                
Reduction                  0.0000     0.0000     0.0000     0.0000     0.0000     0.0000     0.0000     0.0000     0.0000     0.0000     0.0000     0.0000     0.0000     0.0000     0.0000     0.0000 
Shadow                     0.0000     0.0000     0.0000     0.0000     0.0000     0.0000     0.0001     0.0000     0.0000     0.0000     0.0000     0.0000     0.0000     0.0000     0.0000     0.0000 


-------------------------------------------------------------------------
INTERVAL ( NLINE=42 SOURCE=jac3d.c ) LEVEL=1 SEQ EXE_COUNT=1
--- The main characteristics --- 
Parallelization efficiency      0.7384 
Execution time                  6.0894 
Processors                          16
Threads amount                      16
Total time                     97.4303
Productive time                71.9388 ( CPU= 71.2817 Sys= 0.6571 I/O= 0.0000 )
Lost  time                     25.4914 
   Insufficient parallelism    10.0666 ( User= 0.2096 Sys= 9.8570 )
   Communication               14.6427 ( Real_sync= 0.0000 Starts= 0.0000 )
   Idle time                    0.7821
Load imbalance                  8.1119
Synchronization                 8.1043
Time variation                 12.4141
Overlap                         0.0002
                  Nop   Communic    Synchro  Variation    Overlap 
Reduction          20    11.6034     0.0011     0.0011     0.0001 
Shadow             20     3.0393     8.1032    12.4130     0.0001 
--- The comparative characteristics --- 
                              Tmin N proc      Tmax N proc      Tmid
Lost time                   1.0862     4     2.7790    13     1.5932 
User insufficient par.      0.0086    14     0.0180    10     0.0131 
Sys.insufficient par.       0.1163    13     1.4066     7     0.6161 
Idle time                   0.0000    15     0.0891     1     0.0489 
Communication               0.1181     3     2.5994    13     0.9152 
Synchronization             0.0009     7     0.7693    16     0.5065 
Variation                   0.0008     7     1.4393    13     0.7759 
Overlap                     0.0000     2     0.0001     7     0.0000 
Load imbalance              0.0000     4     1.6927    13     0.5070 
Execution time              6.0003     1     6.0894    15     6.0405 
User CPU time               3.3027    13     4.9788     4     4.4551 
Sys. CPU time               0.0078    13     0.0938     7     0.0411 
Processors                      16     1         16    16         16 
                      Communic          Synchro        Variation          Overlap  
Reduction       Tmin    0.0005     7     0.0000     5     0.0000     5     0.0000     2 
Reduction       Tmax    2.5459    13     0.0001    11     0.0001    11     0.0000     5 
Reduction       Tmid    0.7252           0.0001           0.0001           0.0000       
Shadow          Tmin    0.0186     1     0.0008     7     0.0006     7     0.0000     1 
Shadow          Tmax    0.5355     8     0.7693    16     1.4392    13     0.0001     7 
Shadow          Tmid    0.1900           0.5064           0.7758           0.0000       
--- The execution characteristics --- 
                                1          2          3          4          5          6          7          8          9         10         11         12         13         14         15         16 
Lost time                  1.2968     1.1186     1.3204     1.0862     1.2764     1.3626     1.5882     1.1636     1.3242     1.3767     1.5912     1.1659     2.7790     2.2756     2.1801     2.5859 
User insufficient par.     0.0142     0.0136     0.0151     0.0138     0.0094     0.0146     0.0097     0.0146     0.0139     0.0180     0.0174     0.0152     0.0096     0.0086     0.0122     0.0098 
Sys.insufficient par.      0.2194     0.8092     1.1445     0.3661     0.2498     1.0960     1.4066     0.4399     0.2483     1.0797     1.3964     0.4267     0.1163     0.3542     0.3553     0.1486 
Idle time                  0.0891     0.0533     0.0427     0.0504     0.0856     0.0456     0.0392     0.0467     0.0885     0.0460     0.0394     0.0473     0.0536     0.0120     0.0000     0.0426 
Communication              0.9742     0.2424     0.1181     0.6559     0.9316     0.2065     0.1327     0.6624     0.9735     0.2330     0.1380     0.6768     2.5994     1.9008     1.8125     2.3849 
Synchronization            0.7055     0.3789     0.2096     0.7077     0.6844     0.2378     0.0009     0.6829     0.6849     0.2563     0.0144     0.6923     0.7689     0.6551     0.6555     0.7693 
Variation                  1.3649     0.7070     0.3348     0.7557     1.3167     0.3686     0.0008     0.6135     1.3277     0.3913     0.0194     0.6326     1.4393     1.0118     0.7744     1.3554 
Overlap                    0.0000     0.0000     0.0000     0.0000     0.0000     0.0000     0.0001     0.0000     0.0000     0.0000     0.0000     0.0000     0.0000     0.0000     0.0000     0.0000 
Load imbalance             0.2106     0.0324     0.2341     0.0000     0.1902     0.2764     0.5020     0.0773     0.2380     0.2905     0.5050     0.0797     1.6927     1.1894     1.0938     1.4997 
Execution time             6.0003     6.0361     6.0467     6.0390     6.0038     6.0438     6.0502     6.0427     6.0009     6.0434     6.0500     6.0421     6.0358     6.0774     6.0894     6.0468 
User CPU time              4.7779     4.9168     4.6927     4.9788     4.7963     4.6537     4.4074     4.8965     4.7486     4.6407     4.4051     4.8950     3.3027     3.7902     3.8857     3.4936 
Sys. CPU time              0.0146     0.0539     0.0763     0.0244     0.0167     0.0731     0.0938     0.0293     0.0166     0.0720     0.0931     0.0284     0.0078     0.0236     0.0237     0.0099 
Processors                     16         16         16         16         16         16         16         16         16         16         16         16         16         16         16         16 
           Communication          
Reduction                  0.9557     0.1942     0.0557     0.1842     0.8987     0.1081     0.0005     0.1269     0.9484     0.1317     0.0046     0.1455     2.5459     1.6736     1.3481     2.2816 
Shadow                     0.0186     0.0482     0.0624     0.4718     0.0330     0.0983     0.1322     0.5355     0.0252     0.1013     0.1334     0.5313     0.0535     0.2272     0.4644     0.1032 
           Synchronization        
Reduction                  0.0001     0.0001     0.0001     0.0000     0.0000     0.0001     0.0001     0.0000     0.0000     0.0001     0.0001     0.0000     0.0001     0.0001     0.0001     0.0000 
Shadow                     0.7054     0.3788     0.2095     0.7077     0.6844     0.2377     0.0008     0.6828     0.6849     0.2562     0.0143     0.6922     0.7688     0.6550     0.6554     0.7693 
           Variation              
Reduction                  0.0001     0.0001     0.0001     0.0000     0.0000     0.0001     0.0001     0.0001     0.0000     0.0001     0.0001     0.0000     0.0001     0.0001     0.0001     0.0000 
Shadow                     1.3649     0.7069     0.3347     0.7557     1.3167     0.3685     0.0006     0.6135     1.3277     0.3912     0.0193     0.6326     1.4392     1.0117     0.7744     1.3554 
           Overlap                
Reduction                  0.0000     0.0000     0.0000     0.0000     0.0000     0.0000     0.0000     0.0000     0.0000     0.0000     0.0000     0.0000     0.0000     0.0000     0.0000     0.0000 
Shadow                     0.0000     0.0000     0.0000     0.0000     0.0000     0.0000     0.0001     0.0000     0.0000     0.0000     0.0000     0.0000     0.0000     0.0000     0.0000     0.0000 


-------------------------------------------------------------------------
Name (number) and performance time of processors
DVM(1) 1.029509
DVM(2) 1.029482
DVM(3) 1.028808
DVM(4) 1.028814
DVM(5) 1.028820
DVM(6) 1.028791
DVM(7) 1.029146
DVM(8) 1.029154
DVM(9) 1.028694
DVM(10) 1.028688
DVM(11) 1.029129
DVM(12) 1.029118
DVM(13) 1.028978
DVM(14) 1.028984
DVM(15) 1.028916
DVM(16) 1.028886
min - DVM(10) 1.028688; max - DVM(1) 1.029509; mid - 1.028995
