Processor system=7*3*1
Statistics has been accumulated on DVM-system version 5.0, platform DVM
Analyzer is executing on DVM-system version 5.0, platform DVM
-------------------------------------------------------------------------
INTERVAL ( NLINE=20 SOURCE=jac3d.c ) LEVEL=0  EXE_COUNT=2
--- The main characteristics --- 
Parallelization efficiency      0.6078 
Execution time                 11.5613 
Processors                          21
Threads amount                      21
Total time                    242.7872
Productive time               147.5755 ( CPU= 147.3860 Sys= 0.1895 I/O= 0.0000 )
Lost  time                     95.2117 
   Insufficient parallelism    75.6187 ( User= 71.8294 Sys= 3.7893 )
   Communication               19.5440 ( Real_sync= 0.0000 Starts= 0.0000 )
   Idle time                    0.0490
Load imbalance                  5.3991
Synchronization                10.8641
Time variation                 12.0862
Overlap                         0.0004
                  Nop   Communic    Synchro  Variation    Overlap 
Reduction          21    16.1477     4.4456     4.4465     0.0002 
Shadow             21     3.3963     6.4184     7.6397     0.0002 
--- The comparative characteristics --- 
                              Tmin N proc      Tmax N proc      Tmid
Lost time                   4.2768    15     4.9408     4     4.5339 
User insufficient par.      3.3950    15     3.4637     1     3.4204 
Sys.insufficient par.       0.1306    21     0.2409    11     0.1804 
Idle time                   0.0000    15     0.0037    12     0.0023 
Communication               0.6207    11     1.3251     4     0.9307 
Synchronization             0.3703    11     0.6185    21     0.5173 
Variation                   0.3640    11     0.7315    21     0.5755 
Overlap                     0.0000     1     0.0001    11     0.0000 
Load imbalance              0.0000    15     0.6640     4     0.2571 
Execution time             11.5576    12    11.5613    15    11.5590 
User CPU time               6.6115     4     7.2741    15     7.0184 
Sys. CPU time               0.0065    21     0.0120    11     0.0090 
Processors                      21     1         21    21         21 
                      Communic          Synchro        Variation          Overlap  
Reduction       Tmin    0.3997    11     0.1354     3     0.1354     3     0.0000     1 
Reduction       Tmax    1.1844     4     0.2388    17     0.2388    17     0.0000    11 
Reduction       Tmid    0.7689           0.2117           0.2117           0.0000       
Shadow          Tmin    0.0887    21     0.2030    11     0.1966    11     0.0000     1 
Shadow          Tmax    0.2631    14     0.3926    19     0.5054    21     0.0001    11 
Shadow          Tmid    0.1617           0.3056           0.3638           0.0000       
--- The execution characteristics --- 
                                1          2          3          4          5          6          7          8          9         10         11         12         13         14         15         16         17         18         19         20         21 
Lost time                  4.8527     4.3360     4.4545     4.9408     4.4939     4.4412     4.7771     4.4896     4.4218     4.8285     4.2884     4.7490     4.4769     4.4587     4.2768     4.6025     4.4230     4.7031     4.5195     4.3493     4.3286 
User insufficient par.     3.4637     3.4252     3.4101     3.4345     3.4152     3.4106     3.4243     3.3963     3.4171     3.4397     3.4235     3.4190     3.4189     3.4122     3.3950     3.4255     3.4096     3.4229     3.4177     3.4361     3.4122 
Sys.insufficient par.      0.1416     0.1473     0.1328     0.1801     0.2014     0.1983     0.1865     0.2233     0.1823     0.1999     0.2409     0.1768     0.1863     0.2100     0.2091     0.1792     0.2136     0.1814     0.1336     0.1344     0.1306 
Idle time                  0.0003     0.0017     0.0032     0.0011     0.0032     0.0033     0.0025     0.0033     0.0008     0.0033     0.0033     0.0037     0.0033     0.0014     0.0000     0.0022     0.0033     0.0032     0.0019     0.0006     0.0033 
Communication              1.2471     0.7618     0.9084     1.3251     0.8740     0.8290     1.1638     0.8667     0.8216     1.1856     0.6207     1.1495     0.8684     0.8350     0.6727     0.9956     0.7964     1.0955     0.9662     0.7782     0.7825 
Synchronization            0.5816     0.5292     0.4269     0.4364     0.5294     0.4984     0.4842     0.4628     0.4952     0.5337     0.3703     0.5590     0.5374     0.5031     0.4261     0.5575     0.5106     0.5786     0.6177     0.6074     0.6185 
Variation                  0.6502     0.6072     0.5278     0.5255     0.5874     0.5130     0.5207     0.5121     0.5889     0.5532     0.3640     0.5556     0.6334     0.4802     0.4970     0.6619     0.5920     0.5983     0.7176     0.6686     0.7315 
Overlap                    0.0000     0.0000     0.0000     0.0000     0.0000     0.0000     0.0000     0.0000     0.0000     0.0000     0.0001     0.0000     0.0000     0.0000     0.0001     0.0000     0.0000     0.0000     0.0000     0.0000     0.0000 
Load imbalance             0.5759     0.0592     0.1777     0.6640     0.2171     0.1644     0.5003     0.2128     0.1450     0.5517     0.0117     0.4722     0.2001     0.1819     0.0000     0.3257     0.1462     0.4263     0.2427     0.0725     0.0518 
Execution time            11.5610    11.5596    11.5581    11.5602    11.5581    11.5580    11.5588    11.5580    11.5605    11.5580    11.5580    11.5576    11.5580    11.5598    11.5613    11.5591    11.5580    11.5581    11.5594    11.5607    11.5580 
User CPU time              6.7015     7.2179     7.1001     6.6115     7.0573     7.1102     6.7749     7.0605     7.1304     6.7228     7.2608     6.8035     7.0751     7.0921     7.2741     6.9498     7.1277     6.8491     7.0352     7.2053     7.2262 
Sys. CPU time              0.0071     0.0074     0.0066     0.0090     0.0101     0.0099     0.0093     0.0112     0.0091     0.0100     0.0120     0.0088     0.0093     0.0105     0.0105     0.0090     0.0107     0.0091     0.0067     0.0067     0.0065 
Processors                     21         21         21         21         21         21         21         21         21         21         21         21         21         21         21         21         21         21         21         21         21 
           Communication          
Reduction                  1.1053     0.6217     0.8017     1.1844     0.6912     0.6399     0.9676     0.7010     0.6890     1.0065     0.3997     0.9271     0.7268     0.5718     0.5230     0.8701     0.6304     0.9020     0.8681     0.6266     0.6938 
Shadow                     0.1418     0.1402     0.1067     0.1407     0.1828     0.1891     0.1962     0.1657     0.1326     0.1790     0.2211     0.2224     0.1416     0.2631     0.1497     0.1256     0.1661     0.1935     0.0982     0.1516     0.0887 
           Synchronization        
Reduction                  0.2161     0.2041     0.1354     0.1742     0.2388     0.2041     0.2041     0.2041     0.2041     0.2205     0.1673     0.2305     0.2328     0.2292     0.1751     0.2376     0.2388     0.2387     0.2252     0.2387     0.2261 
Shadow                     0.3654     0.3251     0.2914     0.2622     0.2907     0.2944     0.2801     0.2587     0.2911     0.3132     0.2030     0.3285     0.3045     0.2739     0.2510     0.3199     0.2718     0.3399     0.3926     0.3687     0.3924 
           Variation              
Reduction                  0.2162     0.2042     0.1354     0.1742     0.2388     0.2041     0.2042     0.2042     0.2042     0.2206     0.1674     0.2306     0.2329     0.2293     0.1751     0.2377     0.2388     0.2388     0.2252     0.2388     0.2262 
Shadow                     0.4341     0.4030     0.3923     0.3512     0.3486     0.3089     0.3165     0.3080     0.3848     0.3327     0.1966     0.3250     0.4005     0.2510     0.3219     0.4242     0.3531     0.3595     0.4923     0.4298     0.5054 
           Overlap                
Reduction                  0.0000     0.0000     0.0000     0.0000     0.0000     0.0000     0.0000     0.0000     0.0000     0.0000     0.0000     0.0000     0.0000     0.0000     0.0000     0.0000     0.0000     0.0000     0.0000     0.0000     0.0000 
Shadow                     0.0000     0.0000     0.0000     0.0000     0.0000     0.0000     0.0000     0.0000     0.0000     0.0000     0.0001     0.0000     0.0000     0.0000     0.0000     0.0000     0.0000     0.0000     0.0000     0.0000     0.0000 


-------------------------------------------------------------------------
INTERVAL ( NLINE=42 SOURCE=jac3d.c ) LEVEL=1 SEQ EXE_COUNT=2
--- The main characteristics --- 
Parallelization efficiency      0.8573 
Execution time                  7.8234 
Processors                          21
Threads amount                      21
Total time                    164.2905
Productive time               140.8382 ( CPU= 140.6972 Sys= 0.1409 I/O= 0.0000 )
Lost  time                     23.4523 
   Insufficient parallelism     3.1753 ( User= 0.3565 Sys= 2.8188 )
   Communication               19.5440 ( Real_sync= 0.0000 Starts= 0.0000 )
   Idle time                    0.7331
Load imbalance                  5.6645
Synchronization                10.8641
Time variation                 12.0862
Overlap                         0.0004
                  Nop   Communic    Synchro  Variation    Overlap 
Reduction          21    16.1477     4.4456     4.4465     0.0002 
Shadow             21     3.3963     6.4184     7.6397     0.0002 
--- The comparative characteristics --- 
                              Tmin N proc      Tmax N proc      Tmid
Lost time                   0.8470    15     1.5212    10     1.1168 
User insufficient par.      0.0132     8     0.0421     1     0.0170 
Sys.insufficient par.       0.0824    21     0.1933    11     0.1342 
Idle time                   0.0000    15     0.1664    12     0.0349 
Communication               0.6207    11     1.3251     4     0.9307 
Synchronization             0.3703    11     0.6185    21     0.5173 
Variation                   0.3640    11     0.7315    21     0.5755 
Overlap                     0.0000     1     0.0001    11     0.0000 
Load imbalance              0.0000    15     0.6741    10     0.2697 
Execution time              7.6569    12     7.8234    15     7.7884 
User CPU time               6.2944    10     6.9683    15     6.6999 
Sys. CPU time               0.0041    21     0.0097    11     0.0067 
Processors                      21     1         21    21         21 
                      Communic          Synchro        Variation          Overlap  
Reduction       Tmin    0.3997    11     0.1354     3     0.1354     3     0.0000     1 
Reduction       Tmax    1.1844     4     0.2388    17     0.2388    17     0.0000    11 
Reduction       Tmid    0.7689           0.2117           0.2117           0.0000       
Shadow          Tmin    0.0887    21     0.2030    11     0.1966    11     0.0000     1 
Shadow          Tmax    0.2631    14     0.3926    19     0.5054    21     0.0001    11 
Shadow          Tmid    0.1617           0.3056           0.3638           0.0000       
--- The execution characteristics --- 
                                1          2          3          4          5          6          7          8          9         10         11         12         13         14         15         16         17         18         19         20         21 
Lost time                  1.4228     0.9056     1.0227     1.5106     1.0634     1.0093     1.3499     1.0606     0.9939     1.5212     0.8578     1.4607     1.0467     1.0324     0.8470     1.1709     0.9921     1.2726     1.0891     0.9216     0.9013 
User insufficient par.     0.0421     0.0148     0.0153     0.0159     0.0144     0.0137     0.0143     0.0132     0.0143     0.0160     0.0294     0.0140     0.0150     0.0166     0.0135     0.0201     0.0151     0.0147     0.0143     0.0153     0.0147 
Sys.insufficient par.      0.0910     0.1097     0.0851     0.1303     0.1536     0.1523     0.1390     0.1753     0.1339     0.1558     0.1933     0.1308     0.1381     0.1617     0.1608     0.1355     0.1654     0.1339     0.0843     0.1065     0.0824 
Idle time                  0.0426     0.0192     0.0139     0.0394     0.0214     0.0143     0.0327     0.0055     0.0240     0.1639     0.0144     0.1664     0.0252     0.0191     0.0000     0.0196     0.0151     0.0286     0.0243     0.0216     0.0218 
Communication              1.2471     0.7618     0.9084     1.3251     0.8740     0.8290     1.1638     0.8667     0.8216     1.1856     0.6207     1.1495     0.8684     0.8350     0.6727     0.9956     0.7964     1.0955     0.9662     0.7782     0.7825 
Synchronization            0.5816     0.5292     0.4269     0.4364     0.5294     0.4984     0.4842     0.4628     0.4952     0.5337     0.3703     0.5590     0.5374     0.5031     0.4261     0.5575     0.5106     0.5786     0.6177     0.6074     0.6185 
Variation                  0.6502     0.6072     0.5278     0.5255     0.5874     0.5130     0.5207     0.5121     0.5889     0.5532     0.3640     0.5556     0.6334     0.4802     0.4970     0.6619     0.5920     0.5983     0.7176     0.6686     0.7315 
Overlap                    0.0000     0.0000     0.0000     0.0000     0.0000     0.0000     0.0000     0.0000     0.0000     0.0000     0.0001     0.0000     0.0000     0.0000     0.0001     0.0000     0.0000     0.0000     0.0000     0.0000     0.0000 
Load imbalance             0.5758     0.0586     0.1756     0.6636     0.2164     0.1622     0.5029     0.2136     0.1469     0.6741     0.0108     0.6137     0.1997     0.1854     0.0000     0.3238     0.1451     0.4256     0.2421     0.0745     0.0543 
Execution time             7.7807     7.8041     7.8095     7.7840     7.8019     7.8090     7.7906     7.8179     7.7993     7.6595     7.8089     7.6569     7.7981     7.8042     7.8234     7.8037     7.8082     7.7948     7.7991     7.8018     7.8016 
User CPU time              6.3960     6.9123     6.7964     6.3062     6.7522     6.8065     6.4665     6.7540     6.8228     6.2944     6.9559     6.3561     6.7697     6.7828     6.9683     6.6457     6.8229     6.5440     6.7300     6.8965     6.9179 
Sys. CPU time              0.0045     0.0055     0.0043     0.0065     0.0077     0.0076     0.0070     0.0088     0.0067     0.0078     0.0097     0.0065     0.0069     0.0081     0.0080     0.0068     0.0083     0.0067     0.0042     0.0053     0.0041 
Processors                     21         21         21         21         21         21         21         21         21         21         21         21         21         21         21         21         21         21         21         21         21 
           Communication          
Reduction                  1.1053     0.6217     0.8017     1.1844     0.6912     0.6399     0.9676     0.7010     0.6890     1.0065     0.3997     0.9271     0.7268     0.5718     0.5230     0.8701     0.6304     0.9020     0.8681     0.6266     0.6938 
Shadow                     0.1418     0.1402     0.1067     0.1407     0.1828     0.1891     0.1962     0.1657     0.1326     0.1790     0.2211     0.2224     0.1416     0.2631     0.1497     0.1256     0.1661     0.1935     0.0982     0.1516     0.0887 
           Synchronization        
Reduction                  0.2161     0.2041     0.1354     0.1742     0.2388     0.2041     0.2041     0.2041     0.2041     0.2205     0.1673     0.2305     0.2328     0.2292     0.1751     0.2376     0.2388     0.2387     0.2252     0.2387     0.2261 
Shadow                     0.3654     0.3251     0.2914     0.2622     0.2907     0.2944     0.2801     0.2587     0.2911     0.3132     0.2030     0.3285     0.3045     0.2739     0.2510     0.3199     0.2718     0.3399     0.3926     0.3687     0.3924 
           Variation              
Reduction                  0.2162     0.2042     0.1354     0.1742     0.2388     0.2041     0.2042     0.2042     0.2042     0.2206     0.1674     0.2306     0.2329     0.2293     0.1751     0.2377     0.2388     0.2388     0.2252     0.2388     0.2262 
Shadow                     0.4341     0.4030     0.3923     0.3512     0.3486     0.3089     0.3165     0.3080     0.3848     0.3327     0.1966     0.3250     0.4005     0.2510     0.3219     0.4242     0.3531     0.3595     0.4923     0.4298     0.5054 
           Overlap                
Reduction                  0.0000     0.0000     0.0000     0.0000     0.0000     0.0000     0.0000     0.0000     0.0000     0.0000     0.0000     0.0000     0.0000     0.0000     0.0000     0.0000     0.0000     0.0000     0.0000     0.0000     0.0000 
Shadow                     0.0000     0.0000     0.0000     0.0000     0.0000     0.0000     0.0000     0.0000     0.0000     0.0000     0.0001     0.0000     0.0000     0.0000     0.0000     0.0000     0.0000     0.0000     0.0000     0.0000     0.0000 


-------------------------------------------------------------------------
Name (number) and performance time of processors
DVM(1) 2.445131
DVM(2) 1.028730
DVM(3) 1.028530
DVM(4) 1.028505
DVM(5) 1.028520
DVM(6) 1.028528
DVM(7) 1.028736
DVM(8) 1.028737
DVM(9) 1.033791
DVM(10) 1.028411
DVM(11) 1.029354
DVM(12) 1.029182
DVM(13) 1.028854
DVM(14) 1.030624
DVM(15) 1.029164
DVM(16) 1.031853
DVM(17) 1.028947
DVM(18) 1.030239
DVM(19) 1.030511
DVM(20) 1.028663
DVM(21) 2.433778
min - DVM(10) 1.028411; max - DVM(1) 2.445131; mid - 1.163752
