Processor system=1*7*2
Statistics has been accumulated on DVM-system version 5.0, platform DVM
Analyzer is executing on DVM-system version 5.0, platform DVM
-------------------------------------------------------------------------
INTERVAL ( NLINE=20 SOURCE=jac3d.c ) LEVEL=0  EXE_COUNT=1
--- The main characteristics --- 
Parallelization efficiency      0.5919 
Execution time                  8.8542 
Processors                          14
Threads amount                      14
Total time                    123.9584
Productive time                73.3700 ( CPU= 72.9786 Sys= 0.3915 I/O= 0.0000 )
Lost  time                     50.5884 
   Insufficient parallelism    40.6435 ( User= 35.5546 Sys= 5.0889 )
   Communication                9.9179 ( Real_sync= 0.0000 Starts= 0.0000 )
   Idle time                    0.0270
Load imbalance                  7.2781
Synchronization                 2.0956
Time variation                  3.0581
Overlap                         0.0002
                  Nop   Communic    Synchro  Variation    Overlap 
Reduction          20     8.3555     0.0006     0.0005     0.0000 
Shadow             20     1.5625     2.0950     3.0575     0.0001 
--- The comparative characteristics --- 
                              Tmin N proc      Tmax N proc      Tmid
Lost time                   3.0936     2     4.2751    13     3.6135 
User insufficient par.      2.5207     4     2.5665    13     2.5396 
Sys.insufficient par.       0.1479    13     0.5134     7     0.3635 
Idle time                   0.0000     6     0.0031    11     0.0019 
Communication               0.1769     5     1.5576    13     0.7084 
Synchronization             0.0008     7     0.3067    13     0.1497 
Variation                   0.0006     5     0.4986    13     0.2184 
Overlap                     0.0000     1     0.0001     8     0.0000 
Load imbalance              0.0000     2     1.1815    13     0.5199 
Execution time              8.8510    11     8.8542     6     8.8522 
User CPU time               4.5677    13     5.7364     2     5.2128 
Sys. CPU time               0.0114    13     0.0395     7     0.0280 
Processors                      14     1         14    14         14 
                      Communic          Synchro        Variation          Overlap  
Reduction       Tmin    0.0012     5     0.0000    14     0.0000    14     0.0000     1 
Reduction       Tmax    1.5098    13     0.0001     3     0.0000     8     0.0000    14 
Reduction       Tmid    0.5968           0.0000           0.0000           0.0000       
Shadow          Tmin    0.0478    13     0.0007     7     0.0005     5     0.0000     1 
Shadow          Tmax    0.1782     6     0.3067    13     0.4986    13     0.0001     8 
Shadow          Tmid    0.1116           0.1496           0.2184           0.0000       
--- The execution characteristics --- 
                                1          2          3          4          5          6          7          8          9         10         11         12         13         14 
Lost time                  3.0999     3.0936     3.2114     3.2079     3.2112     3.2110     3.2202     3.2070     4.1260     4.1276     4.1749     4.1989     4.2751     4.2237 
User insufficient par.     2.5339     2.5309     2.5240     2.5207     2.5227     2.5224     2.5236     2.5292     2.5503     2.5536     2.5549     2.5576     2.5665     2.5642 
Sys.insufficient par.      0.3190     0.3138     0.5081     0.5085     0.5108     0.5088     0.5134     0.4899     0.2867     0.2839     0.2743     0.2748     0.1479     0.1490 
Idle time                  0.0004     0.0020     0.0012     0.0016     0.0008     0.0000     0.0000     0.0023     0.0031     0.0031     0.0031     0.0031     0.0031     0.0031 
Communication              0.2465     0.2469     0.1782     0.1771     0.1769     0.1798     0.1832     0.1855     1.2859     1.2870     1.3426     1.3634     1.5576     1.5074 
Synchronization            0.2156     0.2176     0.0061     0.0059     0.0607     0.0617     0.0008     0.0017     0.2392     0.2411     0.2174     0.2153     0.3067     0.3058 
Variation                  0.3172     0.3245     0.0205     0.0209     0.0006     0.0012     0.0152     0.0570     0.2830     0.2850     0.3715     0.3676     0.4986     0.4953 
Overlap                    0.0000     0.0000     0.0000     0.0000     0.0000     0.0000     0.0001     0.0001     0.0000     0.0000     0.0000     0.0000     0.0000     0.0000 
Load imbalance             0.0063     0.0000     0.1178     0.1143     0.1176     0.1174     0.1266     0.1134     1.0324     1.0340     1.0813     1.1053     1.1815     1.1301 
Execution time             8.8538     8.8522     8.8530     8.8526     8.8534     8.8542     8.8542     8.8518     8.8511     8.8510     8.8510     8.8511     8.8511     8.8510 
User CPU time              5.7297     5.7364     5.6037     5.6071     5.6036     5.6040     5.5944     5.6095     4.7061     4.7048     4.6582     4.6341     4.5677     4.6191 
Sys. CPU time              0.0245     0.0241     0.0391     0.0391     0.0393     0.0391     0.0395     0.0377     0.0221     0.0218     0.0211     0.0211     0.0114     0.0115 
Processors                     14         14         14         14         14         14         14         14         14         14         14         14         14         14 
           Communication          
Reduction                  0.1964     0.1987     0.0165     0.0152     0.0012     0.0016     0.0224     0.0234     1.1574     1.1577     1.2893     1.3070     1.5098     1.4588 
Shadow                     0.0501     0.0482     0.1617     0.1619     0.1757     0.1782     0.1608     0.1621     0.1285     0.1293     0.0533     0.0564     0.0478     0.0485 
           Synchronization        
Reduction                  0.0000     0.0000     0.0001     0.0001     0.0001     0.0001     0.0001     0.0001     0.0000     0.0000     0.0000     0.0000     0.0000     0.0000 
Shadow                     0.2156     0.2176     0.0060     0.0058     0.0607     0.0617     0.0007     0.0016     0.2391     0.2410     0.2174     0.2153     0.3067     0.3058 
           Variation              
Reduction                  0.0000     0.0000     0.0000     0.0000     0.0000     0.0000     0.0000     0.0000     0.0000     0.0000     0.0000     0.0000     0.0000     0.0000 
Shadow                     0.3172     0.3245     0.0204     0.0208     0.0005     0.0011     0.0151     0.0569     0.2830     0.2850     0.3715     0.3676     0.4986     0.4953 
           Overlap                
Reduction                  0.0000     0.0000     0.0000     0.0000     0.0000     0.0000     0.0000     0.0000     0.0000     0.0000     0.0000     0.0000     0.0000     0.0000 
Shadow                     0.0000     0.0000     0.0000     0.0000     0.0000     0.0000     0.0001     0.0001     0.0000     0.0000     0.0000     0.0000     0.0000     0.0000 


-------------------------------------------------------------------------
INTERVAL ( NLINE=42 SOURCE=jac3d.c ) LEVEL=1 SEQ EXE_COUNT=1
--- The main characteristics --- 
Parallelization efficiency      0.8194 
Execution time                  5.9559 
Processors                          14
Threads amount                      14
Total time                     83.3820
Productive time                68.3267 ( CPU= 67.9822 Sys= 0.3445 I/O= 0.0000 )
Lost  time                     15.0553 
   Insufficient parallelism     4.6218 ( User= 0.1433 Sys= 4.4785 )
   Communication                9.9179 ( Real_sync= 0.0000 Starts= 0.0000 )
   Idle time                    0.5156
Load imbalance                  6.7731
Synchronization                 2.0956
Time variation                  3.0581
Overlap                         0.0002
                  Nop   Communic    Synchro  Variation    Overlap 
Reduction          20     8.3555     0.0006     0.0005     0.0000 
Shadow             20     1.5625     2.0950     3.0575     0.0001 
--- The comparative characteristics --- 
                              Tmin N proc      Tmax N proc      Tmid
Lost time                   0.5916     2     1.6882    13     1.0754 
User insufficient par.      0.0073    14     0.0160     8     0.0102 
Sys.insufficient par.       0.1066    13     0.4678     7     0.3199 
Idle time                   0.0000    10     0.0650     1     0.0368 
Communication               0.1769     5     1.5576    13     0.7084 
Synchronization             0.0008     7     0.3067    13     0.1497 
Variation                   0.0006     5     0.4986    13     0.2184 
Overlap                     0.0000     1     0.0001     8     0.0000 
Load imbalance              0.0000     2     1.0966    13     0.4838 
Execution time              5.8908     1     5.9559    10     5.9190 
User CPU time               4.2595    13     5.3436     2     4.8559 
Sys. CPU time               0.0082    13     0.0360     7     0.0246 
Processors                      14     1         14    14         14 
                      Communic          Synchro        Variation          Overlap  
Reduction       Tmin    0.0012     5     0.0000    14     0.0000    14     0.0000     1 
Reduction       Tmax    1.5098    13     0.0001     3     0.0000     8     0.0000    14 
Reduction       Tmid    0.5968           0.0000           0.0000           0.0000       
Shadow          Tmin    0.0478    13     0.0007     7     0.0005     5     0.0000     1 
Shadow          Tmax    0.1782     6     0.3067    13     0.4986    13     0.0001     8 
Shadow          Tmid    0.1116           0.1496           0.2184           0.0000       
--- The execution characteristics --- 
                                1          2          3          4          5          6          7          8          9         10         11         12         13         14 
Lost time                  0.5989     0.5916     0.7096     0.7055     0.7122     0.7122     0.7175     0.7040     1.5402     1.5401     1.5862     1.6114     1.6882     1.6377 
User insufficient par.     0.0141     0.0121     0.0112     0.0084     0.0098     0.0092     0.0100     0.0160     0.0077     0.0099     0.0074     0.0101     0.0100     0.0073 
Sys.insufficient par.      0.2732     0.2684     0.4625     0.4630     0.4652     0.4631     0.4678     0.4458     0.2452     0.2433     0.2332     0.2333     0.1066     0.1080 
Idle time                  0.0650     0.0641     0.0578     0.0569     0.0603     0.0602     0.0565     0.0567     0.0015     0.0000     0.0030     0.0046     0.0139     0.0151 
Communication              0.2465     0.2469     0.1782     0.1771     0.1769     0.1798     0.1832     0.1855     1.2859     1.2870     1.3426     1.3634     1.5576     1.5074 
Synchronization            0.2156     0.2176     0.0061     0.0059     0.0607     0.0617     0.0008     0.0017     0.2392     0.2411     0.2174     0.2153     0.3067     0.3058 
Variation                  0.3172     0.3245     0.0205     0.0209     0.0006     0.0012     0.0152     0.0570     0.2830     0.2850     0.3715     0.3676     0.4986     0.4953 
Overlap                    0.0000     0.0000     0.0000     0.0000     0.0000     0.0000     0.0001     0.0001     0.0000     0.0000     0.0000     0.0000     0.0000     0.0000 
Load imbalance             0.0073     0.0000     0.1180     0.1139     0.1206     0.1206     0.1259     0.1124     0.9486     0.9486     0.9946     1.0198     1.0966     1.0462 
Execution time             5.8908     5.8917     5.8981     5.8989     5.8956     5.8957     5.8993     5.8992     5.9544     5.9559     5.9529     5.9513     5.9419     5.9408 
User CPU time              5.3360     5.3436     5.2107     5.2147     5.2079     5.2080     5.2024     5.2176     4.3968     4.3970     4.3517     4.3265     4.2595     4.3098 
Sys. CPU time              0.0210     0.0206     0.0356     0.0356     0.0358     0.0356     0.0360     0.0343     0.0189     0.0187     0.0179     0.0179     0.0082     0.0083 
Processors                     14         14         14         14         14         14         14         14         14         14         14         14         14         14 
           Communication          
Reduction                  0.1964     0.1987     0.0165     0.0152     0.0012     0.0016     0.0224     0.0234     1.1574     1.1577     1.2893     1.3070     1.5098     1.4588 
Shadow                     0.0501     0.0482     0.1617     0.1619     0.1757     0.1782     0.1608     0.1621     0.1285     0.1293     0.0533     0.0564     0.0478     0.0485 
           Synchronization        
Reduction                  0.0000     0.0000     0.0001     0.0001     0.0001     0.0001     0.0001     0.0001     0.0000     0.0000     0.0000     0.0000     0.0000     0.0000 
Shadow                     0.2156     0.2176     0.0060     0.0058     0.0607     0.0617     0.0007     0.0016     0.2391     0.2410     0.2174     0.2153     0.3067     0.3058 
           Variation              
Reduction                  0.0000     0.0000     0.0000     0.0000     0.0000     0.0000     0.0000     0.0000     0.0000     0.0000     0.0000     0.0000     0.0000     0.0000 
Shadow                     0.3172     0.3245     0.0204     0.0208     0.0005     0.0011     0.0151     0.0569     0.2830     0.2850     0.3715     0.3676     0.4986     0.4953 
           Overlap                
Reduction                  0.0000     0.0000     0.0000     0.0000     0.0000     0.0000     0.0000     0.0000     0.0000     0.0000     0.0000     0.0000     0.0000     0.0000 
Shadow                     0.0000     0.0000     0.0000     0.0000     0.0000     0.0000     0.0001     0.0001     0.0000     0.0000     0.0000     0.0000     0.0000     0.0000 


-------------------------------------------------------------------------
Name (number) and performance time of processors
DVM(1) 1.029311
DVM(2) 1.029120
DVM(3) 1.028772
DVM(4) 1.028782
DVM(5) 1.029220
DVM(6) 1.029212
DVM(7) 1.028702
DVM(8) 1.028697
DVM(9) 1.029301
DVM(10) 1.029297
DVM(11) 1.028737
DVM(12) 1.028710
DVM(13) 1.029293
DVM(14) 1.029203
min - DVM(8) 1.028697; max - DVM(1) 1.029311; mid - 1.029025
