Processor system=9*1*2
Statistics has been accumulated on DVM-system version 5.0, platform DVM
Analyzer is executing on DVM-system version 5.0, platform DVM
-------------------------------------------------------------------------
INTERVAL ( NLINE=20 SOURCE=jac3d.c ) LEVEL=0  EXE_COUNT=2
--- The main characteristics --- 
Parallelization efficiency      0.6414 
Execution time                 10.9259 
Processors                          18
Threads amount                      18
Total time                    196.6658
Productive time               126.1456 ( CPU= 125.7608 Sys= 0.3848 I/O= 0.0000 )
Lost  time                     70.5202 
   Insufficient parallelism    60.1796 ( User= 53.6383 Sys= 6.5413 )
   Communication               10.2928 ( Real_sync= 0.0000 Starts= 0.0000 )
   Idle time                    0.0478
Load imbalance                  6.8423
Synchronization                 1.2448
Time variation                  1.3624
Overlap                         0.0002
                  Nop   Communic    Synchro  Variation    Overlap 
Reduction          20     7.7437     0.0014     0.0014     0.0000 
Shadow             20     2.5491     1.2434     1.3609     0.0001 
--- The comparative characteristics --- 
                              Tmin N proc      Tmax N proc      Tmid
Lost time                   3.5377     3     6.2910    17     3.9178 
User insufficient par.      2.9618     3     3.0557    17     2.9799 
Sys.insufficient par.       0.1304    18     0.4304     4     0.3634 
Idle time                   0.0000    16     0.0094    17     0.0027 
Communication               0.1556     4     3.0952    17     0.5718 
Synchronization             0.0004     4     0.2590    18     0.0692 
Variation                   0.0014     4     0.2934     2     0.0757 
Overlap                     0.0000     1     0.0001     4     0.0000 
Load imbalance              0.0000     3     2.7533    17     0.3801 
Execution time             10.9165    17    10.9259    16    10.9232 
User CPU time               4.6272    17     7.3640     3     6.9867 
Sys. CPU time               0.0077    18     0.0253     4     0.0214 
Processors                      18     1         18    18         18 
                      Communic          Synchro        Variation          Overlap  
Reduction       Tmin    0.0010     4     0.0000    18     0.0000    18     0.0000     1 
Reduction       Tmax    2.9087    17     0.0001     3     0.0001     3     0.0000    18 
Reduction       Tmid    0.4302           0.0001           0.0001           0.0000       
Shadow          Tmin    0.0427     2     0.0002     4     0.0012     4     0.0000     1 
Shadow          Tmax    0.1865    18     0.2590    18     0.2933     2     0.0001     4 
Shadow          Tmid    0.1416           0.0691           0.0756           0.0000       
--- The execution characteristics --- 
                                1          2          3          4          5          6          7          8          9         10         11         12         13         14         15         16         17         18 
Lost time                  3.6208     3.6394     3.5377     3.5520     3.5631     3.5683     3.5538     3.5573     3.6729     3.6899     3.6050     3.6061     3.6490     3.6593     3.7366     3.7472     6.2910     6.2710 
User insufficient par.     2.9805     2.9863     2.9618     2.9655     2.9648     2.9705     2.9653     2.9691     2.9699     2.9756     2.9663     2.9707     2.9696     2.9682     2.9717     2.9747     3.0557     3.0521 
Sys.insufficient par.      0.2354     0.2376     0.4121     0.4304     0.4089     0.4080     0.4263     0.4268     0.4048     0.4028     0.4256     0.4129     0.3988     0.4058     0.4233     0.4206     0.1307     0.1304 
Idle time                  0.0049     0.0027     0.0051     0.0005     0.0023     0.0011     0.0010     0.0018     0.0033     0.0008     0.0021     0.0013     0.0002     0.0016     0.0002     0.0000     0.0094     0.0094 
Communication              0.4000     0.4128     0.1585     0.1556     0.1871     0.1887     0.1612     0.1596     0.2949     0.3107     0.2109     0.2212     0.2804     0.2837     0.3414     0.3519     3.0952     3.0791 
Synchronization            0.2058     0.2076     0.0135     0.0004     0.0168     0.0329     0.0100     0.0043     0.0279     0.0434     0.0032     0.0088     0.0736     0.0668     0.0065     0.0060     0.2586     0.2590 
Variation                  0.2909     0.2934     0.0110     0.0014     0.0276     0.0353     0.0031     0.0065     0.0443     0.0443     0.0064     0.0182     0.0287     0.0230     0.0106     0.0131     0.2527     0.2521 
Overlap                    0.0000     0.0000     0.0000     0.0001     0.0000     0.0000     0.0000     0.0000     0.0000     0.0000     0.0000     0.0000     0.0000     0.0000     0.0000     0.0000     0.0000     0.0000 
Load imbalance             0.0831     0.1017     0.0000     0.0143     0.0255     0.0306     0.0162     0.0196     0.1352     0.1522     0.0673     0.0684     0.1113     0.1216     0.1990     0.2095     2.7533     2.7333 
Execution time            10.9210    10.9232    10.9207    10.9254    10.9235    10.9248    10.9248    10.9240    10.9226    10.9251    10.9238    10.9246    10.9256    10.9243    10.9256    10.9259    10.9165    10.9165 
User CPU time              7.2913     7.2725     7.3640     7.3486     7.3387     7.3336     7.3470     7.3435     7.2292     7.2123     7.2959     7.2955     7.2534     7.2427     7.1644     7.1540     4.6272     4.6472 
Sys. CPU time              0.0138     0.0140     0.0242     0.0253     0.0241     0.0240     0.0251     0.0251     0.0238     0.0237     0.0250     0.0243     0.0235     0.0239     0.0249     0.0247     0.0077     0.0077 
Processors                     18         18         18         18         18         18         18         18         18         18         18         18         18         18         18         18         18         18 
           Communication          
Reduction                  0.3558     0.3701     0.0012     0.0010     0.0428     0.0471     0.0070     0.0067     0.1603     0.1720     0.0577     0.0683     0.1285     0.1293     0.1925     0.2023     2.9087     2.8926 
Shadow                     0.0442     0.0427     0.1574     0.1546     0.1444     0.1416     0.1542     0.1529     0.1346     0.1386     0.1532     0.1528     0.1519     0.1544     0.1490     0.1495     0.1865     0.1865 
           Synchronization        
Reduction                  0.0001     0.0001     0.0001     0.0001     0.0001     0.0001     0.0001     0.0001     0.0001     0.0001     0.0001     0.0001     0.0001     0.0001     0.0001     0.0000     0.0001     0.0000 
Shadow                     0.2057     0.2075     0.0133     0.0002     0.0167     0.0329     0.0098     0.0041     0.0278     0.0433     0.0032     0.0088     0.0735     0.0667     0.0065     0.0059     0.2585     0.2590 
           Variation              
Reduction                  0.0001     0.0001     0.0001     0.0001     0.0001     0.0001     0.0001     0.0001     0.0001     0.0001     0.0001     0.0001     0.0001     0.0001     0.0001     0.0001     0.0000     0.0000 
Shadow                     0.2908     0.2933     0.0109     0.0012     0.0274     0.0352     0.0030     0.0064     0.0443     0.0442     0.0063     0.0182     0.0286     0.0229     0.0106     0.0130     0.2527     0.2521 
           Overlap                
Reduction                  0.0000     0.0000     0.0000     0.0000     0.0000     0.0000     0.0000     0.0000     0.0000     0.0000     0.0000     0.0000     0.0000     0.0000     0.0000     0.0000     0.0000     0.0000 
Shadow                     0.0000     0.0000     0.0000     0.0001     0.0000     0.0000     0.0000     0.0000     0.0000     0.0000     0.0000     0.0000     0.0000     0.0000     0.0000     0.0000     0.0000     0.0000 


-------------------------------------------------------------------------
INTERVAL ( NLINE=42 SOURCE=jac3d.c ) LEVEL=1 SEQ EXE_COUNT=2
--- The main characteristics --- 
Parallelization efficiency      0.8805 
Execution time                  7.5860 
Processors                          18
Threads amount                      18
Total time                    136.5485
Productive time               120.2347 ( CPU= 119.9017 Sys= 0.3330 I/O= 0.0000 )
Lost  time                     16.3137 
   Insufficient parallelism     5.8649 ( User= 0.2035 Sys= 5.6615 )
   Communication               10.2928 ( Real_sync= 0.0000 Starts= 0.0000 )
   Idle time                    0.1561
Load imbalance                  6.7120
Synchronization                 1.2448
Time variation                  1.3624
Overlap                         0.0002
                  Nop   Communic    Synchro  Variation    Overlap 
Reduction          20     7.7437     0.0014     0.0014     0.0000 
Shadow             20     2.5491     1.2434     1.3609     0.0001 
--- The comparative characteristics --- 
                              Tmin N proc      Tmax N proc      Tmid
Lost time                   0.5334     3     3.2299    17     0.9063 
User insufficient par.      0.0066    18     0.0158     2     0.0113 
Sys.insufficient par.       0.0881    18     0.3799     4     0.3145 
Idle time                   0.0000     6     0.0367    18     0.0087 
Communication               0.1556     4     3.0952    17     0.5718 
Synchronization             0.0004     4     0.2590    18     0.0692 
Variation                   0.0014     4     0.2934     2     0.0757 
Overlap                     0.0000     1     0.0001     4     0.0000 
Load imbalance              0.0000     3     2.6965    17     0.3729 
Execution time              7.5493    18     7.5860     6     7.5774 
User CPU time               4.3509    17     7.0312     3     6.6612 
Sys. CPU time               0.0052    18     0.0223     4     0.0185 
Processors                      18     1         18    18         18 
                      Communic          Synchro        Variation          Overlap  
Reduction       Tmin    0.0010     4     0.0000    18     0.0000    18     0.0000     1 
Reduction       Tmax    2.9087    17     0.0001     3     0.0001     3     0.0000    18 
Reduction       Tmid    0.4302           0.0001           0.0001           0.0000       
Shadow          Tmin    0.0427     2     0.0002     4     0.0012     4     0.0000     1 
Shadow          Tmax    0.1865    18     0.2590    18     0.2933     2     0.0001     4 
Shadow          Tmid    0.1416           0.0691           0.0756           0.0000       
--- The execution characteristics --- 
                                1          2          3          4          5          6          7          8          9         10         11         12         13         14         15         16         17         18 
Lost time                  0.6139     0.6329     0.5334     0.5482     0.5570     0.5608     0.5504     0.5541     0.6661     0.6828     0.5999     0.6017     0.6416     0.6522     0.7341     0.7440     3.2299     3.2105 
User insufficient par.     0.0122     0.0158     0.0083     0.0101     0.0099     0.0135     0.0103     0.0144     0.0108     0.0143     0.0106     0.0137     0.0097     0.0097     0.0105     0.0133     0.0097     0.0066 
Sys.insufficient par.      0.1873     0.1882     0.3641     0.3799     0.3587     0.3585     0.3758     0.3766     0.3558     0.3534     0.3755     0.3625     0.3492     0.3560     0.3728     0.3702     0.0888     0.0881 
Idle time                  0.0144     0.0161     0.0024     0.0026     0.0013     0.0000     0.0031     0.0036     0.0046     0.0044     0.0029     0.0042     0.0024     0.0028     0.0094     0.0087     0.0363     0.0367 
Communication              0.4000     0.4128     0.1585     0.1556     0.1871     0.1887     0.1612     0.1596     0.2949     0.3107     0.2109     0.2212     0.2804     0.2837     0.3414     0.3519     3.0952     3.0791 
Synchronization            0.2058     0.2076     0.0135     0.0004     0.0168     0.0329     0.0100     0.0043     0.0279     0.0434     0.0032     0.0088     0.0736     0.0668     0.0065     0.0060     0.2586     0.2590 
Variation                  0.2909     0.2934     0.0110     0.0014     0.0276     0.0353     0.0031     0.0065     0.0443     0.0443     0.0064     0.0182     0.0287     0.0230     0.0106     0.0131     0.2527     0.2521 
Overlap                    0.0000     0.0000     0.0000     0.0001     0.0000     0.0000     0.0000     0.0000     0.0000     0.0000     0.0000     0.0000     0.0000     0.0000     0.0000     0.0000     0.0000     0.0000 
Load imbalance             0.0804     0.0995     0.0000     0.0148     0.0236     0.0273     0.0170     0.0207     0.1327     0.1493     0.0665     0.0682     0.1082     0.1187     0.2007     0.2106     2.6965     2.6771 
Execution time             7.5716     7.5699     7.5836     7.5835     7.5848     7.5860     7.5829     7.5825     7.5814     7.5816     7.5831     7.5818     7.5836     7.5832     7.5766     7.5773     7.5497     7.5493 
User CPU time              6.9611     6.9420     7.0312     7.0154     7.0079     7.0042     7.0135     7.0097     6.8989     6.8825     6.9640     6.9630     6.9238     6.9129     6.8299     6.8202     4.3509     4.3703 
Sys. CPU time              0.0110     0.0111     0.0214     0.0223     0.0211     0.0211     0.0221     0.0222     0.0209     0.0208     0.0221     0.0213     0.0205     0.0209     0.0219     0.0218     0.0052     0.0052 
Processors                     18         18         18         18         18         18         18         18         18         18         18         18         18         18         18         18         18         18 
           Communication          
Reduction                  0.3558     0.3701     0.0012     0.0010     0.0428     0.0471     0.0070     0.0067     0.1603     0.1720     0.0577     0.0683     0.1285     0.1293     0.1925     0.2023     2.9087     2.8926 
Shadow                     0.0442     0.0427     0.1574     0.1546     0.1444     0.1416     0.1542     0.1529     0.1346     0.1386     0.1532     0.1528     0.1519     0.1544     0.1490     0.1495     0.1865     0.1865 
           Synchronization        
Reduction                  0.0001     0.0001     0.0001     0.0001     0.0001     0.0001     0.0001     0.0001     0.0001     0.0001     0.0001     0.0001     0.0001     0.0001     0.0001     0.0000     0.0001     0.0000 
Shadow                     0.2057     0.2075     0.0133     0.0002     0.0167     0.0329     0.0098     0.0041     0.0278     0.0433     0.0032     0.0088     0.0735     0.0667     0.0065     0.0059     0.2585     0.2590 
           Variation              
Reduction                  0.0001     0.0001     0.0001     0.0001     0.0001     0.0001     0.0001     0.0001     0.0001     0.0001     0.0001     0.0001     0.0001     0.0001     0.0001     0.0001     0.0000     0.0000 
Shadow                     0.2908     0.2933     0.0109     0.0012     0.0274     0.0352     0.0030     0.0064     0.0443     0.0442     0.0063     0.0182     0.0286     0.0229     0.0106     0.0130     0.2527     0.2521 
           Overlap                
Reduction                  0.0000     0.0000     0.0000     0.0000     0.0000     0.0000     0.0000     0.0000     0.0000     0.0000     0.0000     0.0000     0.0000     0.0000     0.0000     0.0000     0.0000     0.0000 
Shadow                     0.0000     0.0000     0.0000     0.0001     0.0000     0.0000     0.0000     0.0000     0.0000     0.0000     0.0000     0.0000     0.0000     0.0000     0.0000     0.0000     0.0000     0.0000 


-------------------------------------------------------------------------
Name (number) and performance time of processors
DVM(1) 1.029455
DVM(2) 1.029301
DVM(3) 1.028660
DVM(4) 1.028845
DVM(5) 1.029029
DVM(6) 1.029048
DVM(7) 1.028862
DVM(8) 1.028873
DVM(9) 1.028885
DVM(10) 1.028894
DVM(11) 1.028735
DVM(12) 1.028712
DVM(13) 1.028871
DVM(14) 1.028895
DVM(15) 1.029025
DVM(16) 1.029017
DVM(17) 1.029079
DVM(18) 1.029071
min - DVM(3) 1.028660; max - DVM(1) 1.029455; mid - 1.028959
