Processor system=3*5*1
Statistics has been accumulated on DVM-system version 5.0, platform DVM
Analyzer is executing on DVM-system version 5.0, platform DVM
-------------------------------------------------------------------------
INTERVAL ( NLINE=20 SOURCE=jac3d.c ) LEVEL=0  EXE_COUNT=1
--- The main characteristics --- 
Parallelization efficiency      0.6279 
Execution time                  9.2151 
Processors                          15
Threads amount                      15
Total time                    138.2264
Productive time                86.7865 ( CPU= 86.6205 Sys= 0.1660 I/O= 0.0000 )
Lost  time                     51.4398 
   Insufficient parallelism    39.6882 ( User= 37.3643 Sys= 2.3239 )
   Communication               11.7298 ( Real_sync= 0.0000 Starts= 0.0000 )
   Idle time                    0.0219
Load imbalance                 10.0160
Synchronization                 2.7121
Time variation                  2.4631
Overlap                         0.0002
                  Nop   Communic    Synchro  Variation    Overlap 
Reduction          20     9.8933     0.0010     0.0010     0.0001 
Shadow             20     1.8365     2.7111     2.4621     0.0002 
--- The comparative characteristics --- 
                              Tmin N proc      Tmax N proc      Tmid
Lost time                   2.7616     3     4.6816    15     3.4293 
User insufficient par.      2.4712     7     2.5277    15     2.4910 
Sys.insufficient par.       0.0930    15     0.2669     9     0.1549 
Idle time                   0.0000     7     0.0029    14     0.0015 
Communication               0.1283     3     2.0580    15     0.7820 
Synchronization             0.0009     9     0.2759    15     0.1808 
Variation                   0.0019     9     0.2958    15     0.1642 
Overlap                     0.0000     2     0.0001     9     0.0000 
Load imbalance              0.0000     3     1.9200    15     0.6677 
Execution time              9.2122    14     9.2151     7     9.2136 
User CPU time               4.5269    15     6.4422     3     5.7747 
Sys. CPU time               0.0066    15     0.0191     9     0.0111 
Processors                      15     1         15    15         15 
                      Communic          Synchro        Variation          Overlap  
Reduction       Tmin    0.0008     7     0.0000    10     0.0000    10     0.0000     2 
Reduction       Tmax    2.0062    15     0.0001     9     0.0001     4     0.0000    10 
Reduction       Tmid    0.6596           0.0001           0.0001           0.0000       
Shadow          Tmin    0.0518    15     0.0008     9     0.0019     9     0.0000     1 
Shadow          Tmax    0.2013    14     0.2759    15     0.2958    15     0.0001     9 
Shadow          Tmid    0.1224           0.1807           0.1641           0.0000       
--- The execution characteristics --- 
                                1          2          3          4          5          6          7          8          9         10         11         12         13         14         15 
Lost time                  2.8133     2.7881     2.7616     2.7922     2.8007     2.7959     2.9033     2.8969     2.9475     2.8786     4.6346     4.5413     4.6050     4.5994     4.6816 
User insufficient par.     2.4820     2.4772     2.4739     2.4724     2.4780     2.4801     2.4712     2.4747     2.4768     2.4800     2.5226     2.5152     2.5174     2.5152     2.5277 
Sys.insufficient par.      0.1219     0.1545     0.1580     0.1582     0.1173     0.1387     0.2569     0.2646     0.2669     0.1244     0.0935     0.1249     0.1249     0.1261     0.0930 
Idle time                  0.0004     0.0004     0.0014     0.0017     0.0011     0.0000     0.0000     0.0006     0.0019     0.0009     0.0029     0.0029     0.0021     0.0029     0.0028 
Communication              0.2090     0.1561     0.1283     0.1599     0.2043     0.1771     0.1751     0.1570     0.2020     0.2733     2.0156     1.8983     1.9606     1.9552     2.0580 
Synchronization            0.2174     0.1794     0.1774     0.1818     0.2369     0.1846     0.0217     0.0481     0.0009     0.2222     0.2699     0.2294     0.2332     0.2333     0.2759 
Variation                  0.2647     0.1727     0.1905     0.1571     0.2585     0.2242     0.0141     0.0376     0.0019     0.1846     0.2704     0.1253     0.1555     0.1100     0.2958 
Overlap                    0.0000     0.0000     0.0000     0.0000     0.0000     0.0000     0.0000     0.0000     0.0001     0.0000     0.0000     0.0000     0.0000     0.0000     0.0000 
Load imbalance             0.0517     0.0265     0.0000     0.0306     0.0391     0.0343     0.1417     0.1353     0.1859     0.1170     1.8730     1.7797     1.8434     1.8378     1.9200 
Execution time             9.2147     9.2147     9.2137     9.2134     9.2140     9.2151     9.2151     9.2145     9.2132     9.2142     9.2122     9.2122     9.2130     9.2122     9.2122 
User CPU time              6.3931     6.4159     6.4422     6.4116     6.4060     6.4093     6.2935     6.2993     6.2485     6.3277     4.5738     4.6649     4.6011     4.6066     4.5269 
Sys. CPU time              0.0087     0.0110     0.0113     0.0113     0.0084     0.0099     0.0183     0.0189     0.0191     0.0089     0.0067     0.0089     0.0089     0.0090     0.0066 
Processors                     15         15         15         15         15         15         15         15         15         15         15         15         15         15         15 
           Communication          
Reduction                  0.1536     0.0436     0.0383     0.0374     0.1382     0.0994     0.0008     0.0021     0.0231     0.1419     1.9398     1.7116     1.8034     1.7540     2.0062 
Shadow                     0.0554     0.1125     0.0900     0.1225     0.0660     0.0777     0.1744     0.1549     0.1789     0.1314     0.0758     0.1867     0.1572     0.2013     0.0518 
           Synchronization        
Reduction                  0.0001     0.0001     0.0001     0.0001     0.0000     0.0001     0.0001     0.0001     0.0001     0.0000     0.0001     0.0001     0.0001     0.0001     0.0000 
Shadow                     0.2173     0.1793     0.1773     0.1817     0.2368     0.1846     0.0216     0.0480     0.0008     0.2222     0.2698     0.2293     0.2331     0.2332     0.2759 
           Variation              
Reduction                  0.0001     0.0001     0.0001     0.0001     0.0000     0.0001     0.0001     0.0001     0.0001     0.0000     0.0001     0.0001     0.0001     0.0001     0.0000 
Shadow                     0.2646     0.1726     0.1904     0.1570     0.2585     0.2242     0.0140     0.0375     0.0019     0.1846     0.2703     0.1253     0.1554     0.1100     0.2958 
           Overlap                
Reduction                  0.0000     0.0000     0.0000     0.0000     0.0000     0.0000     0.0000     0.0000     0.0000     0.0000     0.0000     0.0000     0.0000     0.0000     0.0000 
Shadow                     0.0000     0.0000     0.0000     0.0000     0.0000     0.0000     0.0000     0.0000     0.0001     0.0000     0.0000     0.0000     0.0000     0.0000     0.0000 


-------------------------------------------------------------------------
INTERVAL ( NLINE=42 SOURCE=jac3d.c ) LEVEL=1 SEQ EXE_COUNT=1
--- The main characteristics --- 
Parallelization efficiency      0.8540 
Execution time                  6.3776 
Processors                          15
Threads amount                      15
Total time                     95.6633
Productive time                81.6932 ( CPU= 81.5757 Sys= 0.1176 I/O= 0.0000 )
Lost  time                     13.9700 
   Insufficient parallelism     1.8081 ( User= 0.1618 Sys= 1.6464 )
   Communication               11.7298 ( Real_sync= 0.0000 Starts= 0.0000 )
   Idle time                    0.4321
Load imbalance                  9.6363
Synchronization                 2.7121
Time variation                  2.4631
Overlap                         0.0002
                  Nop   Communic    Synchro  Variation    Overlap 
Reduction          20     9.8933     0.0010     0.0010     0.0001 
Shadow             20     1.8365     2.7111     2.4621     0.0002 
--- The comparative characteristics --- 
                              Tmin N proc      Tmax N proc      Tmid
Lost time                   0.2889     3     2.1331    15     0.9313 
User insufficient par.      0.0083     7     0.0132     9     0.0108 
Sys.insufficient par.       0.0498    15     0.2215     9     0.1098 
Idle time                   0.0000    12     0.0436     1     0.0288 
Communication               0.1283     3     2.0580    15     0.7820 
Synchronization             0.0009     9     0.2759    15     0.1808 
Variation                   0.0019     9     0.2958    15     0.1642 
Overlap                     0.0000     2     0.0001     9     0.0000 
Load imbalance              0.0000     3     1.8442    15     0.6424 
Execution time              6.3339     1     6.3776    12     6.3487 
User CPU time               4.2409    15     6.0807     3     5.4384 
Sys. CPU time               0.0036    15     0.0158     9     0.0078 
Processors                      15     1         15    15         15 
                      Communic          Synchro        Variation          Overlap  
Reduction       Tmin    0.0008     7     0.0000    10     0.0000    10     0.0000     2 
Reduction       Tmax    2.0062    15     0.0001     9     0.0001     4     0.0000    10 
Reduction       Tmid    0.6596           0.0001           0.0001           0.0000       
Shadow          Tmin    0.0518    15     0.0008     9     0.0019     9     0.0000     1 
Shadow          Tmax    0.2013    14     0.2759    15     0.2958    15     0.0001     9 
Shadow          Tmid    0.1224           0.1807           0.1641           0.0000       
--- The execution characteristics --- 
                                1          2          3          4          5          6          7          8          9         10         11         12         13         14         15 
Lost time                  0.3410     0.3149     0.2889     0.3191     0.3280     0.3235     0.4325     0.4272     0.4741     0.4056     2.0851     1.9909     2.0558     2.0504     2.1331 
User insufficient par.     0.0131     0.0118     0.0100     0.0088     0.0109     0.0126     0.0083     0.0124     0.0132     0.0120     0.0091     0.0100     0.0092     0.0097     0.0107 
Sys.insufficient par.      0.0753     0.1079     0.1116     0.1122     0.0710     0.0921     0.2102     0.2178     0.2215     0.0789     0.0505     0.0826     0.0817     0.0833     0.0498 
Idle time                  0.0436     0.0391     0.0390     0.0382     0.0419     0.0416     0.0389     0.0400     0.0374     0.0415     0.0098     0.0000     0.0043     0.0022     0.0146 
Communication              0.2090     0.1561     0.1283     0.1599     0.2043     0.1771     0.1751     0.1570     0.2020     0.2733     2.0156     1.8983     1.9606     1.9552     2.0580 
Synchronization            0.2174     0.1794     0.1774     0.1818     0.2369     0.1846     0.0217     0.0481     0.0009     0.2222     0.2699     0.2294     0.2332     0.2333     0.2759 
Variation                  0.2647     0.1727     0.1905     0.1571     0.2585     0.2242     0.0141     0.0376     0.0019     0.1846     0.2704     0.1253     0.1555     0.1100     0.2958 
Overlap                    0.0000     0.0000     0.0000     0.0000     0.0000     0.0000     0.0000     0.0000     0.0001     0.0000     0.0000     0.0000     0.0000     0.0000     0.0000 
Load imbalance             0.0521     0.0260     0.0000     0.0301     0.0390     0.0346     0.1435     0.1383     0.1852     0.1167     1.7962     1.7020     1.7669     1.7615     1.8442 
Execution time             6.3339     6.3384     6.3385     6.3394     6.3357     6.3359     6.3387     6.3375     6.3401     6.3361     6.3677     6.3776     6.3733     6.3754     6.3630 
User CPU time              6.0312     6.0549     6.0807     6.0505     6.0445     6.0475     5.9301     5.9348     5.8876     5.9663     4.2889     4.3808     4.3159     4.3212     4.2409 
Sys. CPU time              0.0054     0.0077     0.0080     0.0080     0.0051     0.0066     0.0150     0.0156     0.0158     0.0056     0.0036     0.0059     0.0058     0.0059     0.0036 
Processors                     15         15         15         15         15         15         15         15         15         15         15         15         15         15         15 
           Communication          
Reduction                  0.1536     0.0436     0.0383     0.0374     0.1382     0.0994     0.0008     0.0021     0.0231     0.1419     1.9398     1.7116     1.8034     1.7540     2.0062 
Shadow                     0.0554     0.1125     0.0900     0.1225     0.0660     0.0777     0.1744     0.1549     0.1789     0.1314     0.0758     0.1867     0.1572     0.2013     0.0518 
           Synchronization        
Reduction                  0.0001     0.0001     0.0001     0.0001     0.0000     0.0001     0.0001     0.0001     0.0001     0.0000     0.0001     0.0001     0.0001     0.0001     0.0000 
Shadow                     0.2173     0.1793     0.1773     0.1817     0.2368     0.1846     0.0216     0.0480     0.0008     0.2222     0.2698     0.2293     0.2331     0.2332     0.2759 
           Variation              
Reduction                  0.0001     0.0001     0.0001     0.0001     0.0000     0.0001     0.0001     0.0001     0.0001     0.0000     0.0001     0.0001     0.0001     0.0001     0.0000 
Shadow                     0.2646     0.1726     0.1904     0.1570     0.2585     0.2242     0.0140     0.0375     0.0019     0.1846     0.2703     0.1253     0.1554     0.1100     0.2958 
           Overlap                
Reduction                  0.0000     0.0000     0.0000     0.0000     0.0000     0.0000     0.0000     0.0000     0.0000     0.0000     0.0000     0.0000     0.0000     0.0000     0.0000 
Shadow                     0.0000     0.0000     0.0000     0.0000     0.0000     0.0000     0.0000     0.0000     0.0001     0.0000     0.0000     0.0000     0.0000     0.0000     0.0000 


-------------------------------------------------------------------------
Name (number) and performance time of processors
DVM(1) 1.029107
DVM(2) 1.028782
DVM(3) 1.028689
DVM(4) 1.028687
DVM(5) 1.028959
DVM(6) 1.028953
DVM(7) 1.029145
DVM(8) 1.029108
DVM(9) 1.028964
DVM(10) 1.029038
DVM(11) 1.028671
DVM(12) 1.028652
DVM(13) 1.028848
DVM(14) 1.028901
DVM(15) 0.539637
min - DVM(15) 0.539637; max - DVM(7) 1.029145; mid - 0.996276
