Processor system=1*3*6
Statistics has been accumulated on DVM-system version 5.0, platform DVM
Analyzer is executing on DVM-system version 5.0, platform DVM
-------------------------------------------------------------------------
INTERVAL ( NLINE=20 SOURCE=jac3d.c ) LEVEL=0  EXE_COUNT=2
--- The main characteristics --- 
Parallelization efficiency      0.5314 
Execution time                  9.2787 
Processors                          18
Threads amount                      18
Total time                    167.0158
Productive time                88.7597 ( CPU= 87.7981 Sys= 0.9616 I/O= 0.0000 )
Lost  time                     78.2561 
   Insufficient parallelism    62.9726 ( User= 46.6250 Sys= 16.3476 )
   Communication               15.2478 ( Real_sync= 0.0000 Starts= 0.0000 )
   Idle time                    0.0357
Load imbalance                  9.8649
Synchronization                10.2263
Time variation                 17.8769
Overlap                         0.0002
                  Nop   Communic    Synchro  Variation    Overlap 
Reduction          20    12.3493     0.0013     0.0012     0.0001 
Shadow             20     2.8985    10.2250    17.8757     0.0001 
--- The comparative characteristics --- 
                              Tmin N proc      Tmax N proc      Tmid
Lost time                   3.7995     4     6.0177    18     4.3476 
User insufficient par.      2.5642    11     2.6530    18     2.5903 
Sys.insufficient par.       0.2280    18     1.9051    11     0.9082 
Idle time                   0.0000     4     0.0084    18     0.0020 
Communication               0.1219     5     3.1283    18     0.8471 
Synchronization             0.0001    11     0.9220    18     0.5681 
Variation                   0.0001    11     1.7771     1     0.9932 
Overlap                     0.0000     1     0.0001    11     0.0000 
Load imbalance              0.0000     4     2.2182    18     0.5480 
Execution time              9.2702    18     9.2787     4     9.2767 
User CPU time               3.2475    18     5.4188     4     4.8777 
Sys. CPU time               0.0134    18     0.1121    11     0.0534 
Processors                      18     1         18    18         18 
                      Communic          Synchro        Variation          Overlap  
Reduction       Tmin    0.0017    11     0.0000    16     0.0000    16     0.0000     1 
Reduction       Tmax    2.9939    18     0.0001    11     0.0001    11     0.0000    16 
Reduction       Tmid    0.6861           0.0001           0.0001           0.0000       
Shadow          Tmin    0.0216     1     0.0000    11     0.0000    11     0.0000     1 
Shadow          Tmax    0.7271    12     0.9220    18     1.7770     1     0.0001    11 
Shadow          Tmid    0.1610           0.5681           0.9931           0.0000       
--- The execution characteristics --- 
                                1          2          3          4          5          6          7          8          9         10         11         12         13         14         15         16         17         18 
Lost time                  4.7535     3.9540     3.8187     3.7995     4.2637     3.9662     4.7443     4.2467     3.9839     4.0318     4.5967     4.0461     4.7643     4.1502     3.8296     3.9366     5.3526     6.0177 
User insufficient par.     2.6455     2.5846     2.5721     2.5710     2.5704     2.5714     2.6478     2.5781     2.5676     2.5684     2.5642     2.5674     2.6448     2.5845     2.5659     2.5703     2.5980     2.6530 
Sys.insufficient par.      0.2935     1.0090     1.0191     1.0250     1.5713     0.5063     0.3092     1.3648     1.2606     1.2515     1.9051     0.5934     0.2929     1.0442     1.0327     1.0321     0.6090     0.2280 
Idle time                  0.0044     0.0000     0.0001     0.0000     0.0000     0.0035     0.0001     0.0000     0.0024     0.0000     0.0043     0.0039     0.0001     0.0001     0.0000     0.0001     0.0084     0.0084 
Communication              1.8101     0.3603     0.2275     0.2035     0.1219     0.8851     1.7872     0.3038     0.1534     0.2119     0.1231     0.8815     1.8265     0.5215     0.2310     0.3341     2.1371     3.1283 
Synchronization            0.8498     0.4878     0.5372     0.5144     0.1978     0.8612     0.8337     0.3164     0.3580     0.3754     0.0001     0.8362     0.8496     0.4847     0.5049     0.5120     0.7850     0.9220 
Variation                  1.7771     0.9858     0.9710     0.9676     0.3760     0.9376     1.7565     0.5865     0.6900     0.6859     0.0001     0.7553     1.7763     0.9509     0.9567     0.9591     1.0174     1.7274 
Overlap                    0.0000     0.0000     0.0000     0.0000     0.0000     0.0000     0.0000     0.0000     0.0000     0.0000     0.0001     0.0000     0.0000     0.0000     0.0000     0.0000     0.0000     0.0000 
Load imbalance             0.9540     0.1545     0.0192     0.0000     0.4642     0.1667     0.9448     0.4472     0.1844     0.2323     0.7971     0.2466     0.9648     0.3507     0.0301     0.1371     1.5531     2.2182 
Execution time             9.2742     9.2786     9.2786     9.2787     9.2786     9.2751     9.2786     9.2787     9.2763     9.2786     9.2744     9.2748     9.2786     9.2786     9.2786     9.2786     9.2703     9.2702 
User CPU time              4.5079     5.2653     5.4000     5.4188     4.9225     5.2827     4.5161     4.9517     5.2206     5.1732     4.5699     5.1976     4.4971     5.0670     5.3883     5.2814     3.8903     3.2475 
Sys. CPU time              0.0173     0.0594     0.0599     0.0603     0.0924     0.0298     0.0182     0.0803     0.0742     0.0736     0.1121     0.0349     0.0172     0.0614     0.0607     0.0607     0.0358     0.0134 
Processors                     18         18         18         18         18         18         18         18         18         18         18         18         18         18         18         18         18         18 
           Communication          
Reduction                  1.7885     0.3039     0.1657     0.1443     0.0491     0.2484     1.7596     0.1966     0.0441     0.0913     0.0017     0.1545     1.8023     0.4654     0.1702     0.2749     1.6949     2.9939 
Shadow                     0.0216     0.0564     0.0618     0.0592     0.0728     0.6367     0.0275     0.1072     0.1092     0.1206     0.1214     0.7271     0.0242     0.0560     0.0607     0.0592     0.4422     0.1345 
           Synchronization        
Reduction                  0.0001     0.0001     0.0001     0.0001     0.0001     0.0000     0.0000     0.0001     0.0001     0.0000     0.0001     0.0000     0.0000     0.0001     0.0001     0.0000     0.0001     0.0001 
Shadow                     0.8497     0.4877     0.5371     0.5143     0.1977     0.8612     0.8337     0.3163     0.3579     0.3754     0.0000     0.8361     0.8496     0.4847     0.5048     0.5120     0.7849     0.9220 
           Variation              
Reduction                  0.0001     0.0001     0.0001     0.0001     0.0001     0.0000     0.0000     0.0001     0.0001     0.0000     0.0001     0.0000     0.0000     0.0001     0.0001     0.0000     0.0001     0.0001 
Shadow                     1.7770     0.9857     0.9709     0.9675     0.3759     0.9375     1.7565     0.5864     0.6899     0.6858     0.0000     0.7553     1.7763     0.9508     0.9566     0.9591     1.0173     1.7273 
           Overlap                
Reduction                  0.0000     0.0000     0.0000     0.0000     0.0000     0.0000     0.0000     0.0000     0.0000     0.0000     0.0000     0.0000     0.0000     0.0000     0.0000     0.0000     0.0000     0.0000 
Shadow                     0.0000     0.0000     0.0000     0.0000     0.0000     0.0000     0.0000     0.0000     0.0000     0.0000     0.0001     0.0000     0.0000     0.0000     0.0000     0.0000     0.0000     0.0000 


-------------------------------------------------------------------------
INTERVAL ( NLINE=42 SOURCE=jac3d.c ) LEVEL=1 SEQ EXE_COUNT=2
--- The main characteristics --- 
Parallelization efficiency      0.7239 
Execution time                  6.3881 
Processors                          18
Threads amount                      18
Total time                    114.9864
Productive time                83.2413 ( CPU= 82.3322 Sys= 0.9091 I/O= 0.0000 )
Lost  time                     31.7451 
   Insufficient parallelism    15.7141 ( User= 0.2596 Sys= 15.4545 )
   Communication               15.2478 ( Real_sync= 0.0000 Starts= 0.0000 )
   Idle time                    0.7832
Load imbalance                  9.8122
Synchronization                10.2263
Time variation                 17.8769
Overlap                         0.0002
                  Nop   Communic    Synchro  Variation    Overlap 
Reduction          20    12.3493     0.0013     0.0012     0.0001 
Shadow             20     2.8985    10.2250    17.8757     0.0001 
--- The comparative characteristics --- 
                              Tmin N proc      Tmax N proc      Tmid
Lost time                   1.2185     4     3.3855    18     1.7636 
User insufficient par.      0.0105    18     0.0187     8     0.0144 
Sys.insufficient par.       0.1843    18     1.8562    11     0.8586 
Idle time                   0.0000    17     0.1122     7     0.0435 
Communication               0.1219     5     3.1283    18     0.8471 
Synchronization             0.0001    11     0.9220    18     0.5681 
Variation                   0.0001    11     1.7771     1     0.9932 
Overlap                     0.0000     1     0.0001    11     0.0000 
Load imbalance              0.0000     4     2.1670    18     0.5451 
Execution time              6.2760     7     6.3881    17     6.3446 
User CPU time               2.9918    18     5.1123     4     4.5740 
Sys. CPU time               0.0108    18     0.1092    11     0.0505 
Processors                      18     1         18    18         18 
                      Communic          Synchro        Variation          Overlap  
Reduction       Tmin    0.0017    11     0.0000    16     0.0000    16     0.0000     1 
Reduction       Tmax    2.9939    18     0.0001    11     0.0001    11     0.0000    16 
Reduction       Tmid    0.6861           0.0001           0.0001           0.0000       
Shadow          Tmin    0.0216     1     0.0000    11     0.0000    11     0.0000     1 
Shadow          Tmax    0.7271    12     0.9220    18     1.7770     1     0.0001    11 
Shadow          Tmid    0.1610           0.5681           0.9931           0.0000       
--- The execution characteristics --- 
                                1          2          3          4          5          6          7          8          9         10         11         12         13         14         15         16         17         18 
Lost time                  2.1766     1.3744     1.2440     1.2185     1.6840     1.3853     2.1711     1.6690     1.4087     1.4523     2.0175     1.4668     2.1907     1.5730     1.2549     1.3582     2.7145     3.3855 
User insufficient par.     0.0176     0.0109     0.0148     0.0156     0.0183     0.0125     0.0136     0.0187     0.0172     0.0162     0.0180     0.0138     0.0121     0.0147     0.0105     0.0123     0.0123     0.0105 
Sys.insufficient par.      0.2447     0.9589     0.9680     0.9741     1.5210     0.4565     0.2582     1.3137     1.2112     1.2006     1.8562     0.5436     0.2425     0.9933     0.9816     0.9812     0.5650     0.1843 
Idle time                  0.1042     0.0444     0.0337     0.0253     0.0228     0.0312     0.1122     0.0328     0.0270     0.0236     0.0203     0.0278     0.1096     0.0436     0.0318     0.0305     0.0000     0.0624 
Communication              1.8101     0.3603     0.2275     0.2035     0.1219     0.8851     1.7872     0.3038     0.1534     0.2119     0.1231     0.8815     1.8265     0.5215     0.2310     0.3341     2.1371     3.1283 
Synchronization            0.8498     0.4878     0.5372     0.5144     0.1978     0.8612     0.8337     0.3164     0.3580     0.3754     0.0001     0.8362     0.8496     0.4847     0.5049     0.5120     0.7850     0.9220 
Variation                  1.7771     0.9858     0.9710     0.9676     0.3760     0.9376     1.7565     0.5865     0.6900     0.6859     0.0001     0.7553     1.7763     0.9509     0.9567     0.9591     1.0174     1.7274 
Overlap                    0.0000     0.0000     0.0000     0.0000     0.0000     0.0000     0.0000     0.0000     0.0000     0.0000     0.0001     0.0000     0.0000     0.0000     0.0000     0.0000     0.0000     0.0000 
Load imbalance             0.9581     0.1559     0.0255     0.0000     0.4655     0.1668     0.9526     0.4505     0.1902     0.2338     0.7991     0.2483     0.9722     0.3545     0.0364     0.1397     1.4960     2.1670 
Execution time             6.2840     6.3438     6.3544     6.3628     6.3654     6.3569     6.2760     6.3553     6.3611     6.3645     6.3679     6.3603     6.2785     6.3446     6.3564     6.3576     6.3881     6.3258 
User CPU time              4.1971     4.9573     5.0872     5.1123     4.6147     4.9760     4.2018     4.6419     4.9081     4.8652     4.2614     4.8894     4.1831     4.7567     5.0755     4.9722     3.6404     2.9918 
Sys. CPU time              0.0144     0.0564     0.0569     0.0573     0.0895     0.0269     0.0152     0.0773     0.0712     0.0706     0.1092     0.0320     0.0143     0.0584     0.0577     0.0577     0.0332     0.0108 
Processors                     18         18         18         18         18         18         18         18         18         18         18         18         18         18         18         18         18         18 
           Communication          
Reduction                  1.7885     0.3039     0.1657     0.1443     0.0491     0.2484     1.7596     0.1966     0.0441     0.0913     0.0017     0.1545     1.8023     0.4654     0.1702     0.2749     1.6949     2.9939 
Shadow                     0.0216     0.0564     0.0618     0.0592     0.0728     0.6367     0.0275     0.1072     0.1092     0.1206     0.1214     0.7271     0.0242     0.0560     0.0607     0.0592     0.4422     0.1345 
           Synchronization        
Reduction                  0.0001     0.0001     0.0001     0.0001     0.0001     0.0000     0.0000     0.0001     0.0001     0.0000     0.0001     0.0000     0.0000     0.0001     0.0001     0.0000     0.0001     0.0001 
Shadow                     0.8497     0.4877     0.5371     0.5143     0.1977     0.8612     0.8337     0.3163     0.3579     0.3754     0.0000     0.8361     0.8496     0.4847     0.5048     0.5120     0.7849     0.9220 
           Variation              
Reduction                  0.0001     0.0001     0.0001     0.0001     0.0001     0.0000     0.0000     0.0001     0.0001     0.0000     0.0001     0.0000     0.0000     0.0001     0.0001     0.0000     0.0001     0.0001 
Shadow                     1.7770     0.9857     0.9709     0.9675     0.3759     0.9375     1.7565     0.5864     0.6899     0.6858     0.0000     0.7553     1.7763     0.9508     0.9566     0.9591     1.0173     1.7273 
           Overlap                
Reduction                  0.0000     0.0000     0.0000     0.0000     0.0000     0.0000     0.0000     0.0000     0.0000     0.0000     0.0000     0.0000     0.0000     0.0000     0.0000     0.0000     0.0000     0.0000 
Shadow                     0.0000     0.0000     0.0000     0.0000     0.0000     0.0000     0.0000     0.0000     0.0000     0.0000     0.0001     0.0000     0.0000     0.0000     0.0000     0.0000     0.0000     0.0000 


-------------------------------------------------------------------------
Name (number) and performance time of processors
DVM(1) 1.029144
DVM(2) 1.028992
DVM(3) 1.029209
DVM(4) 1.029152
DVM(5) 1.028808
DVM(6) 1.028811
DVM(7) 1.028837
DVM(8) 1.028764
DVM(9) 1.028976
DVM(10) 1.028910
DVM(11) 1.028734
DVM(12) 1.028696
DVM(13) 1.029233
DVM(14) 1.029203
DVM(15) 1.028662
DVM(16) 1.028718
DVM(17) 1.029208
DVM(18) 1.029215
min - DVM(15) 1.028662; max - DVM(13) 1.029233; mid - 1.028960
