Processor system=2*1*9
Statistics has been accumulated on DVM-system version 5.0, platform DVM
Analyzer is executing on DVM-system version 5.0, platform DVM
-------------------------------------------------------------------------
INTERVAL ( NLINE=20 SOURCE=jac3d.c ) LEVEL=0  EXE_COUNT=2
--- The main characteristics --- 
Parallelization efficiency      0.5348 
Execution time                  9.7269 
Processors                          18
Threads amount                      18
Total time                    175.0840
Productive time                93.6304 ( CPU= 92.3970 Sys= 1.2334 I/O= 0.0000 )
Lost  time                     81.4536 
   Insufficient parallelism    66.5142 ( User= 45.5468 Sys= 20.9674 )
   Communication               14.8938 ( Real_sync= 0.0000 Starts= 0.0000 )
   Idle time                    0.0457
Load imbalance                  9.1360
Synchronization                 3.2763
Time variation                  6.7153
Overlap                         0.0002
                  Nop   Communic    Synchro  Variation    Overlap 
Reduction          20    12.3030     0.0015     0.0015     0.0001 
Shadow             20     2.5908     3.2748     6.7138     0.0001 
--- The comparative characteristics --- 
                              Tmin N proc      Tmax N proc      Tmid
Lost time                   4.0176     4     6.7062    18     4.5252 
User insufficient par.      2.5020    16     2.6264     1     2.5304 
Sys.insufficient par.       0.2628    18     1.5545     8     1.1649 
Idle time                   0.0000     6     0.0074    17     0.0025 
Communication               0.1195     8     3.8149    18     0.8274 
Synchronization             0.0030     2     0.5963    18     0.1820 
Variation                   0.0001     8     1.3234     1     0.3731 
Overlap                     0.0000     1     0.0001     2     0.0000 
Load imbalance              0.0000     4     2.6886    18     0.5076 
Execution time              9.7195    17     9.7269     6     9.7244 
User CPU time               3.0052    18     5.6282     4     5.1332 
Sys. CPU time               0.0155    18     0.0914     8     0.0685 
Processors                      18     1         18    18         18 
                      Communic          Synchro        Variation          Overlap  
Reduction       Tmin    0.0009     8     0.0000    10     0.0000    10     0.0000     1 
Reduction       Tmax    3.6054    18     0.0001     4     0.0001     4     0.0000    10 
Reduction       Tmid    0.6835           0.0001           0.0001           0.0000       
Shadow          Tmin    0.0286    10     0.0029     2     0.0000     8     0.0000     1 
Shadow          Tmax    0.4609     9     0.5962    18     1.3233     1     0.0001     2 
Shadow          Tmid    0.1439           0.1819           0.3730           0.0000       
--- The execution characteristics --- 
                                1          2          3          4          5          6          7          8          9         10         11         12         13         14         15         16         17         18 
Lost time                  5.7480     4.1996     4.0570     4.0176     4.1432     4.0281     4.1346     4.1852     4.6717     5.1823     4.0358     4.1524     4.0449     4.0964     4.1131     4.1620     5.7752     6.7062 
User insufficient par.     2.6264     2.5328     2.5071     2.5050     2.5051     2.5058     2.5080     2.5111     2.5486     2.5986     2.5058     2.5047     2.5046     2.5030     2.5066     2.5020     2.5505     2.6212 
Sys.insufficient par.      0.3554     1.4553     1.4014     1.3777     1.4795     1.3965     1.4179     1.5545     0.6307     0.4054     1.3666     1.3749     1.3774     1.3855     1.3803     1.3821     0.9635     0.2628 
Idle time                  0.0030     0.0000     0.0000     0.0000     0.0023     0.0000     0.0001     0.0001     0.0039     0.0043     0.0000     0.0047     0.0012     0.0051     0.0027     0.0035     0.0074     0.0074 
Communication              2.7632     0.2115     0.1486     0.1350     0.1563     0.1258     0.2087     0.1195     1.4885     2.1740     0.1634     0.2681     0.1617     0.2029     0.2235     0.2744     2.2538     3.8149 
Synchronization            0.5233     0.0030     0.0918     0.1220     0.0077     0.0890     0.0235     0.0077     0.5205     0.5198     0.0789     0.0576     0.0631     0.0504     0.0715     0.0604     0.3897     0.5963 
Variation                  1.3234     0.0939     0.1574     0.1902     0.0748     0.1557     0.1367     0.0001     0.6098     1.2783     0.1857     0.1741     0.1793     0.1566     0.1763     0.1620     0.4204     1.2407 
Overlap                    0.0000     0.0001     0.0000     0.0000     0.0000     0.0000     0.0000     0.0000     0.0000     0.0000     0.0000     0.0000     0.0000     0.0000     0.0000     0.0000     0.0000     0.0000 
Load imbalance             1.7304     0.1820     0.0394     0.0000     0.1256     0.0105     0.1170     0.1676     0.6541     1.1647     0.0181     0.1348     0.0273     0.0787     0.0954     0.1444     1.7575     2.6886 
Execution time             9.7239     9.7269     9.7269     9.7269     9.7245     9.7269     9.7268     9.7268     9.7230     9.7226     9.7269     9.7222     9.7257     9.7218     9.7242     9.7234     9.7195     9.7195 
User CPU time              3.9579     5.4417     5.5874     5.6282     5.4966     5.6166     5.5088     5.4502     5.0181     4.5207     5.6107     5.4936     5.6009     5.5490     5.5326     5.4835     3.8950     3.0052 
Sys. CPU time              0.0209     0.0856     0.0824     0.0810     0.0870     0.0821     0.0834     0.0914     0.0371     0.0238     0.0804     0.0809     0.0810     0.0815     0.0812     0.0813     0.0567     0.0155 
Processors                     18         18         18         18         18         18         18         18         18         18         18         18         18         18         18         18         18         18 
           Communication          
Reduction                  2.7257     0.0882     0.0323     0.0269     0.0366     0.0080     0.0918     0.0009     1.0276     2.1454     0.0423     0.1485     0.0460     0.0768     0.1072     0.1480     1.9455     3.6054 
Shadow                     0.0375     0.1233     0.1163     0.1081     0.1197     0.1178     0.1169     0.1186     0.4609     0.0286     0.1211     0.1197     0.1157     0.1261     0.1163     0.1265     0.3083     0.2095 
           Synchronization        
Reduction                  0.0001     0.0001     0.0001     0.0001     0.0001     0.0001     0.0000     0.0001     0.0001     0.0000     0.0001     0.0000     0.0001     0.0001     0.0001     0.0000     0.0001     0.0001 
Shadow                     0.5233     0.0029     0.0916     0.1219     0.0076     0.0888     0.0234     0.0076     0.5204     0.5198     0.0788     0.0576     0.0630     0.0504     0.0715     0.0604     0.3897     0.5962 
           Variation              
Reduction                  0.0001     0.0001     0.0001     0.0001     0.0001     0.0001     0.0000     0.0001     0.0001     0.0000     0.0001     0.0000     0.0001     0.0001     0.0001     0.0000     0.0001     0.0001 
Shadow                     1.3233     0.0938     0.1572     0.1900     0.0747     0.1555     0.1367     0.0000     0.6097     1.2783     0.1856     0.1740     0.1792     0.1565     0.1762     0.1620     0.4204     1.2406 
           Overlap                
Reduction                  0.0000     0.0000     0.0000     0.0000     0.0000     0.0000     0.0000     0.0000     0.0000     0.0000     0.0000     0.0000     0.0000     0.0000     0.0000     0.0000     0.0000     0.0000 
Shadow                     0.0000     0.0001     0.0000     0.0000     0.0000     0.0000     0.0000     0.0000     0.0000     0.0000     0.0000     0.0000     0.0000     0.0000     0.0000     0.0000     0.0000     0.0000 


-------------------------------------------------------------------------
INTERVAL ( NLINE=42 SOURCE=jac3d.c ) LEVEL=1 SEQ EXE_COUNT=2
--- The main characteristics --- 
Parallelization efficiency      0.7116 
Execution time                  6.8814 
Processors                          18
Threads amount                      18
Total time                    123.8660
Productive time                88.1379 ( CPU= 86.9574 Sys= 1.1805 I/O= 0.0000 )
Lost  time                     35.7281 
   Insufficient parallelism    20.2825 ( User= 0.2145 Sys= 20.0680 )
   Communication               14.8938 ( Real_sync= 0.0000 Starts= 0.0000 )
   Idle time                    0.5518
Load imbalance                  8.9628
Synchronization                 3.2763
Time variation                  6.7153
Overlap                         0.0002
                  Nop   Communic    Synchro  Variation    Overlap 
Reduction          20    12.3030     0.0015     0.0015     0.0001 
Shadow             20     2.5908     3.2748     6.7138     0.0001 
--- The comparative characteristics --- 
                              Tmin N proc      Tmax N proc      Tmid
Lost time                   1.4870     4     4.1155    18     1.9849 
User insufficient par.      0.0076    18     0.0177     8     0.0119 
Sys.insufficient par.       0.2189    18     1.5031     8     1.1149 
Idle time                   0.0000    17     0.1354     1     0.0307 
Communication               0.1195     8     3.8149    18     0.8274 
Synchronization             0.0030     2     0.5963    18     0.1820 
Variation                   0.0001     8     1.3234     1     0.3731 
Overlap                     0.0000     1     0.0001     2     0.0000 
Load imbalance              0.0000     4     2.6286    18     0.4979 
Execution time              6.7460     1     6.8814    17     6.8508 
User CPU time               2.7530    18     5.3165     4     4.8310 
Sys. CPU time               0.0129    18     0.0884     8     0.0656 
Processors                      18     1         18    18         18 
                      Communic          Synchro        Variation          Overlap  
Reduction       Tmin    0.0009     8     0.0000    10     0.0000    10     0.0000     1 
Reduction       Tmax    3.6054    18     0.0001     4     0.0001     4     0.0000    10 
Reduction       Tmid    0.6835           0.0001           0.0001           0.0000       
Shadow          Tmin    0.0286    10     0.0029     2     0.0000     8     0.0000     1 
Shadow          Tmax    0.4609     9     0.5962    18     1.3233     1     0.0001     2 
Shadow          Tmid    0.1439           0.1819           0.3730           0.0000       
--- The execution characteristics --- 
                                1          2          3          4          5          6          7          8          9         10         11         12         13         14         15         16         17         18 
Lost time                  3.2170     1.6700     1.5209     1.4870     1.6054     1.4976     1.5985     1.6550     2.1353     2.6491     1.5036     1.6141     1.5133     1.5575     1.5811     1.6235     3.1836     4.1155 
User insufficient par.     0.0137     0.0142     0.0123     0.0100     0.0126     0.0118     0.0110     0.0177     0.0167     0.0150     0.0103     0.0092     0.0103     0.0096     0.0125     0.0086     0.0116     0.0076 
Sys.insufficient par.      0.3047     1.4037     1.3502     1.3261     1.4285     1.3452     1.3665     1.5031     0.5806     0.3562     1.3151     1.3262     1.3264     1.3371     1.3293     1.3317     0.9182     0.2189 
Idle time                  0.1354     0.0406     0.0098     0.0158     0.0080     0.0148     0.0123     0.0148     0.0495     0.1038     0.0148     0.0106     0.0150     0.0079     0.0158     0.0087     0.0000     0.0741 
Communication              2.7632     0.2115     0.1486     0.1350     0.1563     0.1258     0.2087     0.1195     1.4885     2.1740     0.1634     0.2681     0.1617     0.2029     0.2235     0.2744     2.2538     3.8149 
Synchronization            0.5233     0.0030     0.0918     0.1220     0.0077     0.0890     0.0235     0.0077     0.5205     0.5198     0.0789     0.0576     0.0631     0.0504     0.0715     0.0604     0.3897     0.5963 
Variation                  1.3234     0.0939     0.1574     0.1902     0.0748     0.1557     0.1367     0.0001     0.6098     1.2783     0.1857     0.1741     0.1793     0.1566     0.1763     0.1620     0.4204     1.2407 
Overlap                    0.0000     0.0001     0.0000     0.0000     0.0000     0.0000     0.0000     0.0000     0.0000     0.0000     0.0000     0.0000     0.0000     0.0000     0.0000     0.0000     0.0000     0.0000 
Load imbalance             1.7300     0.1831     0.0339     0.0000     0.1184     0.0107     0.1116     0.1681     0.6483     1.1621     0.0167     0.1271     0.0264     0.0705     0.0942     0.1366     1.6966     2.6286 
Execution time             6.7460     6.8408     6.8717     6.8657     6.8734     6.8666     6.8691     6.8666     6.8319     6.7776     6.8666     6.8709     6.8664     6.8736     6.8656     6.8727     6.8814     6.8073 
User CPU time              3.6465     5.1288     5.2812     5.3165     5.1920     5.3047     5.2025     5.1380     4.7120     4.2114     5.3004     5.1893     5.2901     5.2453     5.2221     5.1796     3.6438     2.7530 
Sys. CPU time              0.0179     0.0826     0.0794     0.0780     0.0840     0.0791     0.0804     0.0884     0.0342     0.0210     0.0774     0.0780     0.0780     0.0787     0.0782     0.0783     0.0540     0.0129 
Processors                     18         18         18         18         18         18         18         18         18         18         18         18         18         18         18         18         18         18 
           Communication          
Reduction                  2.7257     0.0882     0.0323     0.0269     0.0366     0.0080     0.0918     0.0009     1.0276     2.1454     0.0423     0.1485     0.0460     0.0768     0.1072     0.1480     1.9455     3.6054 
Shadow                     0.0375     0.1233     0.1163     0.1081     0.1197     0.1178     0.1169     0.1186     0.4609     0.0286     0.1211     0.1197     0.1157     0.1261     0.1163     0.1265     0.3083     0.2095 
           Synchronization        
Reduction                  0.0001     0.0001     0.0001     0.0001     0.0001     0.0001     0.0000     0.0001     0.0001     0.0000     0.0001     0.0000     0.0001     0.0001     0.0001     0.0000     0.0001     0.0001 
Shadow                     0.5233     0.0029     0.0916     0.1219     0.0076     0.0888     0.0234     0.0076     0.5204     0.5198     0.0788     0.0576     0.0630     0.0504     0.0715     0.0604     0.3897     0.5962 
           Variation              
Reduction                  0.0001     0.0001     0.0001     0.0001     0.0001     0.0001     0.0000     0.0001     0.0001     0.0000     0.0001     0.0000     0.0001     0.0001     0.0001     0.0000     0.0001     0.0001 
Shadow                     1.3233     0.0938     0.1572     0.1900     0.0747     0.1555     0.1367     0.0000     0.6097     1.2783     0.1856     0.1740     0.1792     0.1565     0.1762     0.1620     0.4204     1.2406 
           Overlap                
Reduction                  0.0000     0.0000     0.0000     0.0000     0.0000     0.0000     0.0000     0.0000     0.0000     0.0000     0.0000     0.0000     0.0000     0.0000     0.0000     0.0000     0.0000     0.0000 
Shadow                     0.0000     0.0001     0.0000     0.0000     0.0000     0.0000     0.0000     0.0000     0.0000     0.0000     0.0000     0.0000     0.0000     0.0000     0.0000     0.0000     0.0000     0.0000 


-------------------------------------------------------------------------
Name (number) and performance time of processors
DVM(1) 1.029620
DVM(2) 1.029428
DVM(3) 1.028675
DVM(4) 1.028685
DVM(5) 1.028574
DVM(6) 1.028601
DVM(7) 1.028472
DVM(8) 1.028460
DVM(9) 1.029597
DVM(10) 1.029609
DVM(11) 1.029088
DVM(12) 1.029089
DVM(13) 1.028975
DVM(14) 1.028890
DVM(15) 1.029132
DVM(16) 1.029183
DVM(17) 1.029150
DVM(18) 1.029635
min - DVM(8) 1.028460; max - DVM(18) 1.029635; mid - 1.029048
