Processor system=1*5*3
Statistics has been accumulated on DVM-system version 5.0, platform DVM
Analyzer is executing on DVM-system version 5.0, platform DVM
-------------------------------------------------------------------------
INTERVAL ( NLINE=20 SOURCE=jac3d.c ) LEVEL=0  EXE_COUNT=1
--- The main characteristics --- 
Parallelization efficiency      0.5624 
Execution time                  9.1464 
Processors                          15
Threads amount                      15
Total time                    137.1966
Productive time                77.1628 ( CPU= 76.5864 Sys= 0.5764 I/O= 0.0000 )
Lost  time                     60.0338 
   Insufficient parallelism    46.4787 ( User= 38.4093 Sys= 8.0694 )
   Communication               13.5031 ( Real_sync= 0.0000 Starts= 0.0000 )
   Idle time                    0.0519
Load imbalance                 10.2040
Synchronization                 9.4859
Time variation                 13.9269
Overlap                         0.0003
                  Nop   Communic    Synchro  Variation    Overlap 
Reduction          20    11.1519     0.0012     0.0011     0.0001 
Shadow             20     2.3512     9.4847    13.9258     0.0002 
--- The comparative characteristics --- 
                              Tmin N proc      Tmax N proc      Tmid
Lost time                   3.3220     4     5.0049    13     4.0023 
User insufficient par.      2.5402     5     2.5973    13     2.5606 
Sys.insufficient par.       0.1556    13     1.4053     5     0.5380 
Idle time                   0.0000     4     0.0074    11     0.0035 
Communication               0.1677     2     2.2446    13     0.9002 
Synchronization             0.0001     5     0.8256    13     0.6324 
Variation                   0.0001     5     1.4202    13     0.9285 
Overlap                     0.0000     1     0.0002     5     0.0000 
Load imbalance              0.0000     4     1.6829    13     0.6803 
Execution time              9.1390    11     9.1464     4     9.1430 
User CPU time               4.1304    13     5.7950     4     5.1058 
Sys. CPU time               0.0111    13     0.1004     5     0.0384 
Processors                      15     1         15    15         15 
                      Communic          Synchro        Variation          Overlap  
Reduction       Tmin    0.0005     5     0.0000    10     0.0000    10     0.0000     1 
Reduction       Tmax    2.1805    13     0.0001     5     0.0001     5     0.0000    10 
Reduction       Tmid    0.7435           0.0001           0.0001           0.0000       
Shadow          Tmin    0.0284     1     0.0000     5     0.0000     5     0.0000     1 
Shadow          Tmax    0.5014     6     0.8255    13     1.4201    13     0.0002     5 
Shadow          Tmid    0.1567           0.6323           0.9284           0.0000       
--- The execution characteristics --- 
                                1          2          3          4          5          6          7          8          9         10         11         12         13         14         15 
Lost time                  3.4910     3.7519     3.5099     3.3220     4.1271     3.6541     3.4784     4.0435     3.5660     3.3680     4.5989     4.7134     5.0049     4.6662     4.7386 
User insufficient par.     2.5653     2.5465     2.5482     2.5556     2.5402     2.5466     2.5623     2.5429     2.5462     2.5590     2.5596     2.5808     2.5973     2.5754     2.5834 
Sys.insufficient par.      0.2573     1.0363     0.4304     0.4125     1.4053     0.5145     0.2913     1.2642     0.4792     0.4062     0.5754     0.2203     0.1556     0.4235     0.1975 
Idle time                  0.0053     0.0015     0.0015     0.0000     0.0008     0.0008     0.0015     0.0015     0.0015     0.0004     0.0074     0.0074     0.0074     0.0074     0.0074 
Communication              0.6631     0.1677     0.5297     0.3539     0.1808     0.5923     0.6233     0.2349     0.5391     0.4024     1.4564     1.9048     2.2446     1.6599     1.9502 
Synchronization            0.7631     0.3761     0.7405     0.7256     0.0001     0.7287     0.7431     0.1763     0.7118     0.7286     0.6207     0.8163     0.8256     0.7046     0.8247 
Variation                  1.3537     0.4773     0.8606     1.1732     0.0001     0.6082     1.3097     0.1495     0.7696     1.1886     0.8236     1.2893     1.4202     1.1690     1.3343 
Overlap                    0.0000     0.0000     0.0000     0.0000     0.0002     0.0000     0.0000     0.0000     0.0000     0.0000     0.0000     0.0000     0.0000     0.0000     0.0000 
Load imbalance             0.1690     0.4299     0.1879     0.0000     0.8051     0.3321     0.1564     0.7215     0.2440     0.0460     1.2769     1.3914     1.6829     1.3442     1.4166 
Execution time             9.1411     9.1449     9.1449     9.1464     9.1456     9.1456     9.1449     9.1449     9.1449     9.1460     9.1390     9.1390     9.1390     9.1390     9.1390 
User CPU time              5.6371     5.3205     5.6058     5.7950     4.9190     5.4556     5.6472     5.0126     5.5462     5.7495     4.5064     4.4173     4.1304     4.4500     4.3938 
Sys. CPU time              0.0184     0.0740     0.0307     0.0295     0.1004     0.0367     0.0208     0.0903     0.0342     0.0290     0.0411     0.0157     0.0111     0.0302     0.0141 
Processors                     15         15         15         15         15         15         15         15         15         15         15         15         15         15         15 
           Communication          
Reduction                  0.6346     0.0949     0.1913     0.3094     0.0005     0.0909     0.5872     0.0550     0.1621     0.3647     1.2282     1.7780     2.1805     1.6304     1.8442 
Shadow                     0.0284     0.0728     0.3384     0.0445     0.1804     0.5014     0.0361     0.1799     0.3770     0.0377     0.2282     0.1268     0.0641     0.0294     0.1060 
           Synchronization        
Reduction                  0.0001     0.0001     0.0001     0.0000     0.0001     0.0000     0.0000     0.0001     0.0001     0.0000     0.0001     0.0001     0.0001     0.0001     0.0001 
Shadow                     0.7630     0.3760     0.7405     0.7256     0.0000     0.7287     0.7431     0.1762     0.7118     0.7286     0.6206     0.8162     0.8255     0.7046     0.8246 
           Variation              
Reduction                  0.0001     0.0001     0.0001     0.0000     0.0001     0.0000     0.0001     0.0001     0.0001     0.0000     0.0001     0.0001     0.0001     0.0001     0.0001 
Shadow                     1.3536     0.4772     0.8605     1.1732     0.0000     0.6082     1.3096     0.1494     0.7695     1.1885     0.8235     1.2892     1.4201     1.1689     1.3343 
           Overlap                
Reduction                  0.0000     0.0000     0.0000     0.0000     0.0000     0.0000     0.0000     0.0000     0.0000     0.0000     0.0000     0.0000     0.0000     0.0000     0.0000 
Shadow                     0.0000     0.0000     0.0000     0.0000     0.0002     0.0000     0.0000     0.0000     0.0000     0.0000     0.0000     0.0000     0.0000     0.0000     0.0000 


-------------------------------------------------------------------------
INTERVAL ( NLINE=42 SOURCE=jac3d.c ) LEVEL=1 SEQ EXE_COUNT=1
--- The main characteristics --- 
Parallelization efficiency      0.7670 
Execution time                  6.2549 
Processors                          15
Threads amount                      15
Total time                     93.8233
Productive time                71.9610 ( CPU= 71.4327 Sys= 0.5283 I/O= 0.0000 )
Lost  time                     21.8624 
   Insufficient parallelism     7.6135 ( User= 0.2180 Sys= 7.3955 )
   Communication               13.5031 ( Real_sync= 0.0000 Starts= 0.0000 )
   Idle time                    0.7458
Load imbalance                  9.8075
Synchronization                 9.4859
Time variation                 13.9269
Overlap                         0.0003
                  Nop   Communic    Synchro  Variation    Overlap 
Reduction          20    11.1519     0.0012     0.0011     0.0001 
Shadow             20     2.3512     9.4847    13.9258     0.0002 
--- The comparative characteristics --- 
                              Tmin N proc      Tmax N proc      Tmid
Lost time                   0.8037     4     2.4088    13     1.4575 
User insufficient par.      0.0095    15     0.0195    10     0.0145 
Sys.insufficient par.       0.1153    13     1.3584     5     0.4930 
Idle time                   0.0000    11     0.0816     7     0.0497 
Communication               0.1677     2     2.2446    13     0.9002 
Synchronization             0.0001     5     0.8256    13     0.6324 
Variation                   0.0001     5     1.4202    13     0.9285 
Overlap                     0.0000     1     0.0002     5     0.0000 
Load imbalance              0.0000     4     1.6051    13     0.6538 
Execution time              6.1733     7     6.2549    11     6.2052 
User CPU time               3.8379    13     5.4251     4     4.7622 
Sys. CPU time               0.0082    13     0.0970     5     0.0352 
Processors                      15     1         15    15         15 
                      Communic          Synchro        Variation          Overlap  
Reduction       Tmin    0.0005     5     0.0000    10     0.0000    10     0.0000     1 
Reduction       Tmax    2.1805    13     0.0001     5     0.0001     5     0.0000    10 
Reduction       Tmid    0.7435           0.0001           0.0001           0.0000       
Shadow          Tmin    0.0284     1     0.0000     5     0.0000     5     0.0000     1 
Shadow          Tmax    0.5014     6     0.8255    13     1.4201    13     0.0002     5 
Shadow          Tmid    0.1567           0.6323           0.9284           0.0000       
--- The execution characteristics --- 
                                1          2          3          4          5          6          7          8          9         10         11         12         13         14         15 
Lost time                  0.9708     1.2317     0.9903     0.8037     1.6086     1.1364     0.9612     1.5260     1.0482     0.8489     2.0014     2.1176     2.4088     2.0673     2.1415 
User insufficient par.     0.0159     0.0172     0.0168     0.0168     0.0173     0.0187     0.0118     0.0171     0.0163     0.0195     0.0113     0.0097     0.0099     0.0102     0.0095 
Sys.insufficient par.      0.2117     0.9893     0.3839     0.3657     1.3584     0.4673     0.2444     1.2171     0.4322     0.3594     0.5338     0.1788     0.1153     0.3823     0.1560 
Idle time                  0.0801     0.0575     0.0599     0.0673     0.0521     0.0581     0.0816     0.0569     0.0607     0.0677     0.0000     0.0242     0.0390     0.0150     0.0258 
Communication              0.6631     0.1677     0.5297     0.3539     0.1808     0.5923     0.6233     0.2349     0.5391     0.4024     1.4564     1.9048     2.2446     1.6599     1.9502 
Synchronization            0.7631     0.3761     0.7405     0.7256     0.0001     0.7287     0.7431     0.1763     0.7118     0.7286     0.6207     0.8163     0.8256     0.7046     0.8247 
Variation                  1.3537     0.4773     0.8606     1.1732     0.0001     0.6082     1.3097     0.1495     0.7696     1.1886     0.8236     1.2893     1.4202     1.1690     1.3343 
Overlap                    0.0000     0.0000     0.0000     0.0000     0.0002     0.0000     0.0000     0.0000     0.0000     0.0000     0.0000     0.0000     0.0000     0.0000     0.0000 
Load imbalance             0.1671     0.4280     0.1866     0.0000     0.8049     0.3327     0.1575     0.7224     0.2446     0.0452     1.1978     1.3139     1.6051     1.2637     1.3378 
Execution time             6.1748     6.1974     6.1950     6.1876     6.2028     6.1968     6.1733     6.1980     6.1942     6.1872     6.2549     6.2307     6.2159     6.2399     6.2291 
User CPU time              5.2690     4.9525     5.2372     5.4251     4.5493     5.0852     5.2762     4.6419     5.1758     5.3803     4.2153     4.1245     3.8379     4.1602     4.1022 
Sys. CPU time              0.0151     0.0707     0.0274     0.0261     0.0970     0.0334     0.0175     0.0869     0.0309     0.0257     0.0381     0.0128     0.0082     0.0273     0.0111 
Processors                     15         15         15         15         15         15         15         15         15         15         15         15         15         15         15 
           Communication          
Reduction                  0.6346     0.0949     0.1913     0.3094     0.0005     0.0909     0.5872     0.0550     0.1621     0.3647     1.2282     1.7780     2.1805     1.6304     1.8442 
Shadow                     0.0284     0.0728     0.3384     0.0445     0.1804     0.5014     0.0361     0.1799     0.3770     0.0377     0.2282     0.1268     0.0641     0.0294     0.1060 
           Synchronization        
Reduction                  0.0001     0.0001     0.0001     0.0000     0.0001     0.0000     0.0000     0.0001     0.0001     0.0000     0.0001     0.0001     0.0001     0.0001     0.0001 
Shadow                     0.7630     0.3760     0.7405     0.7256     0.0000     0.7287     0.7431     0.1762     0.7118     0.7286     0.6206     0.8162     0.8255     0.7046     0.8246 
           Variation              
Reduction                  0.0001     0.0001     0.0001     0.0000     0.0001     0.0000     0.0001     0.0001     0.0001     0.0000     0.0001     0.0001     0.0001     0.0001     0.0001 
Shadow                     1.3536     0.4772     0.8605     1.1732     0.0000     0.6082     1.3096     0.1494     0.7695     1.1885     0.8235     1.2892     1.4201     1.1689     1.3343 
           Overlap                
Reduction                  0.0000     0.0000     0.0000     0.0000     0.0000     0.0000     0.0000     0.0000     0.0000     0.0000     0.0000     0.0000     0.0000     0.0000     0.0000 
Shadow                     0.0000     0.0000     0.0000     0.0000     0.0002     0.0000     0.0000     0.0000     0.0000     0.0000     0.0000     0.0000     0.0000     0.0000     0.0000 


-------------------------------------------------------------------------
Name (number) and performance time of processors
DVM(1) 1.028625
DVM(2) 1.028375
DVM(3) 1.028816
DVM(4) 1.028809
DVM(5) 1.029110
DVM(6) 1.029094
DVM(7) 1.028778
DVM(8) 1.028774
DVM(9) 1.029378
DVM(10) 1.029401
DVM(11) 1.028907
DVM(12) 1.028874
DVM(13) 1.028739
DVM(14) 1.028726
DVM(15) 0.539743
min - DVM(15) 0.539743; max - DVM(10) 1.029401; mid - 0.996277
