Processor system=1*4*5
Statistics has been accumulated on DVM-system version 5.0, platform DVM
Analyzer is executing on DVM-system version 5.0, platform DVM
-------------------------------------------------------------------------
INTERVAL ( NLINE=20 SOURCE=jac3d.c ) LEVEL=0  EXE_COUNT=2
--- The main characteristics --- 
Parallelization efficiency      0.5862 
Execution time                  9.2831 
Processors                          20
Threads amount                      20
Total time                    185.6620
Productive time               108.8283 ( CPU= 108.0972 Sys= 0.7310 I/O= 0.0000 )
Lost  time                     76.8337 
   Insufficient parallelism    67.3894 ( User= 53.5003 Sys= 13.8891 )
   Communication                9.3723 ( Real_sync= 0.0000 Starts= 0.0000 )
   Idle time                    0.0720
Load imbalance                  4.5771
Synchronization                 2.8903
Time variation                  5.9281
Overlap                         0.0002
                  Nop   Communic    Synchro  Variation    Overlap 
Reduction          21     7.4081     0.0016     0.0016     0.0001 
Shadow             21     1.9642     2.8886     5.9265     0.0001 
--- The comparative characteristics --- 
                              Tmin N proc      Tmax N proc      Tmid
Lost time                   3.6128    12     4.2585    16     3.8417 
User insufficient par.      2.6593     2     2.7195     1     2.6750 
Sys.insufficient par.       0.2705     1     0.9791     9     0.6945 
Idle time                   0.0000     8     0.0062     7     0.0036 
Communication               0.0854     2     1.2750    16     0.4686 
Synchronization             0.0012     9     0.3165    20     0.1445 
Variation                   0.0087     9     0.8113     1     0.2964 
Overlap                     0.0000     1     0.0001     9     0.0000 
Load imbalance              0.0000    12     0.6456    16     0.2289 
Execution time              9.2769     7     9.2831     8     9.2795 
User CPU time               5.0103    16     5.6259    12     5.4049 
Sys. CPU time               0.0142     1     0.0515     9     0.0366 
Processors                      20     1         20    20         20 
                      Communic          Synchro        Variation          Overlap  
Reduction       Tmin    0.0004    13     0.0000    18     0.0000    18     0.0000     1 
Reduction       Tmax    1.2446    16     0.0001    13     0.0001    14     0.0000    18 
Reduction       Tmid    0.3704           0.0001           0.0001           0.0000       
Shadow          Tmin    0.0292     1     0.0011     9     0.0086     9     0.0000     1 
Shadow          Tmax    0.2323    20     0.3164    20     0.8112     1     0.0001     9 
Shadow          Tmid    0.0982           0.1444           0.2963           0.0000       
--- The execution characteristics --- 
                                1          2          3          4          5          6          7          8          9         10         11         12         13         14         15         16         17         18         19         20 
Lost time                  4.1000     3.6642     3.6494     3.6485     3.8247     4.2083     3.7297     3.8464     3.8372     3.9098     4.0806     3.6128     3.7084     3.6935     3.8243     4.2585     3.6911     3.8330     3.8042     3.9092 
User insufficient par.     2.7195     2.6593     2.6614     2.6617     2.6773     2.7037     2.6612     2.6668     2.6640     2.6773     2.6974     2.6648     2.6638     2.6613     2.6769     2.7076     2.6653     2.6707     2.6627     2.6776 
Sys.insufficient par.      0.2705     0.9133     0.8949     0.8945     0.4321     0.2809     0.9461     0.9448     0.9791     0.4680     0.2806     0.8423     0.9550     0.9360     0.4560     0.2716     0.8862     0.8855     0.9112     0.4405 
Idle time                  0.0039     0.0062     0.0012     0.0027     0.0062     0.0047     0.0062     0.0000     0.0023     0.0054     0.0062     0.0016     0.0035     0.0008     0.0062     0.0043     0.0031     0.0004     0.0020     0.0051 
Communication              1.1061     0.0854     0.0921     0.0895     0.7090     1.2190     0.1161     0.2347     0.1918     0.7590     1.0964     0.1041     0.0861     0.0955     0.6851     1.2750     0.1365     0.2764     0.2285     0.7860 
Synchronization            0.3101     0.0562     0.0453     0.0614     0.3161     0.2876     0.0212     0.0284     0.0012     0.2900     0.2928     0.0224     0.0210     0.0334     0.2962     0.3079     0.0661     0.0707     0.0455     0.3165 
Variation                  0.8113     0.0874     0.1092     0.1099     0.4461     0.7926     0.0479     0.0525     0.0087     0.4140     0.7931     0.1558     0.0362     0.0533     0.4370     0.8107     0.1193     0.1244     0.0879     0.4312 
Overlap                    0.0000     0.0000     0.0000     0.0000     0.0000     0.0000     0.0000     0.0000     0.0001     0.0000     0.0000     0.0000     0.0000     0.0000     0.0000     0.0000     0.0000     0.0000     0.0000     0.0000 
Load imbalance             0.4871     0.0513     0.0366     0.0357     0.2119     0.5954     0.1168     0.2336     0.2244     0.2969     0.4678     0.0000     0.0955     0.0807     0.2115     0.6456     0.0783     0.2202     0.1914     0.2963 
Execution time             9.2792     9.2769     9.2819     9.2804     9.2769     9.2784     9.2769     9.2831     9.2808     9.2777     9.2769     9.2815     9.2796     9.2823     9.2769     9.2788     9.2800     9.2827     9.2811     9.2780 
User CPU time              5.1689     5.5709     5.5866     5.5875     5.4357     5.0600     5.5036     5.3870     5.3944     5.3487     5.1877     5.6259     5.5245     5.5403     5.4348     5.0103     5.5453     5.4035     5.4309     5.3507 
Sys. CPU time              0.0142     0.0481     0.0471     0.0471     0.0227     0.0148     0.0498     0.0497     0.0515     0.0246     0.0148     0.0443     0.0503     0.0493     0.0240     0.0143     0.0466     0.0466     0.0480     0.0232 
Processors                     20         20         20         20         20         20         20         20         20         20         20         20         20         20         20         20         20         20         20         20 
           Communication          
Reduction                  1.0769     0.0114     0.0170     0.0166     0.4864     1.1821     0.0360     0.1543     0.1044     0.5390     1.0607     0.0189     0.0004     0.0081     0.4811     1.2446     0.0627     0.2051     0.1487     0.5538 
Shadow                     0.0292     0.0740     0.0750     0.0729     0.2226     0.0369     0.0801     0.0805     0.0874     0.2200     0.0357     0.0852     0.0857     0.0873     0.2041     0.0304     0.0738     0.0714     0.0798     0.2323 
           Synchronization        
Reduction                  0.0001     0.0001     0.0001     0.0001     0.0001     0.0001     0.0001     0.0001     0.0001     0.0000     0.0001     0.0001     0.0001     0.0001     0.0001     0.0000     0.0001     0.0000     0.0000     0.0000 
Shadow                     0.3100     0.0561     0.0451     0.0613     0.3161     0.2875     0.0211     0.0283     0.0011     0.2900     0.2927     0.0223     0.0208     0.0333     0.2962     0.3079     0.0661     0.0707     0.0455     0.3164 
           Variation              
Reduction                  0.0001     0.0001     0.0001     0.0001     0.0001     0.0001     0.0001     0.0001     0.0001     0.0000     0.0001     0.0001     0.0001     0.0001     0.0001     0.0000     0.0000     0.0000     0.0000     0.0000 
Shadow                     0.8112     0.0872     0.1091     0.1097     0.4460     0.7925     0.0478     0.0524     0.0086     0.4139     0.7930     0.1557     0.0360     0.0532     0.4369     0.8107     0.1192     0.1244     0.0878     0.4311 
           Overlap                
Reduction                  0.0000     0.0000     0.0000     0.0000     0.0000     0.0000     0.0000     0.0000     0.0000     0.0000     0.0000     0.0000     0.0000     0.0000     0.0000     0.0000     0.0000     0.0000     0.0000     0.0000 
Shadow                     0.0000     0.0000     0.0000     0.0000     0.0000     0.0000     0.0000     0.0000     0.0001     0.0000     0.0000     0.0000     0.0000     0.0000     0.0000     0.0000     0.0000     0.0000     0.0000     0.0000 


-------------------------------------------------------------------------
INTERVAL ( NLINE=42 SOURCE=jac3d.c ) LEVEL=1 SEQ EXE_COUNT=2
--- The main characteristics --- 
Parallelization efficiency      0.8192 
Execution time                  6.2910 
Processors                          20
Threads amount                      20
Total time                    125.8209
Productive time               103.0724 ( CPU= 102.3963 Sys= 0.6761 I/O= 0.0000 )
Lost  time                     22.7486 
   Insufficient parallelism    13.1273 ( User= 0.2821 Sys= 12.8452 )
   Communication                9.3723 ( Real_sync= 0.0000 Starts= 0.0000 )
   Idle time                    0.2490
Load imbalance                  4.5521
Synchronization                 2.8903
Time variation                  5.9281
Overlap                         0.0002
                  Nop   Communic    Synchro  Variation    Overlap 
Reduction          21     7.4081     0.0016     0.0016     0.0001 
Shadow             21     1.9642     2.8886     5.9265     0.0001 
--- The comparative characteristics --- 
                              Tmin N proc      Tmax N proc      Tmid
Lost time                   0.9098    12     1.5535    16     1.1374 
User insufficient par.      0.0097    11     0.0292     1     0.0141 
Sys.insufficient par.       0.2184     1     0.9259     9     0.6423 
Idle time                   0.0000    14     0.0451    16     0.0124 
Communication               0.0854     2     1.2750    16     0.4686 
Synchronization             0.0012     9     0.3165    20     0.1445 
Variation                   0.0087     9     0.8113     1     0.2964 
Overlap                     0.0000     1     0.0001     9     0.0000 
Load imbalance              0.0000    12     0.6437    16     0.2276 
Execution time              6.2460    16     6.2910    14     6.2786 
User CPU time               4.7260    16     5.3397    12     5.1198 
Sys. CPU time               0.0115     1     0.0487     9     0.0338 
Processors                      20     1         20    20         20 
                      Communic          Synchro        Variation          Overlap  
Reduction       Tmin    0.0004    13     0.0000    18     0.0000    18     0.0000     1 
Reduction       Tmax    1.2446    16     0.0001    13     0.0001    14     0.0000    18 
Reduction       Tmid    0.3704           0.0001           0.0001           0.0000       
Shadow          Tmin    0.0292     1     0.0011     9     0.0086     9     0.0000     1 
Shadow          Tmax    0.2323    20     0.3164    20     0.8112     1     0.0001     9 
Shadow          Tmid    0.0982           0.1444           0.2963           0.0000       
--- The execution characteristics --- 
                                1          2          3          4          5          6          7          8          9         10         11         12         13         14         15         16         17         18         19         20 
Lost time                  1.3961     0.9608     0.9470     0.9447     1.1173     1.5029     1.0254     1.1455     1.1330     1.2032     1.3764     0.9098     1.0048     0.9896     1.1171     1.5535     0.9860     1.1294     1.1006     1.2055 
User insufficient par.     0.0292     0.0113     0.0116     0.0118     0.0129     0.0120     0.0134     0.0144     0.0137     0.0143     0.0097     0.0142     0.0164     0.0114     0.0106     0.0148     0.0149     0.0172     0.0136     0.0147 
Sys.insufficient par.      0.2184     0.8630     0.8415     0.8427     0.3822     0.2288     0.8957     0.8914     0.9259     0.4154     0.2287     0.7890     0.9018     0.8828     0.4075     0.2187     0.8340     0.8324     0.8579     0.3874 
Idle time                  0.0424     0.0012     0.0018     0.0007     0.0132     0.0430     0.0002     0.0050     0.0016     0.0145     0.0415     0.0025     0.0004     0.0000     0.0139     0.0451     0.0006     0.0033     0.0007     0.0174 
Communication              1.1061     0.0854     0.0921     0.0895     0.7090     1.2190     0.1161     0.2347     0.1918     0.7590     1.0964     0.1041     0.0861     0.0955     0.6851     1.2750     0.1365     0.2764     0.2285     0.7860 
Synchronization            0.3101     0.0562     0.0453     0.0614     0.3161     0.2876     0.0212     0.0284     0.0012     0.2900     0.2928     0.0224     0.0210     0.0334     0.2962     0.3079     0.0661     0.0707     0.0455     0.3165 
Variation                  0.8113     0.0874     0.1092     0.1099     0.4461     0.7926     0.0479     0.0525     0.0087     0.4140     0.7931     0.1558     0.0362     0.0533     0.4370     0.8107     0.1193     0.1244     0.0879     0.4312 
Overlap                    0.0000     0.0000     0.0000     0.0000     0.0000     0.0000     0.0000     0.0000     0.0001     0.0000     0.0000     0.0000     0.0000     0.0000     0.0000     0.0000     0.0000     0.0000     0.0000     0.0000 
Load imbalance             0.4863     0.0510     0.0372     0.0349     0.2074     0.5931     0.1155     0.2357     0.2232     0.2934     0.4665     0.0000     0.0949     0.0798     0.2073     0.6437     0.0762     0.2195     0.1908     0.2957 
Execution time             6.2487     6.2899     6.2892     6.2904     6.2779     6.2480     6.2908     6.2861     6.2894     6.2765     6.2495     6.2885     6.2907     6.2910     6.2772     6.2460     6.2904     6.2877     6.2904     6.2736 
User CPU time              4.8834     5.2848     5.2998     5.3020     5.1537     4.7761     5.2185     5.0986     5.1093     5.0659     4.9026     5.3397     5.2388     5.2550     5.1525     4.7260     5.2612     5.1179     5.1453     5.0651 
Sys. CPU time              0.0115     0.0454     0.0443     0.0444     0.0201     0.0120     0.0471     0.0469     0.0487     0.0219     0.0120     0.0415     0.0475     0.0465     0.0214     0.0115     0.0439     0.0438     0.0452     0.0204 
Processors                     20         20         20         20         20         20         20         20         20         20         20         20         20         20         20         20         20         20         20         20 
           Communication          
Reduction                  1.0769     0.0114     0.0170     0.0166     0.4864     1.1821     0.0360     0.1543     0.1044     0.5390     1.0607     0.0189     0.0004     0.0081     0.4811     1.2446     0.0627     0.2051     0.1487     0.5538 
Shadow                     0.0292     0.0740     0.0750     0.0729     0.2226     0.0369     0.0801     0.0805     0.0874     0.2200     0.0357     0.0852     0.0857     0.0873     0.2041     0.0304     0.0738     0.0714     0.0798     0.2323 
           Synchronization        
Reduction                  0.0001     0.0001     0.0001     0.0001     0.0001     0.0001     0.0001     0.0001     0.0001     0.0000     0.0001     0.0001     0.0001     0.0001     0.0001     0.0000     0.0001     0.0000     0.0000     0.0000 
Shadow                     0.3100     0.0561     0.0451     0.0613     0.3161     0.2875     0.0211     0.0283     0.0011     0.2900     0.2927     0.0223     0.0208     0.0333     0.2962     0.3079     0.0661     0.0707     0.0455     0.3164 
           Variation              
Reduction                  0.0001     0.0001     0.0001     0.0001     0.0001     0.0001     0.0001     0.0001     0.0001     0.0000     0.0001     0.0001     0.0001     0.0001     0.0001     0.0000     0.0000     0.0000     0.0000     0.0000 
Shadow                     0.8112     0.0872     0.1091     0.1097     0.4460     0.7925     0.0478     0.0524     0.0086     0.4139     0.7930     0.1557     0.0360     0.0532     0.4369     0.8107     0.1192     0.1244     0.0878     0.4311 
           Overlap                
Reduction                  0.0000     0.0000     0.0000     0.0000     0.0000     0.0000     0.0000     0.0000     0.0000     0.0000     0.0000     0.0000     0.0000     0.0000     0.0000     0.0000     0.0000     0.0000     0.0000     0.0000 
Shadow                     0.0000     0.0000     0.0000     0.0000     0.0000     0.0000     0.0000     0.0000     0.0001     0.0000     0.0000     0.0000     0.0000     0.0000     0.0000     0.0000     0.0000     0.0000     0.0000     0.0000 


-------------------------------------------------------------------------
Name (number) and performance time of processors
DVM(1) 1.028974
DVM(2) 1.028612
DVM(3) 1.028576
DVM(4) 1.028547
DVM(5) 1.028836
DVM(6) 1.028763
DVM(7) 1.028710
DVM(8) 1.028713
DVM(9) 1.029881
DVM(10) 1.029954
DVM(11) 1.029015
DVM(12) 1.028990
DVM(13) 1.029904
DVM(14) 1.029774
DVM(15) 1.028862
DVM(16) 1.028790
DVM(17) 1.029133
DVM(18) 1.029205
DVM(19) 1.029561
DVM(20) 1.038232
min - DVM(4) 1.028547; max - DVM(20) 1.038232; mid - 1.029552
