Processor system=9*2*1
Statistics has been accumulated on DVM-system version 5.0, platform DVM
Analyzer is executing on DVM-system version 5.0, platform DVM
-------------------------------------------------------------------------
INTERVAL ( NLINE=20 SOURCE=jac3d.c ) LEVEL=0  EXE_COUNT=2
--- The main characteristics --- 
Parallelization efficiency      0.6498 
Execution time                 10.7383 
Processors                          18
Threads amount                      18
Total time                    193.2900
Productive time               125.5910 ( CPU= 125.3269 Sys= 0.2641 I/O= 0.0000 )
Lost  time                     67.6990 
   Insufficient parallelism    57.1051 ( User= 52.6154 Sys= 4.4897 )
   Communication               10.5387 ( Real_sync= 0.0000 Starts= 0.0000 )
   Idle time                    0.0551
Load imbalance                  6.8292
Synchronization                 1.0234
Time variation                  0.9679
Overlap                         0.0003
                  Nop   Communic    Synchro  Variation    Overlap 
Reduction          20     7.6434     0.0011     0.0011     0.0001 
Shadow             20     2.8953     1.0223     0.9668     0.0002 
--- The comparative characteristics --- 
                              Tmin N proc      Tmax N proc      Tmid
Lost time                   3.3817     4     6.1503    17     3.7611 
User insufficient par.      2.9063     8     2.9974    17     2.9231 
Sys.insufficient par.       0.0860    17     0.3020     3     0.2494 
Idle time                   0.0000    12     0.0087    18     0.0031 
Communication               0.1762     3     3.0583    17     0.5855 
Synchronization             0.0018     3     0.2432    17     0.0569 
Variation                   0.0003     3     0.2716     2     0.0538 
Overlap                     0.0000     1     0.0001     3     0.0000 
Load imbalance              0.0000     4     2.7686    17     0.3794 
Execution time             10.7297    18    10.7383    12    10.7353 
User CPU time               4.5830    17     7.3393     4     6.9626 
Sys. CPU time               0.0051    17     0.0178     3     0.0147 
Processors                      18     1         18    18         18 
                      Communic          Synchro        Variation          Overlap  
Reduction       Tmin    0.0004     3     0.0000    18     0.0000    18     0.0000     1 
Reduction       Tmax    2.8676    17     0.0001     3     0.0001     4     0.0000    18 
Reduction       Tmid    0.4246           0.0001           0.0001           0.0000       
Shadow          Tmin    0.0612     2     0.0017     3     0.0002     3     0.0000     1 
Shadow          Tmax    0.1907    17     0.2432    17     0.2715     2     0.0001     3 
Shadow          Tmid    0.1609           0.0568           0.0537           0.0000       
--- The execution characteristics --- 
                                1          2          3          4          5          6          7          8          9         10         11         12         13         14         15         16         17         18 
Lost time                  3.4764     3.4945     3.3876     3.3817     3.4167     3.4267     3.3960     3.3891     3.5121     3.5257     3.4375     3.4401     3.4944     3.5054     3.5827     3.5951     6.1503     6.0870 
User insufficient par.     2.9244     2.9299     2.9084     2.9078     2.9074     2.9129     2.9107     2.9063     2.9098     2.9128     2.9121     2.9153     2.9128     2.9158     2.9142     2.9207     2.9974     2.9967 
Sys.insufficient par.      0.1050     0.1082     0.3020     0.2960     0.2989     0.2988     0.3002     0.2898     0.2884     0.2946     0.2979     0.2888     0.2933     0.2830     0.2891     0.2806     0.0860     0.0889 
Idle time                  0.0051     0.0027     0.0010     0.0016     0.0027     0.0060     0.0008     0.0058     0.0055     0.0018     0.0003     0.0000     0.0005     0.0005     0.0022     0.0013     0.0087     0.0087 
Communication              0.4419     0.4536     0.1762     0.1763     0.2078     0.2089     0.1843     0.1873     0.3083     0.3165     0.2272     0.2360     0.2877     0.3060     0.3772     0.3925     3.0583     2.9927 
Synchronization            0.2133     0.2123     0.0018     0.0073     0.0041     0.0082     0.0026     0.0108     0.0128     0.0066     0.0056     0.0120     0.0087     0.0139     0.0064     0.0121     0.2432     0.2416 
Variation                  0.2703     0.2716     0.0003     0.0037     0.0017     0.0046     0.0016     0.0090     0.0136     0.0075     0.0052     0.0120     0.0080     0.0153     0.0097     0.0160     0.1575     0.1604 
Overlap                    0.0000     0.0000     0.0001     0.0000     0.0001     0.0000     0.0001     0.0000     0.0000     0.0000     0.0000     0.0000     0.0000     0.0000     0.0000     0.0000     0.0000     0.0000 
Load imbalance             0.0947     0.1129     0.0059     0.0000     0.0351     0.0450     0.0143     0.0075     0.1304     0.1441     0.0558     0.0585     0.1127     0.1237     0.2011     0.2135     2.7686     2.7053 
Execution time            10.7333    10.7356    10.7373    10.7368    10.7356    10.7323    10.7376    10.7326    10.7328    10.7365    10.7381    10.7383    10.7378    10.7378    10.7362    10.7370    10.7297    10.7297 
User CPU time              7.2558     7.2374     7.3330     7.3393     7.3040     7.2941     7.3247     7.3322     7.2093     7.1953     7.2833     7.2812     7.2267     7.2163     7.1386     7.1267     4.5830     4.6461 
Sys. CPU time              0.0062     0.0064     0.0178     0.0174     0.0176     0.0176     0.0177     0.0170     0.0170     0.0173     0.0175     0.0170     0.0173     0.0166     0.0170     0.0165     0.0051     0.0052 
Processors                     18         18         18         18         18         18         18         18         18         18         18         18         18         18         18         18         18         18 
           Communication          
Reduction                  0.3783     0.3924     0.0004     0.0025     0.0332     0.0379     0.0093     0.0176     0.1422     0.1441     0.0554     0.0672     0.1184     0.1392     0.2067     0.2241     2.8676     2.8070 
Shadow                     0.0636     0.0612     0.1757     0.1738     0.1746     0.1710     0.1750     0.1697     0.1661     0.1724     0.1717     0.1688     0.1693     0.1669     0.1706     0.1684     0.1907     0.1858 
           Synchronization        
Reduction                  0.0001     0.0001     0.0001     0.0001     0.0001     0.0001     0.0001     0.0001     0.0000     0.0000     0.0001     0.0000     0.0001     0.0000     0.0000     0.0000     0.0000     0.0000 
Shadow                     0.2133     0.2123     0.0017     0.0072     0.0040     0.0081     0.0025     0.0107     0.0128     0.0065     0.0055     0.0120     0.0087     0.0139     0.0064     0.0120     0.2432     0.2416 
           Variation              
Reduction                  0.0001     0.0001     0.0001     0.0001     0.0001     0.0001     0.0001     0.0001     0.0000     0.0000     0.0001     0.0000     0.0001     0.0000     0.0000     0.0000     0.0000     0.0000 
Shadow                     0.2702     0.2715     0.0002     0.0036     0.0016     0.0045     0.0015     0.0089     0.0135     0.0075     0.0052     0.0120     0.0079     0.0153     0.0097     0.0160     0.1575     0.1604 
           Overlap                
Reduction                  0.0000     0.0000     0.0000     0.0000     0.0000     0.0000     0.0000     0.0000     0.0000     0.0000     0.0000     0.0000     0.0000     0.0000     0.0000     0.0000     0.0000     0.0000 
Shadow                     0.0000     0.0000     0.0001     0.0000     0.0001     0.0000     0.0001     0.0000     0.0000     0.0000     0.0000     0.0000     0.0000     0.0000     0.0000     0.0000     0.0000     0.0000 


-------------------------------------------------------------------------
INTERVAL ( NLINE=42 SOURCE=jac3d.c ) LEVEL=1 SEQ EXE_COUNT=2
--- The main characteristics --- 
Parallelization efficiency      0.8920 
Execution time                  7.4581 
Processors                          18
Threads amount                      18
Total time                    134.2457
Productive time               119.7435 ( CPU= 119.5311 Sys= 0.2123 I/O= 0.0000 )
Lost  time                     14.5022 
   Insufficient parallelism     3.7984 ( User= 0.1885 Sys= 3.6099 )
   Communication               10.5387 ( Real_sync= 0.0000 Starts= 0.0000 )
   Idle time                    0.1650
Load imbalance                  6.6646
Synchronization                 1.0234
Time variation                  0.9679
Overlap                         0.0003
                  Nop   Communic    Synchro  Variation    Overlap 
Reduction          20     7.6434     0.0011     0.0011     0.0001 
Shadow             20     2.8953     1.0223     0.9668     0.0002 
--- The comparative characteristics --- 
                              Tmin N proc      Tmax N proc      Tmid
Lost time                   0.4354     4     3.1453    17     0.8057 
User insufficient par.      0.0084     8     0.0143    16     0.0105 
Sys.insufficient par.       0.0429    17     0.2516     6     0.2006 
Idle time                   0.0000     6     0.0356    18     0.0092 
Communication               0.1762     3     3.0583    17     0.5855 
Synchronization             0.0018     3     0.2432    17     0.0569 
Variation                   0.0003     3     0.2716     2     0.0538 
Overlap                     0.0000     1     0.0001     3     0.0000 
Load imbalance              0.0000     4     2.7099    17     0.3703 
Execution time              7.4224    18     7.4581     6     7.4489 
User CPU time               4.3103    17     7.0082     4     6.6406 
Sys. CPU time               0.0025    17     0.0148     6     0.0118 
Processors                      18     1         18    18         18 
                      Communic          Synchro        Variation          Overlap  
Reduction       Tmin    0.0004     3     0.0000    18     0.0000    18     0.0000     1 
Reduction       Tmax    2.8676    17     0.0001     3     0.0001     4     0.0000    18 
Reduction       Tmid    0.4246           0.0001           0.0001           0.0000       
Shadow          Tmin    0.0612     2     0.0017     3     0.0002     3     0.0000     1 
Shadow          Tmax    0.1907    17     0.2432    17     0.2715     2     0.0001     3 
Shadow          Tmid    0.1609           0.0568           0.0537           0.0000       
--- The execution characteristics --- 
                                1          2          3          4          5          6          7          8          9         10         11         12         13         14         15         16         17         18 
Lost time                  0.5256     0.5439     0.4424     0.4354     0.4653     0.4748     0.4493     0.4423     0.5604     0.5745     0.4894     0.4926     0.5428     0.5532     0.6347     0.6473     3.1453     3.0830 
User insufficient par.     0.0107     0.0136     0.0092     0.0087     0.0084     0.0143     0.0111     0.0084     0.0088     0.0100     0.0101     0.0122     0.0097     0.0110     0.0096     0.0143     0.0094     0.0091 
Sys.insufficient par.      0.0563     0.0591     0.2515     0.2457     0.2491     0.2516     0.2496     0.2419     0.2402     0.2450     0.2477     0.2384     0.2433     0.2331     0.2388     0.2303     0.0429     0.0455 
Idle time                  0.0168     0.0176     0.0055     0.0048     0.0000     0.0000     0.0043     0.0047     0.0030     0.0031     0.0044     0.0060     0.0021     0.0030     0.0091     0.0103     0.0347     0.0356 
Communication              0.4419     0.4536     0.1762     0.1763     0.2078     0.2089     0.1843     0.1873     0.3083     0.3165     0.2272     0.2360     0.2877     0.3060     0.3772     0.3925     3.0583     2.9927 
Synchronization            0.2133     0.2123     0.0018     0.0073     0.0041     0.0082     0.0026     0.0108     0.0128     0.0066     0.0056     0.0120     0.0087     0.0139     0.0064     0.0121     0.2432     0.2416 
Variation                  0.2703     0.2716     0.0003     0.0037     0.0017     0.0046     0.0016     0.0090     0.0136     0.0075     0.0052     0.0120     0.0080     0.0153     0.0097     0.0160     0.1575     0.1604 
Overlap                    0.0000     0.0000     0.0001     0.0000     0.0001     0.0000     0.0001     0.0000     0.0000     0.0000     0.0000     0.0000     0.0000     0.0000     0.0000     0.0000     0.0000     0.0000 
Load imbalance             0.0902     0.1085     0.0069     0.0000     0.0299     0.0393     0.0139     0.0068     0.1249     0.1391     0.0540     0.0572     0.1074     0.1177     0.1993     0.2119     2.7099     2.6476 
Execution time             7.4413     7.4405     7.4526     7.4533     7.4581     7.4581     7.4538     7.4534     7.4551     7.4550     7.4537     7.4521     7.4560     7.4551     7.4490     7.4478     7.4234     7.4224 
User CPU time              6.9291     6.9107     7.0009     7.0082     6.9781     6.9685     6.9941     7.0016     6.8836     6.8692     6.9541     6.9515     6.9009     6.8912     6.8093     6.7972     4.3103     4.3724 
Sys. CPU time              0.0033     0.0035     0.0148     0.0145     0.0147     0.0148     0.0147     0.0142     0.0141     0.0144     0.0146     0.0140     0.0143     0.0137     0.0140     0.0135     0.0025     0.0027 
Processors                     18         18         18         18         18         18         18         18         18         18         18         18         18         18         18         18         18         18 
           Communication          
Reduction                  0.3783     0.3924     0.0004     0.0025     0.0332     0.0379     0.0093     0.0176     0.1422     0.1441     0.0554     0.0672     0.1184     0.1392     0.2067     0.2241     2.8676     2.8070 
Shadow                     0.0636     0.0612     0.1757     0.1738     0.1746     0.1710     0.1750     0.1697     0.1661     0.1724     0.1717     0.1688     0.1693     0.1669     0.1706     0.1684     0.1907     0.1858 
           Synchronization        
Reduction                  0.0001     0.0001     0.0001     0.0001     0.0001     0.0001     0.0001     0.0001     0.0000     0.0000     0.0001     0.0000     0.0001     0.0000     0.0000     0.0000     0.0000     0.0000 
Shadow                     0.2133     0.2123     0.0017     0.0072     0.0040     0.0081     0.0025     0.0107     0.0128     0.0065     0.0055     0.0120     0.0087     0.0139     0.0064     0.0120     0.2432     0.2416 
           Variation              
Reduction                  0.0001     0.0001     0.0001     0.0001     0.0001     0.0001     0.0001     0.0001     0.0000     0.0000     0.0001     0.0000     0.0001     0.0000     0.0000     0.0000     0.0000     0.0000 
Shadow                     0.2702     0.2715     0.0002     0.0036     0.0016     0.0045     0.0015     0.0089     0.0135     0.0075     0.0052     0.0120     0.0079     0.0153     0.0097     0.0160     0.1575     0.1604 
           Overlap                
Reduction                  0.0000     0.0000     0.0000     0.0000     0.0000     0.0000     0.0000     0.0000     0.0000     0.0000     0.0000     0.0000     0.0000     0.0000     0.0000     0.0000     0.0000     0.0000 
Shadow                     0.0000     0.0000     0.0001     0.0000     0.0001     0.0000     0.0001     0.0000     0.0000     0.0000     0.0000     0.0000     0.0000     0.0000     0.0000     0.0000     0.0000     0.0000 


-------------------------------------------------------------------------
Name (number) and performance time of processors
DVM(1) 1.029373
DVM(2) 1.029146
DVM(3) 1.028972
DVM(4) 1.029189
DVM(5) 1.029303
DVM(6) 1.029281
DVM(7) 1.028711
DVM(8) 1.028689
DVM(9) 1.029207
DVM(10) 1.029208
DVM(11) 1.028965
DVM(12) 1.028924
DVM(13) 1.028645
DVM(14) 1.028664
DVM(15) 1.028987
DVM(16) 1.028986
DVM(17) 1.029086
DVM(18) 1.029093
min - DVM(13) 1.028645; max - DVM(1) 1.029373; mid - 1.029024
