Processor system=6*1*3
Statistics has been accumulated on DVM-system version 5.0, platform DVM
Analyzer is executing on DVM-system version 5.0, platform DVM
-------------------------------------------------------------------------
INTERVAL ( NLINE=20 SOURCE=jac3d.c ) LEVEL=0  EXE_COUNT=2
--- The main characteristics --- 
Parallelization efficiency      0.6234 
Execution time                 10.3666 
Processors                          18
Threads amount                      18
Total time                    186.5986
Productive time               116.3221 ( CPU= 115.7672 Sys= 0.5549 I/O= 0.0000 )
Lost  time                     70.2765 
   Insufficient parallelism    55.8219 ( User= 46.3887 Sys= 9.4332 )
   Communication               14.4114 ( Real_sync= 0.0000 Starts= 0.0000 )
   Idle time                    0.0432
Load imbalance                 10.3916
Synchronization                 8.0644
Time variation                 12.4380
Overlap                         0.0002
                  Nop   Communic    Synchro  Variation    Overlap 
Reduction          20    11.3931     0.0012     0.0012     0.0001 
Shadow             20     3.0183     8.0632    12.4368     0.0001 
--- The comparative characteristics --- 
                              Tmin N proc      Tmax N proc      Tmid
Lost time                   3.3269     3     6.1652    18     3.9043 
User insufficient par.      2.5559     8     2.6534    18     2.5772 
Sys.insufficient par.       0.1590    18     1.1841     5     0.5241 
Idle time                   0.0000     1     0.0062    18     0.0024 
Communication               0.1442     2     3.3465    18     0.8006 
Synchronization             0.0002     5     0.6513    18     0.4480 
Variation                   0.0001     5     1.1270     1     0.6910 
Overlap                     0.0000     1     0.0001     5     0.0000 
Load imbalance              0.0000     3     2.8383    18     0.5773 
Execution time             10.3604    18    10.3666     1    10.3642 
User CPU time               4.1920    18     7.0204     3     6.4315 
Sys. CPU time               0.0094    18     0.0697     5     0.0308 
Processors                      18     1         18    18         18 
                      Communic          Synchro        Variation          Overlap  
Reduction       Tmin    0.0009     5     0.0000    13     0.0000    13     0.0000     1 
Reduction       Tmax    3.2364    18     0.0001    11     0.0001     5     0.0000    13 
Reduction       Tmid    0.6329           0.0001           0.0001           0.0000       
Shadow          Tmin    0.0311     1     0.0001     5     0.0000     5     0.0000     1 
Shadow          Tmax    0.3887     6     0.6512    18     1.1269     1     0.0001     5 
Shadow          Tmid    0.1677           0.4480           0.6909           0.0000       
--- The execution characteristics --- 
                                1          2          3          4          5          6          7          8          9         10         11         12         13         14         15         16         17         18 
Lost time                  3.7323     3.5678     3.3269     3.3510     3.9196     3.4918     3.6328     3.8580     3.4607     3.5048     3.9076     3.5469     3.8360     3.8639     3.6079     3.6722     5.8312     6.1652 
User insufficient par.     2.5987     2.5643     2.5574     2.5704     2.5565     2.5589     2.5890     2.5559     2.5578     2.5762     2.5570     2.5608     2.5975     2.5624     2.5670     2.5812     2.6243     2.6534 
Sys.insufficient par.      0.2381     0.8569     0.3270     0.3081     1.1841     0.4358     0.2396     1.0706     0.4121     0.3071     1.1520     0.4370     0.2323     1.0468     0.3961     0.2847     0.3459     0.1590 
Idle time                  0.0000     0.0024     0.0013     0.0021     0.0006     0.0055     0.0036     0.0011     0.0031     0.0028     0.0008     0.0019     0.0016     0.0003     0.0003     0.0033     0.0062     0.0062 
Communication              0.8955     0.1442     0.4412     0.4704     0.1785     0.4915     0.8006     0.2305     0.4877     0.6187     0.1977     0.5472     1.0046     0.2543     0.6445     0.8029     2.8548     3.3465 
Synchronization            0.5774     0.3167     0.5664     0.5551     0.0002     0.5538     0.5626     0.1860     0.5355     0.5524     0.0166     0.5586     0.5772     0.1691     0.5474     0.6022     0.5357     0.6513 
Variation                  1.1270     0.4400     0.8006     1.0159     0.0001     0.5559     1.1070     0.1047     0.6876     1.0219     0.0410     0.5738     1.1087     0.1590     0.7140     1.0746     0.7845     1.1217 
Overlap                    0.0000     0.0000     0.0000     0.0000     0.0001     0.0000     0.0000     0.0000     0.0000     0.0000     0.0000     0.0000     0.0000     0.0000     0.0000     0.0000     0.0000     0.0000 
Load imbalance             0.4053     0.2408     0.0000     0.0241     0.5927     0.1648     0.3058     0.5311     0.1338     0.1779     0.5806     0.2200     0.5090     0.5369     0.2809     0.3452     2.5042     2.8383 
Execution time            10.3666    10.3642    10.3653    10.3645    10.3660    10.3611    10.3630    10.3655    10.3635    10.3638    10.3658    10.3647    10.3650    10.3663    10.3663    10.3632    10.3604    10.3604 
User CPU time              6.6203     6.7484     7.0204     6.9974     6.3773     6.8492     6.7197     6.4456     6.8816     6.8437     6.3913     6.7940     6.5170     6.4411     6.7354     6.6777     4.5151     4.1920 
Sys. CPU time              0.0140     0.0504     0.0192     0.0181     0.0697     0.0256     0.0141     0.0630     0.0242     0.0181     0.0678     0.0257     0.0137     0.0616     0.0233     0.0167     0.0203     0.0094 
Processors                     18         18         18         18         18         18         18         18         18         18         18         18         18         18         18         18         18         18 
           Communication          
Reduction                  0.8645     0.0809     0.1788     0.4027     0.0009     0.1028     0.7540     0.0366     0.2037     0.5557     0.0248     0.1732     0.9498     0.0857     0.3668     0.7703     2.6054     3.2364 
Shadow                     0.0311     0.0632     0.2624     0.0677     0.1776     0.3887     0.0467     0.1939     0.2841     0.0630     0.1730     0.3740     0.0547     0.1686     0.2776     0.0326     0.2493     0.1101 
           Synchronization        
Reduction                  0.0001     0.0001     0.0001     0.0000     0.0001     0.0000     0.0000     0.0001     0.0001     0.0000     0.0001     0.0000     0.0000     0.0001     0.0001     0.0000     0.0001     0.0001 
Shadow                     0.5773     0.3166     0.5663     0.5551     0.0001     0.5538     0.5626     0.1858     0.5354     0.5524     0.0165     0.5586     0.5772     0.1691     0.5474     0.6022     0.5356     0.6512 
           Variation              
Reduction                  0.0001     0.0001     0.0001     0.0000     0.0001     0.0000     0.0000     0.0001     0.0001     0.0000     0.0001     0.0000     0.0000     0.0001     0.0001     0.0000     0.0001     0.0001 
Shadow                     1.1269     0.4399     0.8006     1.0158     0.0000     0.5558     1.1070     0.1045     0.6875     1.0219     0.0409     0.5738     1.1087     0.1589     0.7139     1.0746     0.7844     1.1217 
           Overlap                
Reduction                  0.0000     0.0000     0.0000     0.0000     0.0000     0.0000     0.0000     0.0000     0.0000     0.0000     0.0000     0.0000     0.0000     0.0000     0.0000     0.0000     0.0000     0.0000 
Shadow                     0.0000     0.0000     0.0000     0.0000     0.0001     0.0000     0.0000     0.0000     0.0000     0.0000     0.0000     0.0000     0.0000     0.0000     0.0000     0.0000     0.0000     0.0000 


-------------------------------------------------------------------------
INTERVAL ( NLINE=42 SOURCE=jac3d.c ) LEVEL=1 SEQ EXE_COUNT=2
--- The main characteristics --- 
Parallelization efficiency      0.8247 
Execution time                  7.4672 
Processors                          18
Threads amount                      18
Total time                    134.4089
Productive time               110.8474 ( CPU= 110.3442 Sys= 0.5032 I/O= 0.0000 )
Lost  time                     23.5615 
   Insufficient parallelism     8.8266 ( User= 0.2724 Sys= 8.5542 )
   Communication               14.4114 ( Real_sync= 0.0000 Starts= 0.0000 )
   Idle time                    0.3235
Load imbalance                 10.2822
Synchronization                 8.0644
Time variation                 12.4380
Overlap                         0.0002
                  Nop   Communic    Synchro  Variation    Overlap 
Reduction          20    11.3931     0.0012     0.0012     0.0001 
Shadow             20     3.0183     8.0632    12.4368     0.0001 
--- The comparative characteristics --- 
                              Tmin N proc      Tmax N proc      Tmid
Lost time                   0.7377     3     3.5226    18     1.3090 
User insufficient par.      0.0090    18     0.0189     1     0.0151 
Sys.insufficient par.       0.1162    18     1.1336     5     0.4752 
Idle time                   0.0000    11     0.0510    18     0.0180 
Communication               0.1442     2     3.3465    18     0.8006 
Synchronization             0.0002     5     0.6513    18     0.4480 
Variation                   0.0001     5     1.1270     1     0.6910 
Overlap                     0.0000     1     0.0001     5     0.0000 
Load imbalance              0.0000     3     2.7849    18     0.5712 
Execution time              7.4162    18     7.4672    11     7.4492 
User CPU time               3.9377    18     6.7131     3     6.1302 
Sys. CPU time               0.0068    18     0.0667     5     0.0280 
Processors                      18     1         18    18         18 
                      Communic          Synchro        Variation          Overlap  
Reduction       Tmin    0.0009     5     0.0000    13     0.0000    13     0.0000     1 
Reduction       Tmax    3.2364    18     0.0001    11     0.0001     5     0.0000    13 
Reduction       Tmid    0.6329           0.0001           0.0001           0.0000       
Shadow          Tmin    0.0311     1     0.0001     5     0.0000     5     0.0000     1 
Shadow          Tmax    0.3887     6     0.6512    18     1.1269     1     0.0001     5 
Shadow          Tmid    0.1677           0.4480           0.6909           0.0000       
--- The execution characteristics --- 
                                1          2          3          4          5          6          7          8          9         10         11         12         13         14         15         16         17         18 
Lost time                  1.1428     0.9787     0.7377     0.7605     1.3305     0.9018     1.0461     1.2720     0.8727     0.9131     1.3164     0.9562     1.2466     1.2745     1.0188     1.0848     3.1855     3.5226 
User insufficient par.     0.0189     0.0182     0.0122     0.0158     0.0170     0.0163     0.0128     0.0137     0.0127     0.0171     0.0169     0.0174     0.0141     0.0184     0.0168     0.0153     0.0098     0.0090 
Sys.insufficient par.      0.1879     0.8071     0.2768     0.2581     1.1336     0.3896     0.1909     1.0205     0.3631     0.2577     1.1018     0.3869     0.1822     0.9966     0.3457     0.2358     0.3035     0.1162 
Idle time                  0.0405     0.0091     0.0075     0.0162     0.0014     0.0044     0.0417     0.0074     0.0091     0.0196     0.0000     0.0047     0.0457     0.0052     0.0119     0.0308     0.0175     0.0510 
Communication              0.8955     0.1442     0.4412     0.4704     0.1785     0.4915     0.8006     0.2305     0.4877     0.6187     0.1977     0.5472     1.0046     0.2543     0.6445     0.8029     2.8548     3.3465 
Synchronization            0.5774     0.3167     0.5664     0.5551     0.0002     0.5538     0.5626     0.1860     0.5355     0.5524     0.0166     0.5586     0.5772     0.1691     0.5474     0.6022     0.5357     0.6513 
Variation                  1.1270     0.4400     0.8006     1.0159     0.0001     0.5559     1.1070     0.1047     0.6876     1.0219     0.0410     0.5738     1.1087     0.1590     0.7140     1.0746     0.7845     1.1217 
Overlap                    0.0000     0.0000     0.0000     0.0000     0.0001     0.0000     0.0000     0.0000     0.0000     0.0000     0.0000     0.0000     0.0000     0.0000     0.0000     0.0000     0.0000     0.0000 
Load imbalance             0.4051     0.2409     0.0000     0.0228     0.5927     0.1640     0.3083     0.5343     0.1350     0.1754     0.5787     0.2185     0.5089     0.5368     0.2811     0.3470     2.4478     2.7849 
Execution time             7.4267     7.4580     7.4597     7.4510     7.4658     7.4628     7.4254     7.4598     7.4580     7.4475     7.4672     7.4625     7.4214     7.4619     7.4553     7.4364     7.4497     7.4162 
User CPU time              6.3133     6.4410     6.7131     6.6915     6.0700     6.5425     6.4099     6.1351     6.5731     6.5389     6.0859     6.4882     6.2098     6.1340     6.4280     6.3685     4.2638     3.9377 
Sys. CPU time              0.0111     0.0475     0.0163     0.0152     0.0667     0.0229     0.0112     0.0600     0.0214     0.0152     0.0648     0.0228     0.0107     0.0586     0.0203     0.0139     0.0179     0.0068 
Processors                     18         18         18         18         18         18         18         18         18         18         18         18         18         18         18         18         18         18 
           Communication          
Reduction                  0.8645     0.0809     0.1788     0.4027     0.0009     0.1028     0.7540     0.0366     0.2037     0.5557     0.0248     0.1732     0.9498     0.0857     0.3668     0.7703     2.6054     3.2364 
Shadow                     0.0311     0.0632     0.2624     0.0677     0.1776     0.3887     0.0467     0.1939     0.2841     0.0630     0.1730     0.3740     0.0547     0.1686     0.2776     0.0326     0.2493     0.1101 
           Synchronization        
Reduction                  0.0001     0.0001     0.0001     0.0000     0.0001     0.0000     0.0000     0.0001     0.0001     0.0000     0.0001     0.0000     0.0000     0.0001     0.0001     0.0000     0.0001     0.0001 
Shadow                     0.5773     0.3166     0.5663     0.5551     0.0001     0.5538     0.5626     0.1858     0.5354     0.5524     0.0165     0.5586     0.5772     0.1691     0.5474     0.6022     0.5356     0.6512 
           Variation              
Reduction                  0.0001     0.0001     0.0001     0.0000     0.0001     0.0000     0.0000     0.0001     0.0001     0.0000     0.0001     0.0000     0.0000     0.0001     0.0001     0.0000     0.0001     0.0001 
Shadow                     1.1269     0.4399     0.8006     1.0158     0.0000     0.5558     1.1070     0.1045     0.6875     1.0219     0.0409     0.5738     1.1087     0.1589     0.7139     1.0746     0.7844     1.1217 
           Overlap                
Reduction                  0.0000     0.0000     0.0000     0.0000     0.0000     0.0000     0.0000     0.0000     0.0000     0.0000     0.0000     0.0000     0.0000     0.0000     0.0000     0.0000     0.0000     0.0000 
Shadow                     0.0000     0.0000     0.0000     0.0000     0.0001     0.0000     0.0000     0.0000     0.0000     0.0000     0.0000     0.0000     0.0000     0.0000     0.0000     0.0000     0.0000     0.0000 


-------------------------------------------------------------------------
Name (number) and performance time of processors
DVM(1) 1.028998
DVM(2) 1.028775
DVM(3) 1.028906
DVM(4) 1.029001
DVM(5) 1.028957
DVM(6) 1.028918
DVM(7) 1.029111
DVM(8) 1.029176
DVM(9) 1.029088
DVM(10) 1.029011
DVM(11) 1.028894
DVM(12) 1.028948
DVM(13) 1.028739
DVM(14) 1.028695
DVM(15) 1.029180
DVM(16) 1.029187
DVM(17) 1.028711
DVM(18) 1.029669
min - DVM(14) 1.028695; max - DVM(18) 1.029669; mid - 1.028998
