Processor system=1*2*9
Statistics has been accumulated on DVM-system version 5.0, platform DVM
Analyzer is executing on DVM-system version 5.0, platform DVM
-------------------------------------------------------------------------
INTERVAL ( NLINE=20 SOURCE=jac3d.c ) LEVEL=0  EXE_COUNT=2
--- The main characteristics --- 
Parallelization efficiency      0.5291 
Execution time                  9.6505 
Processors                          18
Threads amount                      18
Total time                    173.7095
Productive time                91.9073 ( CPU= 90.6597 Sys= 1.2476 I/O= 0.0000 )
Lost  time                     81.8022 
   Insufficient parallelism    67.4668 ( User= 46.2578 Sys= 21.2090 )
   Communication               14.2566 ( Real_sync= 0.0000 Starts= 0.0000 )
   Idle time                    0.0788
Load imbalance                  8.6635
Synchronization                 3.0455
Time variation                  5.2673
Overlap                         0.0002
                  Nop   Communic    Synchro  Variation    Overlap 
Reduction          20    11.6454     0.0014     0.0013     0.0001 
Shadow             20     2.6112     3.0441     5.2659     0.0001 
--- The comparative characteristics --- 
                              Tmin N proc      Tmax N proc      Tmid
Lost time                   4.0633     4     6.6183    18     4.5446 
User insufficient par.      2.5407    13     2.6662     1     2.5699 
Sys.insufficient par.       0.2674    18     1.4834     5     1.1783 
Idle time                   0.0000     6     0.0089    18     0.0044 
Communication               0.1104     4     3.6829    18     0.7920 
Synchronization             0.0003     5     0.6005    18     0.1692 
Variation                   0.0003     5     1.2574     1     0.2926 
Overlap                     0.0000     1     0.0001     5     0.0000 
Load imbalance              0.0000     4     2.5550    18     0.4813 
Execution time              9.6416    18     9.6505     6     9.6461 
User CPU time               3.0165    18     5.5045     4     5.0366 
Sys. CPU time               0.0157    18     0.0873     5     0.0693 
Processors                      18     1         18    18         18 
                      Communic          Synchro        Variation          Overlap  
Reduction       Tmin    0.0017     6     0.0000    10     0.0000    10     0.0000     1 
Reduction       Tmax    3.4760    18     0.0001     8     0.0001     6     0.0000    10 
Reduction       Tmid    0.6470           0.0001           0.0001           0.0000       
Shadow          Tmin    0.0288     1     0.0002     5     0.0001     5     0.0000     1 
Shadow          Tmax    0.4048     9     0.6005    18     1.2573     1     0.0001     5 
Shadow          Tmid    0.1451           0.1691           0.2926           0.0000       
--- The execution characteristics --- 
                                1          2          3          4          5          6          7          8          9         10         11         12         13         14         15         16         17         18 
Lost time                  5.6887     4.2644     4.1241     4.0633     4.1755     4.0900     4.1539     4.0830     4.6970     5.1517     4.1013     4.1872     4.1064     4.1715     4.1409     4.2330     5.7519     6.6183 
User insufficient par.     2.6662     2.5795     2.5457     2.5438     2.5428     2.5450     2.5417     2.5438     2.5927     2.6378     2.5420     2.5430     2.5407     2.5481     2.5476     2.5488     2.5898     2.6590 
Sys.insufficient par.      0.3653     1.4495     1.4153     1.4063     1.4834     1.4227     1.4355     1.4132     0.6395     0.4076     1.4033     1.4537     1.4212     1.4275     1.4060     1.4195     0.9721     0.2674 
Idle time                  0.0041     0.0000     0.0031     0.0027     0.0046     0.0000     0.0060     0.0012     0.0075     0.0071     0.0054     0.0064     0.0050     0.0016     0.0038     0.0035     0.0079     0.0089 
Communication              2.6531     0.2355     0.1600     0.1104     0.1447     0.1223     0.1707     0.1249     1.4574     2.0991     0.1506     0.1842     0.1394     0.1944     0.1835     0.2612     2.1822     3.6829 
Synchronization            0.5272     0.0054     0.0551     0.0741     0.0003     0.0599     0.0252     0.0457     0.5234     0.5237     0.0412     0.0104     0.0245     0.0266     0.0723     0.0367     0.3932     0.6005 
Variation                  1.2574     0.0370     0.0739     0.0928     0.0003     0.0650     0.0421     0.0740     0.5890     1.2048     0.0656     0.0235     0.0550     0.0424     0.0829     0.0527     0.3344     1.1746 
Overlap                    0.0000     0.0000     0.0000     0.0000     0.0001     0.0000     0.0000     0.0000     0.0000     0.0000     0.0000     0.0000     0.0000     0.0000     0.0000     0.0000     0.0000     0.0000 
Load imbalance             1.6255     0.2012     0.0609     0.0000     0.1123     0.0267     0.0907     0.0198     0.6338     1.0885     0.0380     0.1240     0.0431     0.1083     0.0776     0.1697     1.6887     2.5550 
Execution time             9.6464     9.6505     9.6474     9.6478     9.6459     9.6505     9.6445     9.6493     9.6430     9.6434     9.6451     9.6442     9.6455     9.6490     9.6467     9.6471     9.6426     9.6416 
User CPU time              3.9403     5.3008     5.4431     5.5045     5.3877     5.4769     5.4122     5.4844     4.9159     4.4748     5.4667     5.3778     5.4606     5.3950     5.4269     5.3341     3.8414     3.0165 
Sys. CPU time              0.0215     0.0853     0.0833     0.0827     0.0873     0.0837     0.0844     0.0831     0.0376     0.0240     0.0825     0.0855     0.0836     0.0840     0.0827     0.0835     0.0572     0.0157 
Processors                     18         18         18         18         18         18         18         18         18         18         18         18         18         18         18         18         18         18 
           Communication          
Reduction                  2.6244     0.1113     0.0451     0.0017     0.0255     0.0017     0.0422     0.0040     1.0526     2.0644     0.0166     0.0544     0.0118     0.0586     0.0642     0.1269     1.8640     3.4760 
Shadow                     0.0288     0.1242     0.1150     0.1087     0.1192     0.1206     0.1285     0.1209     0.4048     0.0347     0.1339     0.1298     0.1275     0.1358     0.1193     0.1344     0.3183     0.2069 
           Synchronization        
Reduction                  0.0001     0.0001     0.0001     0.0001     0.0001     0.0001     0.0001     0.0001     0.0001     0.0000     0.0001     0.0000     0.0001     0.0000     0.0001     0.0000     0.0001     0.0000 
Shadow                     0.5272     0.0053     0.0550     0.0740     0.0002     0.0598     0.0251     0.0455     0.5233     0.5237     0.0411     0.0103     0.0244     0.0266     0.0723     0.0366     0.3931     0.6005 
           Variation              
Reduction                  0.0001     0.0001     0.0001     0.0001     0.0001     0.0001     0.0001     0.0001     0.0001     0.0000     0.0001     0.0000     0.0001     0.0000     0.0001     0.0000     0.0001     0.0000 
Shadow                     1.2573     0.0369     0.0738     0.0927     0.0001     0.0649     0.0421     0.0738     0.5889     1.2048     0.0654     0.0234     0.0549     0.0423     0.0828     0.0527     0.3343     1.1746 
           Overlap                
Reduction                  0.0000     0.0000     0.0000     0.0000     0.0000     0.0000     0.0000     0.0000     0.0000     0.0000     0.0000     0.0000     0.0000     0.0000     0.0000     0.0000     0.0000     0.0000 
Shadow                     0.0000     0.0000     0.0000     0.0000     0.0001     0.0000     0.0000     0.0000     0.0000     0.0000     0.0000     0.0000     0.0000     0.0000     0.0000     0.0000     0.0000     0.0000 


-------------------------------------------------------------------------
INTERVAL ( NLINE=42 SOURCE=jac3d.c ) LEVEL=1 SEQ EXE_COUNT=2
--- The main characteristics --- 
Parallelization efficiency      0.7097 
Execution time                  6.7612 
Processors                          18
Threads amount                      18
Total time                    121.7022
Productive time                86.3675 ( CPU= 85.1733 Sys= 1.1942 I/O= 0.0000 )
Lost  time                     35.3346 
   Insufficient parallelism    20.5134 ( User= 0.2112 Sys= 20.3021 )
   Communication               14.2566 ( Real_sync= 0.0000 Starts= 0.0000 )
   Idle time                    0.5647
Load imbalance                  8.4506
Synchronization                 3.0455
Time variation                  5.2673
Overlap                         0.0002
                  Nop   Communic    Synchro  Variation    Overlap 
Reduction          20    11.6454     0.0014     0.0013     0.0001 
Shadow             20     2.6112     3.0441     5.2659     0.0001 
--- The comparative characteristics --- 
                              Tmin N proc      Tmax N proc      Tmid
Lost time                   1.4936     4     3.9864    18     1.9630 
User insufficient par.      0.0083    13     0.0178     2     0.0117 
Sys.insufficient par.       0.2226    18     1.4322     5     1.1279 
Idle time                   0.0000    17     0.1357     1     0.0314 
Communication               0.1104     4     3.6829    18     0.7920 
Synchronization             0.0003     5     0.6005    18     0.1692 
Variation                   0.0003     5     1.2574     1     0.2926 
Overlap                     0.0000     1     0.0001     5     0.0000 
Load imbalance              0.0000     4     2.4928    18     0.4695 
Execution time              6.6256     1     6.7612    17     6.7299 
User CPU time               2.7617    18     5.1880     4     4.7318 
Sys. CPU time               0.0131    18     0.0842     5     0.0663 
Processors                      18     1         18    18         18 
                      Communic          Synchro        Variation          Overlap  
Reduction       Tmin    0.0017     6     0.0000    10     0.0000    10     0.0000     1 
Reduction       Tmax    3.4760    18     0.0001     8     0.0001     6     0.0000    10 
Reduction       Tmid    0.6470           0.0001           0.0001           0.0000       
Shadow          Tmin    0.0288     1     0.0002     5     0.0001     5     0.0000     1 
Shadow          Tmax    0.4048     9     0.6005    18     1.2573     1     0.0001     5 
Shadow          Tmid    0.1451           0.1691           0.2926           0.0000       
--- The execution characteristics --- 
                                1          2          3          4          5          6          7          8          9         10         11         12         13         14         15         16         17         18 
Lost time                  3.1173     1.6945     1.5457     1.4936     1.5962     1.5181     1.5749     1.5102     2.1194     2.5766     1.5286     1.6069     1.5336     1.5915     1.5683     1.6541     3.1188     3.9864 
User insufficient par.     0.0146     0.0178     0.0109     0.0099     0.0102     0.0088     0.0092     0.0088     0.0165     0.0162     0.0093     0.0101     0.0083     0.0125     0.0135     0.0141     0.0121     0.0085 
Sys.insufficient par.      0.3139     1.3975     1.3638     1.3544     1.4322     1.3707     1.3854     1.3613     0.5918     0.3590     1.3526     1.4040     1.3702     1.3758     1.3545     1.3678     0.9245     0.2226 
Idle time                  0.1357     0.0437     0.0109     0.0188     0.0090     0.0162     0.0095     0.0153     0.0538     0.1022     0.0162     0.0087     0.0157     0.0088     0.0168     0.0110     0.0000     0.0724 
Communication              2.6531     0.2355     0.1600     0.1104     0.1447     0.1223     0.1707     0.1249     1.4574     2.0991     0.1506     0.1842     0.1394     0.1944     0.1835     0.2612     2.1822     3.6829 
Synchronization            0.5272     0.0054     0.0551     0.0741     0.0003     0.0599     0.0252     0.0457     0.5234     0.5237     0.0412     0.0104     0.0245     0.0266     0.0723     0.0367     0.3932     0.6005 
Variation                  1.2574     0.0370     0.0739     0.0928     0.0003     0.0650     0.0421     0.0740     0.5890     1.2048     0.0656     0.0235     0.0550     0.0424     0.0829     0.0527     0.3344     1.1746 
Overlap                    0.0000     0.0000     0.0000     0.0000     0.0001     0.0000     0.0000     0.0000     0.0000     0.0000     0.0000     0.0000     0.0000     0.0000     0.0000     0.0000     0.0000     0.0000 
Load imbalance             1.6237     0.2010     0.0521     0.0000     0.1027     0.0245     0.0813     0.0166     0.6259     1.0830     0.0351     0.1134     0.0400     0.0979     0.0748     0.1606     1.6252     2.4928 
Execution time             6.6256     6.7175     6.7503     6.7425     6.7522     6.7450     6.7517     6.7460     6.7074     6.6590     6.7451     6.7526     6.7455     6.7524     6.7444     6.7502     6.7612     6.6889 
User CPU time              3.6255     4.9845     5.1353     5.1880     5.0808     5.1625     5.1049     5.1710     4.6070     4.1635     5.1530     5.0717     5.1470     5.0888     5.1132     5.0267     3.5881     2.7617 
Sys. CPU time              0.0185     0.0822     0.0802     0.0797     0.0842     0.0806     0.0815     0.0801     0.0348     0.0211     0.0796     0.0826     0.0806     0.0809     0.0797     0.0805     0.0544     0.0131 
Processors                     18         18         18         18         18         18         18         18         18         18         18         18         18         18         18         18         18         18 
           Communication          
Reduction                  2.6244     0.1113     0.0451     0.0017     0.0255     0.0017     0.0422     0.0040     1.0526     2.0644     0.0166     0.0544     0.0118     0.0586     0.0642     0.1269     1.8640     3.4760 
Shadow                     0.0288     0.1242     0.1150     0.1087     0.1192     0.1206     0.1285     0.1209     0.4048     0.0347     0.1339     0.1298     0.1275     0.1358     0.1193     0.1344     0.3183     0.2069 
           Synchronization        
Reduction                  0.0001     0.0001     0.0001     0.0001     0.0001     0.0001     0.0001     0.0001     0.0001     0.0000     0.0001     0.0000     0.0001     0.0000     0.0001     0.0000     0.0001     0.0000 
Shadow                     0.5272     0.0053     0.0550     0.0740     0.0002     0.0598     0.0251     0.0455     0.5233     0.5237     0.0411     0.0103     0.0244     0.0266     0.0723     0.0366     0.3931     0.6005 
           Variation              
Reduction                  0.0001     0.0001     0.0001     0.0001     0.0001     0.0001     0.0001     0.0001     0.0001     0.0000     0.0001     0.0000     0.0001     0.0000     0.0001     0.0000     0.0001     0.0000 
Shadow                     1.2573     0.0369     0.0738     0.0927     0.0001     0.0649     0.0421     0.0738     0.5889     1.2048     0.0654     0.0234     0.0549     0.0423     0.0828     0.0527     0.3343     1.1746 
           Overlap                
Reduction                  0.0000     0.0000     0.0000     0.0000     0.0000     0.0000     0.0000     0.0000     0.0000     0.0000     0.0000     0.0000     0.0000     0.0000     0.0000     0.0000     0.0000     0.0000 
Shadow                     0.0000     0.0000     0.0000     0.0000     0.0001     0.0000     0.0000     0.0000     0.0000     0.0000     0.0000     0.0000     0.0000     0.0000     0.0000     0.0000     0.0000     0.0000 


-------------------------------------------------------------------------
Name (number) and performance time of processors
DVM(1) 1.028961
DVM(2) 1.028818
DVM(3) 1.028993
DVM(4) 1.028988
DVM(5) 1.029421
DVM(6) 1.029418
DVM(7) 1.029420
DVM(8) 1.029425
DVM(9) 1.029451
DVM(10) 1.029457
DVM(11) 1.028726
DVM(12) 1.028713
DVM(13) 1.029299
DVM(14) 1.029251
DVM(15) 1.028682
DVM(16) 1.028682
DVM(17) 1.028860
DVM(18) 1.028881
min - DVM(15) 1.028682; max - DVM(10) 1.029457; mid - 1.029080
