Processor system=4*5*1
Statistics has been accumulated on DVM-system version 5.0, platform DVM
Analyzer is executing on DVM-system version 5.0, platform DVM
-------------------------------------------------------------------------
INTERVAL ( NLINE=20 SOURCE=jac3d.c ) LEVEL=0  EXE_COUNT=2
--- The main characteristics --- 
Parallelization efficiency      0.6987 
Execution time                 10.0215 
Processors                          20
Threads amount                      20
Total time                    200.4302
Productive time               140.0426 ( CPU= 139.8389 Sys= 0.2037 I/O= 0.0000 )
Lost  time                     60.3876 
   Insufficient parallelism    53.8209 ( User= 49.9509 Sys= 3.8700 )
   Communication                6.5380 ( Real_sync= 0.0000 Starts= 0.0000 )
   Idle time                    0.0287
Load imbalance                  4.5496
Synchronization                 2.7246
Time variation                  2.7469
Overlap                         0.0003
                  Nop   Communic    Synchro  Variation    Overlap 
Reduction          21     4.5710     0.4822     0.4823     0.0001 
Shadow             21     1.9671     2.2424     2.2646     0.0002 
--- The comparative characteristics --- 
                              Tmin N proc      Tmax N proc      Tmid
Lost time                   2.7919     1     3.3313    20     3.0194 
User insufficient par.      2.4889    14     2.5107    20     2.4975 
Sys.insufficient par.       0.1314    20     0.2401    12     0.1935 
Idle time                   0.0000     4     0.0019     2     0.0014 
Communication               0.1283     1     0.6873    20     0.3269 
Synchronization             0.0570    12     0.2295    20     0.1362 
Variation                   0.0476    12     0.2376    20     0.1373 
Overlap                     0.0000     1     0.0001    12     0.0000 
Load imbalance              0.0000     1     0.5394    20     0.2275 
Execution time             10.0196     2    10.0215     4    10.0201 
User CPU time               6.6833    20     7.2216     1     6.9919 
Sys. CPU time               0.0069    20     0.0126    12     0.0102 
Processors                      20     1         20    20         20 
                      Communic          Synchro        Variation          Overlap  
Reduction       Tmin    0.0007    12     0.0076    16     0.0076    16     0.0000     1 
Reduction       Tmax    0.6191    20     0.0254    12     0.0254    12     0.0000    20 
Reduction       Tmid    0.2285           0.0241           0.0241           0.0000       
Shadow          Tmin    0.0537     1     0.0316    12     0.0221    12     0.0000     1 
Shadow          Tmax    0.1444    12     0.2042    20     0.2123    20     0.0001    12 
Shadow          Tmid    0.0984           0.1121           0.1132           0.0000       
--- The execution characteristics --- 
                                1          2          3          4          5          6          7          8          9         10         11         12         13         14         15         16         17         18         19         20 
Lost time                  2.7919     2.8475     2.8333     2.8352     3.0105     2.9906     2.9956     3.2482     3.2676     3.2676     2.8376     2.8800     2.8896     2.8888     3.0366     2.9454     2.9234     3.2895     3.2774     3.3313 
User insufficient par.     2.5095     2.4897     2.4900     2.4925     2.4987     2.4960     2.4987     2.4963     2.4990     2.5023     2.4937     2.4931     2.4908     2.4889     2.4970     2.5002     2.5034     2.4995     2.5009     2.5107 
Sys.insufficient par.      0.1522     0.2096     0.2084     0.2099     0.1379     0.1796     0.2320     0.2318     0.2323     0.1605     0.1806     0.2401     0.2385     0.2385     0.1564     0.1356     0.2082     0.1923     0.1943     0.1314 
Idle time                  0.0019     0.0019     0.0019     0.0000     0.0019     0.0013     0.0019     0.0018     0.0010     0.0018     0.0019     0.0018     0.0008     0.0008     0.0018     0.0019     0.0005     0.0018     0.0003     0.0018 
Communication              0.1283     0.1463     0.1331     0.1328     0.3720     0.3137     0.2629     0.5184     0.5353     0.6030     0.1614     0.1451     0.1596     0.1606     0.3813     0.3078     0.2113     0.5958     0.5819     0.6873 
Synchronization            0.1938     0.1305     0.1288     0.1306     0.2125     0.1493     0.0788     0.0692     0.0888     0.1730     0.1518     0.0570     0.0671     0.0710     0.1623     0.1765     0.1299     0.1646     0.1595     0.2295 
Variation                  0.2286     0.1322     0.1273     0.1335     0.2364     0.1708     0.0669     0.0637     0.0835     0.1806     0.1582     0.0476     0.0553     0.0648     0.1768     0.1865     0.1048     0.1385     0.1531     0.2376 
Overlap                    0.0000     0.0000     0.0000     0.0000     0.0000     0.0000     0.0000     0.0000     0.0000     0.0000     0.0000     0.0001     0.0000     0.0000     0.0000     0.0000     0.0000     0.0000     0.0000     0.0000 
Load imbalance             0.0000     0.0556     0.0414     0.0433     0.2186     0.1987     0.2037     0.4563     0.4757     0.4757     0.0457     0.0881     0.0977     0.0969     0.2447     0.1535     0.1315     0.4976     0.4855     0.5394 
Execution time            10.0196    10.0196    10.0196    10.0215    10.0197    10.0202    10.0196    10.0197    10.0205    10.0197    10.0196    10.0197    10.0207    10.0207    10.0197    10.0196    10.0210    10.0197    10.0213    10.0197 
User CPU time              7.2216     7.1630     7.1772     7.1752     7.0038     7.0214     7.0137     6.7611     6.7417     6.7454     7.1744     7.1289     7.1193     7.1202     6.9767     7.0690     7.0871     6.7219     6.7339     6.6833 
Sys. CPU time              0.0080     0.0110     0.0110     0.0110     0.0073     0.0095     0.0122     0.0122     0.0122     0.0084     0.0095     0.0126     0.0126     0.0126     0.0082     0.0071     0.0110     0.0101     0.0102     0.0069 
Processors                     20         20         20         20         20         20         20         20         20         20         20         20         20         20         20         20         20         20         20         20 
           Communication          
Reduction                  0.0746     0.0560     0.0367     0.0439     0.3118     0.2316     0.1352     0.3985     0.4196     0.5091     0.0697     0.0007     0.0234     0.0343     0.2835     0.2348     0.0976     0.4934     0.4974     0.6191 
Shadow                     0.0537     0.0903     0.0963     0.0889     0.0603     0.0821     0.1277     0.1198     0.1157     0.0938     0.0918     0.1444     0.1362     0.1263     0.0978     0.0730     0.1138     0.1024     0.0845     0.0682 
           Synchronization        
Reduction                  0.0254     0.0254     0.0254     0.0254     0.0254     0.0254     0.0253     0.0178     0.0254     0.0254     0.0254     0.0254     0.0254     0.0254     0.0254     0.0076     0.0254     0.0253     0.0253     0.0253 
Shadow                     0.1684     0.1051     0.1034     0.1052     0.1872     0.1240     0.0535     0.0514     0.0634     0.1477     0.1264     0.0316     0.0417     0.0456     0.1369     0.1689     0.1045     0.1393     0.1341     0.2042 
           Variation              
Reduction                  0.0254     0.0254     0.0254     0.0254     0.0254     0.0254     0.0253     0.0178     0.0254     0.0254     0.0254     0.0254     0.0254     0.0254     0.0254     0.0076     0.0254     0.0253     0.0253     0.0253 
Shadow                     0.2032     0.1068     0.1019     0.1080     0.2110     0.1455     0.0416     0.0458     0.0582     0.1553     0.1328     0.0221     0.0299     0.0394     0.1514     0.1789     0.0794     0.1132     0.1278     0.2123 
           Overlap                
Reduction                  0.0000     0.0000     0.0000     0.0000     0.0000     0.0000     0.0000     0.0000     0.0000     0.0000     0.0000     0.0000     0.0000     0.0000     0.0000     0.0000     0.0000     0.0000     0.0000     0.0000 
Shadow                     0.0000     0.0000     0.0000     0.0000     0.0000     0.0000     0.0000     0.0000     0.0000     0.0000     0.0000     0.0001     0.0000     0.0000     0.0000     0.0000     0.0000     0.0000     0.0000     0.0000 


-------------------------------------------------------------------------
INTERVAL ( NLINE=42 SOURCE=jac3d.c ) LEVEL=1 SEQ EXE_COUNT=2
--- The main characteristics --- 
Parallelization efficiency      0.9321 
Execution time                  7.2168 
Processors                          20
Threads amount                      20
Total time                    144.3359
Productive time               134.5357 ( CPU= 134.3863 Sys= 0.1494 I/O= 0.0000 )
Lost  time                      9.8002 
   Insufficient parallelism     3.1477 ( User= 0.3088 Sys= 2.8389 )
   Communication                6.5380 ( Real_sync= 0.0000 Starts= 0.0000 )
   Idle time                    0.1144
Load imbalance                  4.5696
Synchronization                 2.7246
Time variation                  2.7469
Overlap                         0.0003
                  Nop   Communic    Synchro  Variation    Overlap 
Reduction          21     4.5710     0.4822     0.4823     0.0001 
Shadow             21     1.9671     2.2424     2.2646     0.0002 
--- The comparative characteristics --- 
                              Tmin N proc      Tmax N proc      Tmid
Lost time                   0.2615     1     0.8029    20     0.4900 
User insufficient par.      0.0117    15     0.0327     1     0.0154 
Sys.insufficient par.       0.0799    20     0.1872    12     0.1419 
Idle time                   0.0000     1     0.0177    20     0.0057 
Communication               0.1283     1     0.6873    20     0.3269 
Synchronization             0.0570    12     0.2295    20     0.1362 
Variation                   0.0476    12     0.2376    20     0.1373 
Overlap                     0.0000     1     0.0001    12     0.0000 
Load imbalance              0.0000     1     0.5414    20     0.2285 
Execution time              7.1991    20     7.2168     1     7.2111 
User CPU time               6.4097    20     6.9500     1     6.7193 
Sys. CPU time               0.0042    20     0.0099    12     0.0075 
Processors                      20     1         20    20         20 
                      Communic          Synchro        Variation          Overlap  
Reduction       Tmin    0.0007    12     0.0076    16     0.0076    16     0.0000     1 
Reduction       Tmax    0.6191    20     0.0254    12     0.0254    12     0.0000    20 
Reduction       Tmid    0.2285           0.0241           0.0241           0.0000       
Shadow          Tmin    0.0537     1     0.0316    12     0.0221    12     0.0000     1 
Shadow          Tmax    0.1444    12     0.2042    20     0.2123    20     0.0001    12 
Shadow          Tmid    0.0984           0.1121           0.1132           0.0000       
--- The execution characteristics --- 
                                1          2          3          4          5          6          7          8          9         10         11         12         13         14         15         16         17         18         19         20 
Lost time                  0.2615     0.3172     0.3033     0.3057     0.4802     0.4598     0.4646     0.7199     0.7389     0.7388     0.3071     0.3536     0.3598     0.3588     0.5056     0.4147     0.4000     0.7594     0.7484     0.8029 
User insufficient par.     0.0327     0.0140     0.0139     0.0148     0.0144     0.0141     0.0161     0.0121     0.0144     0.0138     0.0136     0.0178     0.0138     0.0119     0.0117     0.0134     0.0229     0.0128     0.0126     0.0179 
Sys.insufficient par.      0.1006     0.1569     0.1558     0.1571     0.0870     0.1281     0.1842     0.1791     0.1796     0.1079     0.1304     0.1872     0.1861     0.1860     0.1072     0.0879     0.1561     0.1392     0.1424     0.0799 
Idle time                  0.0000     0.0001     0.0005     0.0010     0.0067     0.0039     0.0013     0.0103     0.0096     0.0141     0.0017     0.0035     0.0003     0.0002     0.0054     0.0056     0.0096     0.0116     0.0114     0.0177 
Communication              0.1283     0.1463     0.1331     0.1328     0.3720     0.3137     0.2629     0.5184     0.5353     0.6030     0.1614     0.1451     0.1596     0.1606     0.3813     0.3078     0.2113     0.5958     0.5819     0.6873 
Synchronization            0.1938     0.1305     0.1288     0.1306     0.2125     0.1493     0.0788     0.0692     0.0888     0.1730     0.1518     0.0570     0.0671     0.0710     0.1623     0.1765     0.1299     0.1646     0.1595     0.2295 
Variation                  0.2286     0.1322     0.1273     0.1335     0.2364     0.1708     0.0669     0.0637     0.0835     0.1806     0.1582     0.0476     0.0553     0.0648     0.1768     0.1865     0.1048     0.1385     0.1531     0.2376 
Overlap                    0.0000     0.0000     0.0000     0.0000     0.0000     0.0000     0.0000     0.0000     0.0000     0.0000     0.0000     0.0001     0.0000     0.0000     0.0000     0.0000     0.0000     0.0000     0.0000     0.0000 
Load imbalance             0.0000     0.0556     0.0417     0.0442     0.2186     0.1983     0.2031     0.4584     0.4774     0.4773     0.0456     0.0920     0.0983     0.0973     0.2440     0.1531     0.1384     0.4979     0.4869     0.5414 
Execution time             7.2168     7.2167     7.2163     7.2158     7.2101     7.2129     7.2155     7.2065     7.2072     7.2027     7.2151     7.2133     7.2165     7.2166     7.2114     7.2112     7.2072     7.2052     7.2053     7.1991 
User CPU time              6.9500     6.8914     6.9053     6.9028     6.7321     6.7502     6.7425     6.4874     6.4684     6.4723     6.9028     6.8534     6.8472     6.8482     6.7056     6.7975     6.8086     6.4500     6.4609     6.4097 
Sys. CPU time              0.0053     0.0083     0.0082     0.0083     0.0046     0.0067     0.0097     0.0094     0.0095     0.0057     0.0069     0.0099     0.0098     0.0098     0.0056     0.0046     0.0082     0.0073     0.0075     0.0042 
Processors                     20         20         20         20         20         20         20         20         20         20         20         20         20         20         20         20         20         20         20         20 
           Communication          
Reduction                  0.0746     0.0560     0.0367     0.0439     0.3118     0.2316     0.1352     0.3985     0.4196     0.5091     0.0697     0.0007     0.0234     0.0343     0.2835     0.2348     0.0976     0.4934     0.4974     0.6191 
Shadow                     0.0537     0.0903     0.0963     0.0889     0.0603     0.0821     0.1277     0.1198     0.1157     0.0938     0.0918     0.1444     0.1362     0.1263     0.0978     0.0730     0.1138     0.1024     0.0845     0.0682 
           Synchronization        
Reduction                  0.0254     0.0254     0.0254     0.0254     0.0254     0.0254     0.0253     0.0178     0.0254     0.0254     0.0254     0.0254     0.0254     0.0254     0.0254     0.0076     0.0254     0.0253     0.0253     0.0253 
Shadow                     0.1684     0.1051     0.1034     0.1052     0.1872     0.1240     0.0535     0.0514     0.0634     0.1477     0.1264     0.0316     0.0417     0.0456     0.1369     0.1689     0.1045     0.1393     0.1341     0.2042 
           Variation              
Reduction                  0.0254     0.0254     0.0254     0.0254     0.0254     0.0254     0.0253     0.0178     0.0254     0.0254     0.0254     0.0254     0.0254     0.0254     0.0254     0.0076     0.0254     0.0253     0.0253     0.0253 
Shadow                     0.2032     0.1068     0.1019     0.1080     0.2110     0.1455     0.0416     0.0458     0.0582     0.1553     0.1328     0.0221     0.0299     0.0394     0.1514     0.1789     0.0794     0.1132     0.1278     0.2123 
           Overlap                
Reduction                  0.0000     0.0000     0.0000     0.0000     0.0000     0.0000     0.0000     0.0000     0.0000     0.0000     0.0000     0.0000     0.0000     0.0000     0.0000     0.0000     0.0000     0.0000     0.0000     0.0000 
Shadow                     0.0000     0.0000     0.0000     0.0000     0.0000     0.0000     0.0000     0.0000     0.0000     0.0000     0.0000     0.0001     0.0000     0.0000     0.0000     0.0000     0.0000     0.0000     0.0000     0.0000 


-------------------------------------------------------------------------
Name (number) and performance time of processors
DVM(1) 1.028894
DVM(2) 1.028731
DVM(3) 1.029070
DVM(4) 1.031402
DVM(5) 1.028862
DVM(6) 1.029068
DVM(7) 1.028816
DVM(8) 1.028805
DVM(9) 1.028561
DVM(10) 1.028616
DVM(11) 1.028821
DVM(12) 1.028814
DVM(13) 1.028484
DVM(14) 1.028458
DVM(15) 1.029155
DVM(16) 1.029172
DVM(17) 1.037475
DVM(18) 1.028690
DVM(19) 1.030114
DVM(20) 1.029573
min - DVM(14) 1.028458; max - DVM(17) 1.037475; mid - 1.029479
