Processor system=4*1*4
Statistics has been accumulated on DVM-system version 5.0, platform DVM
Analyzer is executing on DVM-system version 5.0, platform DVM
-------------------------------------------------------------------------
INTERVAL ( NLINE=20 SOURCE=jac3d.c ) LEVEL=0  EXE_COUNT=1
--- The main characteristics --- 
Parallelization efficiency      0.5602 
Execution time                  9.7977 
Processors                          16
Threads amount                      16
Total time                    156.7628
Productive time                87.8239 ( CPU= 87.1286 Sys= 0.6953 I/O= 0.0000 )
Lost  time                     68.9389 
   Insufficient parallelism    51.6943 ( User= 41.2650 Sys= 10.4293 )
   Communication               17.2074 ( Real_sync= 0.0000 Starts= 0.0000 )
   Idle time                    0.0373
Load imbalance                 11.3734
Synchronization                 7.8440
Time variation                 12.2889
Overlap                         0.0003
                  Nop   Communic    Synchro  Variation    Overlap 
Reduction          20    14.1552     0.0010     0.0010     0.0001 
Shadow             20     3.0522     7.8430    12.2878     0.0002 
--- The comparative characteristics --- 
                              Tmin N proc      Tmax N proc      Tmid
Lost time                   3.5978     4     6.0727    13     4.3087 
User insufficient par.      2.5507     8     2.6524    13     2.5791 
Sys.insufficient par.       0.1549    13     1.4409     7     0.6518 
Idle time                   0.0000     5     0.0054    13     0.0023 
Communication               0.0990     3     3.2600    13     1.0755 
Synchronization             0.0002     7     0.7457    16     0.4903 
Variation                   0.0001     7     1.4314    13     0.7681 
Overlap                     0.0000     1     0.0002     7     0.0000 
Load imbalance              0.0000     4     2.4748    13     0.7108 
Execution time              9.7923    13     9.7977     5     9.7953 
User CPU time               3.7147    13     6.1719     4     5.4455 
Sys. CPU time               0.0103    13     0.0961     7     0.0435 
Processors                      16     1         16    16         16 
                      Communic          Synchro        Variation          Overlap  
Reduction       Tmin    0.0004     7     0.0000     9     0.0000    16     0.0000     1 
Reduction       Tmax    3.2135    13     0.0001    11     0.0001     7     0.0000     9 
Reduction       Tmid    0.8847           0.0001           0.0001           0.0000       
Shadow          Tmin    0.0214     1     0.0001     7     0.0000     7     0.0000     1 
Shadow          Tmax    0.5563     8     0.7456    16     1.4313    13     0.0002     7 
Shadow          Tmid    0.1908           0.4902           0.7680           0.0000       
--- The execution characteristics --- 
                                1          2          3          4          5          6          7          8          9         10         11         12         13         14         15         16 
Lost time                  3.8992     3.6068     3.8720     3.5978     3.9059     3.8854     4.1274     3.6891     3.9519     3.9167     4.1130     3.7005     6.0727     5.4444     5.3417     5.8145 
User insufficient par.     2.5944     2.5599     2.5547     2.5527     2.5906     2.5559     2.5518     2.5507     2.5929     2.5584     2.5530     2.5561     2.6524     2.6083     2.5951     2.6382 
Sys.insufficient par.      0.2590     0.8492     1.2178     0.4193     0.2772     1.1152     1.4409     0.4654     0.2800     1.1098     1.3993     0.4593     0.1549     0.3978     0.3929     0.1912 
Idle time                  0.0005     0.0013     0.0006     0.0011     0.0000     0.0019     0.0008     0.0002     0.0016     0.0038     0.0031     0.0023     0.0054     0.0047     0.0054     0.0044 
Communication              1.0452     0.1963     0.0990     0.6247     1.0381     0.2123     0.1339     0.6729     1.0774     0.2447     0.1575     0.6828     3.2600     2.4336     2.3482     2.9807 
Synchronization            0.6845     0.3626     0.1699     0.6806     0.6653     0.2376     0.0002     0.6723     0.6670     0.2415     0.0377     0.6749     0.7444     0.6313     0.6288     0.7457 
Variation                  1.3532     0.6960     0.2846     0.7048     1.3203     0.3844     0.0001     0.5964     1.3228     0.3995     0.0371     0.6158     1.4314     1.0145     0.7985     1.3294 
Overlap                    0.0000     0.0000     0.0000     0.0000     0.0000     0.0000     0.0002     0.0000     0.0000     0.0000     0.0000     0.0000     0.0000     0.0000     0.0000     0.0000 
Load imbalance             0.3013     0.0089     0.2741     0.0000     0.3080     0.2875     0.5296     0.0913     0.3540     0.3189     0.5151     0.1026     2.4748     1.8466     1.7438     2.2167 
Execution time             9.7971     9.7964     9.7971     9.7966     9.7977     9.7958     9.7969     9.7975     9.7961     9.7939     9.7945     9.7954     9.7923     9.7930     9.7923     9.7932 
User CPU time              5.8812     6.1343     5.8445     6.1719     5.8733     5.8380     5.5742     6.0775     5.8272     5.8069     5.5914     6.0666     3.7147     4.3267     4.4298     3.9704 
Sys. CPU time              0.0173     0.0566     0.0812     0.0280     0.0185     0.0743     0.0961     0.0310     0.0187     0.0740     0.0933     0.0306     0.0103     0.0265     0.0262     0.0127 
Processors                     16         16         16         16         16         16         16         16         16         16         16         16         16         16         16         16 
           Communication          
Reduction                  1.0238     0.1483     0.0305     0.1269     1.0041     0.1187     0.0004     0.1165     1.0479     0.1537     0.0134     0.1378     3.2135     2.2283     1.9210     2.8705 
Shadow                     0.0214     0.0480     0.0685     0.4979     0.0341     0.0937     0.1335     0.5563     0.0295     0.0911     0.1441     0.5450     0.0464     0.2053     0.4273     0.1102 
           Synchronization        
Reduction                  0.0001     0.0001     0.0001     0.0000     0.0000     0.0001     0.0001     0.0000     0.0000     0.0001     0.0001     0.0000     0.0001     0.0001     0.0000     0.0000 
Shadow                     0.6844     0.3625     0.1697     0.6806     0.6653     0.2375     0.0001     0.6722     0.6670     0.2414     0.0376     0.6749     0.7443     0.6312     0.6287     0.7456 
           Variation              
Reduction                  0.0001     0.0001     0.0001     0.0000     0.0000     0.0001     0.0001     0.0000     0.0000     0.0001     0.0001     0.0000     0.0001     0.0001     0.0000     0.0000 
Shadow                     1.3532     0.6959     0.2845     0.7048     1.3203     0.3843     0.0000     0.5963     1.3228     0.3994     0.0370     0.6157     1.4313     1.0144     0.7984     1.3294 
           Overlap                
Reduction                  0.0000     0.0000     0.0000     0.0000     0.0000     0.0000     0.0000     0.0000     0.0000     0.0000     0.0000     0.0000     0.0000     0.0000     0.0000     0.0000 
Shadow                     0.0000     0.0000     0.0000     0.0000     0.0000     0.0000     0.0002     0.0000     0.0000     0.0000     0.0000     0.0000     0.0000     0.0000     0.0000     0.0000 


-------------------------------------------------------------------------
INTERVAL ( NLINE=42 SOURCE=jac3d.c ) LEVEL=1 SEQ EXE_COUNT=1
--- The main characteristics --- 
Parallelization efficiency      0.7487 
Execution time                  6.8874 
Processors                          16
Threads amount                      16
Total time                    110.1989
Productive time                82.5055 ( CPU= 81.8597 Sys= 0.6458 I/O= 0.0000 )
Lost  time                     27.6933 
   Insufficient parallelism     9.8910 ( User= 0.2040 Sys= 9.6870 )
   Communication               17.2074 ( Real_sync= 0.0000 Starts= 0.0000 )
   Idle time                    0.5950
Load imbalance                 11.0971
Synchronization                 7.8440
Time variation                 12.2889
Overlap                         0.0003
                  Nop   Communic    Synchro  Variation    Overlap 
Reduction          20    14.1552     0.0010     0.0010     0.0001 
Shadow             20     3.0522     7.8430    12.2878     0.0002 
--- The comparative characteristics --- 
                              Tmin N proc      Tmax N proc      Tmid
Lost time                   1.0373     4     3.4434    13     1.7308 
User insufficient par.      0.0083     8     0.0167    11     0.0127 
Sys.insufficient par.       0.1129    13     1.3928     7     0.6054 
Idle time                   0.0000    15     0.0699     5     0.0372 
Communication               0.0990     3     3.2600    13     1.0755 
Synchronization             0.0002     7     0.7457    16     0.4903 
Variation                   0.0001     7     1.4314    13     0.7681 
Overlap                     0.0000     1     0.0002     7     0.0000 
Load imbalance              0.0000     4     2.4062    13     0.6936 
Execution time              6.8175     5     6.8874    15     6.8502 
User CPU time               3.4365    13     5.8254     4     5.1162 
Sys. CPU time               0.0075    13     0.0929     7     0.0404 
Processors                      16     1         16    16         16 
                      Communic          Synchro        Variation          Overlap  
Reduction       Tmin    0.0004     7     0.0000     9     0.0000    16     0.0000     1 
Reduction       Tmax    3.2135    13     0.0001    11     0.0001     7     0.0000     9 
Reduction       Tmid    0.8847           0.0001           0.0001           0.0000       
Shadow          Tmin    0.0214     1     0.0001     7     0.0000     7     0.0000     1 
Shadow          Tmax    0.5563     8     0.7456    16     1.4313    13     0.0002     7 
Shadow          Tmid    0.1908           0.4902           0.7680           0.0000       
--- The execution characteristics --- 
                                1          2          3          4          5          6          7          8          9         10         11         12         13         14         15         16 
Lost time                  1.3400     1.0460     1.3124     1.0373     1.3480     1.3242     1.5665     1.1285     1.3933     1.3552     1.5513     1.1384     3.4434     2.8126     2.7095     3.1867 
User insufficient par.     0.0156     0.0107     0.0163     0.0107     0.0111     0.0143     0.0152     0.0083     0.0145     0.0161     0.0167     0.0146     0.0090     0.0104     0.0112     0.0092 
Sys.insufficient par.      0.2108     0.8013     1.1695     0.3713     0.2289     1.0675     1.3928     0.4171     0.2321     1.0639     1.3527     0.4119     0.1129     0.3553     0.3500     0.1489 
Idle time                  0.0683     0.0376     0.0277     0.0305     0.0699     0.0301     0.0246     0.0301     0.0694     0.0305     0.0244     0.0291     0.0615     0.0133     0.0000     0.0478 
Communication              1.0452     0.1963     0.0990     0.6247     1.0381     0.2123     0.1339     0.6729     1.0774     0.2447     0.1575     0.6828     3.2600     2.4336     2.3482     2.9807 
Synchronization            0.6845     0.3626     0.1699     0.6806     0.6653     0.2376     0.0002     0.6723     0.6670     0.2415     0.0377     0.6749     0.7444     0.6313     0.6288     0.7457 
Variation                  1.3532     0.6960     0.2846     0.7048     1.3203     0.3844     0.0001     0.5964     1.3228     0.3995     0.0371     0.6158     1.4314     1.0145     0.7985     1.3294 
Overlap                    0.0000     0.0000     0.0000     0.0000     0.0000     0.0000     0.0002     0.0000     0.0000     0.0000     0.0000     0.0000     0.0000     0.0000     0.0000     0.0000 
Load imbalance             0.3027     0.0087     0.2752     0.0000     0.3107     0.2870     0.5292     0.0912     0.3561     0.3180     0.5140     0.1011     2.4062     1.7753     1.6723     2.1494 
Execution time             6.8191     6.8498     6.8598     6.8570     6.8175     6.8573     6.8628     6.8573     6.8181     6.8569     6.8630     6.8583     6.8259     6.8741     6.8874     6.8396 
User CPU time              5.5334     5.7880     5.4970     5.8254     5.5242     5.4920     5.2281     5.7312     5.4786     5.4613     5.2459     5.7216     3.4365     4.0512     4.1546     3.6908 
Sys. CPU time              0.0141     0.0534     0.0780     0.0248     0.0153     0.0712     0.0929     0.0278     0.0155     0.0709     0.0902     0.0275     0.0075     0.0237     0.0233     0.0099 
Processors                     16         16         16         16         16         16         16         16         16         16         16         16         16         16         16         16 
           Communication          
Reduction                  1.0238     0.1483     0.0305     0.1269     1.0041     0.1187     0.0004     0.1165     1.0479     0.1537     0.0134     0.1378     3.2135     2.2283     1.9210     2.8705 
Shadow                     0.0214     0.0480     0.0685     0.4979     0.0341     0.0937     0.1335     0.5563     0.0295     0.0911     0.1441     0.5450     0.0464     0.2053     0.4273     0.1102 
           Synchronization        
Reduction                  0.0001     0.0001     0.0001     0.0000     0.0000     0.0001     0.0001     0.0000     0.0000     0.0001     0.0001     0.0000     0.0001     0.0001     0.0000     0.0000 
Shadow                     0.6844     0.3625     0.1697     0.6806     0.6653     0.2375     0.0001     0.6722     0.6670     0.2414     0.0376     0.6749     0.7443     0.6312     0.6287     0.7456 
           Variation              
Reduction                  0.0001     0.0001     0.0001     0.0000     0.0000     0.0001     0.0001     0.0000     0.0000     0.0001     0.0001     0.0000     0.0001     0.0001     0.0000     0.0000 
Shadow                     1.3532     0.6959     0.2845     0.7048     1.3203     0.3843     0.0000     0.5963     1.3228     0.3994     0.0370     0.6157     1.4313     1.0144     0.7984     1.3294 
           Overlap                
Reduction                  0.0000     0.0000     0.0000     0.0000     0.0000     0.0000     0.0000     0.0000     0.0000     0.0000     0.0000     0.0000     0.0000     0.0000     0.0000     0.0000 
Shadow                     0.0000     0.0000     0.0000     0.0000     0.0000     0.0000     0.0002     0.0000     0.0000     0.0000     0.0000     0.0000     0.0000     0.0000     0.0000     0.0000 


-------------------------------------------------------------------------
Name (number) and performance time of processors
DVM(1) 1.028873
DVM(2) 1.028812
DVM(3) 1.029129
DVM(4) 1.029109
DVM(5) 1.029124
DVM(6) 1.029084
DVM(7) 1.028963
DVM(8) 1.028936
DVM(9) 1.028751
DVM(10) 1.028736
DVM(11) 1.028651
DVM(12) 1.028635
DVM(13) 1.028633
DVM(14) 1.028638
DVM(15) 1.029156
DVM(16) 1.029137
min - DVM(13) 1.028633; max - DVM(15) 1.029156; mid - 1.028898
