Processor system=1*7*3
Statistics has been accumulated on DVM-system version 5.0, platform DVM
Analyzer is executing on DVM-system version 5.0, platform DVM
-------------------------------------------------------------------------
INTERVAL ( NLINE=20 SOURCE=jac3d.c ) LEVEL=0  EXE_COUNT=2
--- The main characteristics --- 
Parallelization efficiency      0.5030 
Execution time                 10.5796 
Processors                          21
Threads amount                      21
Total time                    222.1726
Productive time               111.7523 ( CPU= 111.1956 Sys= 0.5567 I/O= 0.0000 )
Lost  time                    110.4202 
   Insufficient parallelism    84.8322 ( User= 73.6972 Sys= 11.1350 )
   Communication               25.3321 ( Real_sync= 0.0000 Starts= 0.0000 )
   Idle time                    0.2559
Load imbalance                  5.1601
Synchronization                21.3245
Time variation                 25.1953
Overlap                         0.0004
                  Nop   Communic    Synchro  Variation    Overlap 
Reduction          21    20.7533     4.5078     4.5082     0.0001 
Shadow             21     4.5788    16.8166    20.6871     0.0002 
--- The comparative characteristics --- 
                              Tmin N proc      Tmax N proc      Tmid
Lost time                   5.0124    21     5.7370    19     5.2581 
User insufficient par.      3.4801     6     3.5366    10     3.5094 
Sys.insufficient par.       0.2397    19     0.9516     2     0.5302 
Idle time                   0.0000    21     0.0144    18     0.0122 
Communication               0.7806     2     1.9499    19     1.2063 
Synchronization             0.7003     2     1.2346    19     1.0155 
Variation                   0.7986    11     1.7509    19     1.1998 
Overlap                     0.0000     1     0.0001     2     0.0000 
Load imbalance              0.0000    21     0.7247    19     0.2457 
Execution time             10.5652    18    10.5796    21    10.5675 
User CPU time               4.8306    19     5.5491    21     5.2950 
Sys. CPU time               0.0120    19     0.0476     2     0.0265 
Processors                      21     1         21    21         21 
                      Communic          Synchro        Variation          Overlap  
Reduction       Tmin    0.6116    17     0.1700     6     0.1700     6     0.0000     1 
Reduction       Tmax    1.9050    19     0.2512     5     0.2513     5     0.0000     6 
Reduction       Tmid    0.9883           0.2147           0.2147           0.0000       
Shadow          Tmin    0.0448    19     0.5152     2     0.5910    11     0.0000     1 
Shadow          Tmax    0.4258     3     0.9834    19     1.4998    19     0.0001     2 
Shadow          Tmid    0.2180           0.8008           0.9851           0.0000       
--- The execution characteristics --- 
                                1          2          3          4          5          6          7          8          9         10         11         12         13         14         15         16         17         18         19         20         21 
Lost time                  5.1527     5.2445     5.3776     5.4407     5.1999     5.1065     5.2800     5.2542     5.2096     5.0767     5.3496     5.1875     5.1804     5.3067     5.1857     5.6314     5.1366     5.0934     5.7370     5.2570     5.0124 
User insufficient par.     3.5276     3.4994     3.4956     3.5295     3.4958     3.4801     3.5255     3.4888     3.4947     3.5366     3.4988     3.5157     3.5277     3.4948     3.5060     3.5283     3.4959     3.5052     3.5331     3.4974     3.5207 
Sys.insufficient par.      0.2927     0.9516     0.4152     0.3167     0.7525     0.5152     0.3816     0.9161     0.4008     0.3600     0.9038     0.3839     0.3209     0.9327     0.4866     0.2599     0.8193     0.3877     0.2397     0.7346     0.3637 
Idle time                  0.0107     0.0130     0.0130     0.0131     0.0130     0.0130     0.0115     0.0130     0.0130     0.0111     0.0111     0.0119     0.0129     0.0130     0.0129     0.0130     0.0143     0.0144     0.0144     0.0136     0.0000 
Communication              1.3216     0.7806     1.4538     1.5814     0.9385     1.0982     1.3614     0.8364     1.3012     1.1691     0.9360     1.2760     1.3189     0.8662     1.1801     1.8303     0.8071     1.1861     1.9499     1.0114     1.1280 
Synchronization            1.0819     0.7003     1.0818     1.0858     0.9857     0.9311     1.0248     0.7709     1.0958     1.0524     0.7939     1.1188     1.0563     0.7634     1.0480     1.2065     0.8935     1.2007     1.2346     0.9944     1.2040 
Variation                  1.4746     0.7989     1.0749     1.4284     0.9903     1.1381     1.3267     0.8054     1.1889     1.3607     0.7986     1.2291     1.4326     0.8044     1.1072     1.6040     0.9622     1.3287     1.7509     1.1784     1.4123 
Overlap                    0.0000     0.0001     0.0000     0.0000     0.0000     0.0000     0.0000     0.0000     0.0000     0.0000     0.0000     0.0000     0.0000     0.0001     0.0000     0.0000     0.0000     0.0000     0.0000     0.0000     0.0000 
Load imbalance             0.1403     0.2321     0.3652     0.4283     0.1875     0.0941     0.2676     0.2419     0.1972     0.0643     0.3372     0.1751     0.1680     0.2943     0.1734     0.6190     0.1242     0.0810     0.7247     0.2447     0.0000 
Execution time            10.5689    10.5667    10.5666    10.5666    10.5666    10.5666    10.5682    10.5667    10.5667    10.5686    10.5686    10.5678    10.5667    10.5666    10.5667    10.5667    10.5653    10.5652    10.5652    10.5660    10.5796 
User CPU time              5.4123     5.2875     5.1813     5.1231     5.3421     5.4474     5.2806     5.2796     5.3500     5.4849     5.1849     5.3730     5.3832     5.2264     5.3696     4.9352     5.4021     5.4668     4.8306     5.2859     5.5491 
Sys. CPU time              0.0146     0.0476     0.0208     0.0158     0.0376     0.0258     0.0191     0.0458     0.0200     0.0180     0.0452     0.0192     0.0160     0.0466     0.0243     0.0130     0.0410     0.0194     0.0120     0.0367     0.0182 
Processors                     21         21         21         21         21         21         21         21         21         21         21         21         21         21         21         21         21         21         21         21         21 
           Communication          
Reduction                  1.1834     0.6624     1.0281     1.3823     0.6729     0.8914     1.1558     0.6593     0.9494     0.9724     0.7225     0.9515     1.1550     0.6806     0.8138     1.6729     0.6116     0.8747     1.9050     0.9132     0.8948 
Shadow                     0.1382     0.1182     0.4258     0.1991     0.2656     0.2067     0.2056     0.1771     0.3518     0.1967     0.2134     0.3244     0.1639     0.1855     0.3663     0.1573     0.1955     0.3114     0.0448     0.0982     0.2331 
           Synchronization        
Reduction                  0.1865     0.1851     0.1952     0.2087     0.2512     0.1700     0.1923     0.1990     0.2076     0.1952     0.2076     0.2075     0.1938     0.2118     0.2192     0.2462     0.2364     0.2512     0.2511     0.2512     0.2409 
Shadow                     0.8954     0.5152     0.8866     0.8771     0.7344     0.7611     0.8325     0.5718     0.8882     0.8572     0.5863     0.9113     0.8625     0.5515     0.8288     0.9604     0.6571     0.9495     0.9834     0.7432     0.9631 
           Variation              
Reduction                  0.1866     0.1851     0.1952     0.2087     0.2513     0.1700     0.1923     0.1990     0.2076     0.1952     0.2076     0.2076     0.1939     0.2118     0.2192     0.2462     0.2364     0.2512     0.2512     0.2512     0.2410 
Shadow                     1.2880     0.6138     0.8797     1.2198     0.7390     0.9681     1.1343     0.6063     0.9812     1.1656     0.5910     1.0215     1.2388     0.5925     0.8880     1.3578     0.7258     1.0775     1.4998     0.9272     1.1713 
           Overlap                
Reduction                  0.0000     0.0000     0.0000     0.0000     0.0000     0.0000     0.0000     0.0000     0.0000     0.0000     0.0000     0.0000     0.0000     0.0000     0.0000     0.0000     0.0000     0.0000     0.0000     0.0000     0.0000 
Shadow                     0.0000     0.0001     0.0000     0.0000     0.0000     0.0000     0.0000     0.0000     0.0000     0.0000     0.0000     0.0000     0.0000     0.0001     0.0000     0.0000     0.0000     0.0000     0.0000     0.0000     0.0000 


-------------------------------------------------------------------------
INTERVAL ( NLINE=42 SOURCE=jac3d.c ) LEVEL=1 SEQ EXE_COUNT=2
--- The main characteristics --- 
Parallelization efficiency      0.7405 
Execution time                  6.7405 
Processors                          21
Threads amount                      21
Total time                    141.5511
Productive time               104.8214 ( CPU= 104.3172 Sys= 0.5042 I/O= 0.0000 )
Lost  time                     36.7296 
   Insufficient parallelism    10.4535 ( User= 0.3688 Sys= 10.0847 )
   Communication               25.3321 ( Real_sync= 0.0000 Starts= 0.0000 )
   Idle time                    0.9440
Load imbalance                  5.4238
Synchronization                21.3245
Time variation                 25.1953
Overlap                         0.0004
                  Nop   Communic    Synchro  Variation    Overlap 
Reduction          21    20.7533     4.5078     4.5082     0.0001 
Shadow             21     4.5788    16.8166    20.6871     0.0002 
--- The comparative characteristics --- 
                              Tmin N proc      Tmax N proc      Tmid
Lost time                   1.4908    21     2.2134    19     1.7490 
User insufficient par.      0.0143    18     0.0368     1     0.0176 
Sys.insufficient par.       0.1896    19     0.9012     2     0.4802 
Idle time                   0.0000     6     0.1836    17     0.0450 
Communication               0.7806     2     1.9499    19     1.2063 
Synchronization             0.7003     2     1.2346    19     1.0155 
Variation                   0.7986    11     1.7509    19     1.1998 
Overlap                     0.0000     1     0.0001     2     0.0000 
Load imbalance              0.0000    21     0.7227    19     0.2583 
Execution time              6.5569    17     6.7405     6     6.6956 
User CPU time               4.5176    19     5.2341    21     4.9675 
Sys. CPU time               0.0095    19     0.0451     2     0.0240 
Processors                      21     1         21    21         21 
                      Communic          Synchro        Variation          Overlap  
Reduction       Tmin    0.6116    17     0.1700     6     0.1700     6     0.0000     1 
Reduction       Tmax    1.9050    19     0.2512     5     0.2513     5     0.0000     6 
Reduction       Tmid    0.9883           0.2147           0.2147           0.0000       
Shadow          Tmin    0.0448    19     0.5152     2     0.5910    11     0.0000     1 
Shadow          Tmax    0.4258     3     0.9834    19     1.4998    19     0.0001     2 
Shadow          Tmid    0.2180           0.8008           0.9851           0.0000       
--- The execution characteristics --- 
                                1          2          3          4          5          6          7          8          9         10         11         12         13         14         15         16         17         18         19         20         21 
Lost time                  1.7666     1.7189     1.8511     1.9164     1.6746     1.5798     1.7558     1.7339     1.6887     1.5522     1.8231     1.6668     1.6591     1.7849     1.6685     2.1061     1.7762     1.5704     2.2134     1.7322     1.4908 
User insufficient par.     0.0368     0.0183     0.0166     0.0158     0.0185     0.0171     0.0165     0.0170     0.0178     0.0172     0.0178     0.0171     0.0159     0.0159     0.0164     0.0156     0.0163     0.0143     0.0155     0.0168     0.0156 
Sys.insufficient par.      0.2408     0.9012     0.3645     0.2691     0.7046     0.4645     0.3287     0.8653     0.3505     0.3100     0.8536     0.3374     0.2699     0.8820     0.4360     0.2128     0.7692     0.3373     0.1896     0.6844     0.3135 
Idle time                  0.1674     0.0188     0.0162     0.0501     0.0130     0.0000     0.0493     0.0152     0.0192     0.0559     0.0159     0.0363     0.0544     0.0209     0.0359     0.0474     0.1836     0.0327     0.0585     0.0196     0.0338 
Communication              1.3216     0.7806     1.4538     1.5814     0.9385     1.0982     1.3614     0.8364     1.3012     1.1691     0.9360     1.2760     1.3189     0.8662     1.1801     1.8303     0.8071     1.1861     1.9499     1.0114     1.1280 
Synchronization            1.0819     0.7003     1.0818     1.0858     0.9857     0.9311     1.0248     0.7709     1.0958     1.0524     0.7939     1.1188     1.0563     0.7634     1.0480     1.2065     0.8935     1.2007     1.2346     0.9944     1.2040 
Variation                  1.4746     0.7989     1.0749     1.4284     0.9903     1.1381     1.3267     0.8054     1.1889     1.3607     0.7986     1.2291     1.4326     0.8044     1.1072     1.6040     0.9622     1.3287     1.7509     1.1784     1.4123 
Overlap                    0.0000     0.0001     0.0000     0.0000     0.0000     0.0000     0.0000     0.0000     0.0000     0.0000     0.0000     0.0000     0.0000     0.0001     0.0000     0.0000     0.0000     0.0000     0.0000     0.0000     0.0000 
Load imbalance             0.2759     0.2281     0.3603     0.4256     0.1839     0.0890     0.2650     0.2432     0.1980     0.0615     0.3324     0.1760     0.1684     0.2942     0.1777     0.6154     0.2854     0.0796     0.7227     0.2414     0.0000 
Execution time             6.5732     6.7218     6.7243     6.6904     6.7275     6.7405     6.6913     6.7253     6.7213     6.6846     6.7247     6.7042     6.6862     6.7196     6.7046     6.6931     6.5569     6.7078     6.6820     6.7210     6.7068 
User CPU time              4.9619     4.9766     4.8712     4.8107     5.0306     5.1375     4.9683     4.9633     5.0343     5.1728     4.8747     5.0569     5.0679     4.9115     5.0503     4.6238     4.9259     5.1533     4.5176     4.9741     5.2341 
Sys. CPU time              0.0120     0.0451     0.0182     0.0135     0.0352     0.0232     0.0164     0.0433     0.0175     0.0155     0.0427     0.0169     0.0135     0.0441     0.0218     0.0106     0.0385     0.0169     0.0095     0.0342     0.0157 
Processors                     21         21         21         21         21         21         21         21         21         21         21         21         21         21         21         21         21         21         21         21         21 
           Communication          
Reduction                  1.1834     0.6624     1.0281     1.3823     0.6729     0.8914     1.1558     0.6593     0.9494     0.9724     0.7225     0.9515     1.1550     0.6806     0.8138     1.6729     0.6116     0.8747     1.9050     0.9132     0.8948 
Shadow                     0.1382     0.1182     0.4258     0.1991     0.2656     0.2067     0.2056     0.1771     0.3518     0.1967     0.2134     0.3244     0.1639     0.1855     0.3663     0.1573     0.1955     0.3114     0.0448     0.0982     0.2331 
           Synchronization        
Reduction                  0.1865     0.1851     0.1952     0.2087     0.2512     0.1700     0.1923     0.1990     0.2076     0.1952     0.2076     0.2075     0.1938     0.2118     0.2192     0.2462     0.2364     0.2512     0.2511     0.2512     0.2409 
Shadow                     0.8954     0.5152     0.8866     0.8771     0.7344     0.7611     0.8325     0.5718     0.8882     0.8572     0.5863     0.9113     0.8625     0.5515     0.8288     0.9604     0.6571     0.9495     0.9834     0.7432     0.9631 
           Variation              
Reduction                  0.1866     0.1851     0.1952     0.2087     0.2513     0.1700     0.1923     0.1990     0.2076     0.1952     0.2076     0.2076     0.1939     0.2118     0.2192     0.2462     0.2364     0.2512     0.2512     0.2512     0.2410 
Shadow                     1.2880     0.6138     0.8797     1.2198     0.7390     0.9681     1.1343     0.6063     0.9812     1.1656     0.5910     1.0215     1.2388     0.5925     0.8880     1.3578     0.7258     1.0775     1.4998     0.9272     1.1713 
           Overlap                
Reduction                  0.0000     0.0000     0.0000     0.0000     0.0000     0.0000     0.0000     0.0000     0.0000     0.0000     0.0000     0.0000     0.0000     0.0000     0.0000     0.0000     0.0000     0.0000     0.0000     0.0000     0.0000 
Shadow                     0.0000     0.0001     0.0000     0.0000     0.0000     0.0000     0.0000     0.0000     0.0000     0.0000     0.0000     0.0000     0.0000     0.0001     0.0000     0.0000     0.0000     0.0000     0.0000     0.0000     0.0000 


-------------------------------------------------------------------------
Name (number) and performance time of processors
DVM(1) 2.449628
DVM(2) 1.028633
DVM(3) 1.039902
DVM(4) 1.028130
DVM(5) 1.028848
DVM(6) 1.030582
DVM(7) 1.029092
DVM(8) 1.029080
DVM(9) 1.028821
DVM(10) 1.028780
DVM(11) 1.029094
DVM(12) 1.029095
DVM(13) 1.028485
DVM(14) 1.028461
DVM(15) 1.028953
DVM(16) 1.028979
DVM(17) 1.028779
DVM(18) 1.028888
DVM(19) 1.029700
DVM(20) 1.029233
DVM(21) 2.428163
min - DVM(4) 1.028130; max - DVM(1) 2.449628; mid - 1.163777
