Processor system=8*1*2
Statistics has been accumulated on DVM-system version 5.0, platform DVM
Analyzer is executing on DVM-system version 5.0, platform DVM
-------------------------------------------------------------------------
INTERVAL ( NLINE=20 SOURCE=jac3d.c ) LEVEL=0  EXE_COUNT=1
--- The main characteristics --- 
Parallelization efficiency      0.6114 
Execution time                 10.9867 
Processors                          16
Threads amount                      16
Total time                    175.7870
Productive time               107.4764 ( CPU= 107.0832 Sys= 0.3931 I/O= 0.0000 )
Lost  time                     68.3106 
   Insufficient parallelism    55.2862 ( User= 49.3894 Sys= 5.8968 )
   Communication               12.9776 ( Real_sync= 0.0000 Starts= 0.0000 )
   Idle time                    0.0468
Load imbalance                  9.2329
Synchronization                 1.6903
Time variation                  2.0656
Overlap                         0.0002
                  Nop   Communic    Synchro  Variation    Overlap 
Reduction          20    10.8365     0.0015     0.0015     0.0000 
Shadow             20     2.1411     1.6889     2.0641     0.0001 
--- The comparative characteristics --- 
                              Tmin N proc      Tmax N proc      Tmid
Lost time                   3.6924     4     5.9706    15     4.2694 
User insufficient par.      3.0610     3     3.1520    15     3.0868 
Sys.insufficient par.       0.1355    15     0.4637    12     0.3686 
Idle time                   0.0000     4     0.0068    13     0.0029 
Communication               0.1737     3     2.6763    15     0.8111 
Synchronization             0.0007    12     0.2916    15     0.1056 
Variation                   0.0013    12     0.4542    15     0.1291 
Overlap                     0.0000     1     0.0001    12     0.0000 
Load imbalance              0.0000     4     2.2783    15     0.5771 
Execution time             10.9799    13    10.9867     4    10.9838 
User CPU time               5.0070    15     7.2642     4     6.6927 
Sys. CPU time               0.0090    15     0.0309    12     0.0246 
Processors                      16     1         16    16         16 
                      Communic          Synchro        Variation          Overlap  
Reduction       Tmin    0.0005     3     0.0000    16     0.0000    16     0.0000     1 
Reduction       Tmax    2.6378    15     0.0001     3     0.0001     8     0.0000    16 
Reduction       Tmid    0.6773           0.0001           0.0001           0.0000       
Shadow          Tmin    0.0385    15     0.0006    12     0.0012    12     0.0000     1 
Shadow          Tmax    0.1754     4     0.2916    15     0.4541    15     0.0001    12 
Shadow          Tmid    0.1338           0.1056           0.1290           0.0000       
--- The execution characteristics --- 
                                1          2          3          4          5          6          7          8          9         10         11         12         13         14         15         16 
Lost time                  3.7074     3.7340     3.6934     3.6924     3.7112     3.7180     3.6984     3.7035     3.8080     3.8201     3.7305     3.7410     5.7784     5.8839     5.9706     5.9198 
User insufficient par.     3.0759     3.0804     3.0610     3.0640     3.0665     3.0684     3.0629     3.0651     3.0672     3.0715     3.0649     3.0682     3.1349     3.1384     3.1520     3.1480 
Sys.insufficient par.      0.2882     0.2895     0.4546     0.4515     0.4445     0.4436     0.4531     0.4515     0.4435     0.4470     0.4594     0.4637     0.2653     0.2700     0.1355     0.1359 
Idle time                  0.0041     0.0043     0.0041     0.0000     0.0006     0.0006     0.0012     0.0012     0.0003     0.0012     0.0012     0.0012     0.0068     0.0068     0.0068     0.0068 
Communication              0.3392     0.3598     0.1737     0.1769     0.1996     0.2054     0.1812     0.1858     0.2970     0.3005     0.2050     0.2080     2.3713     2.4688     2.6763     2.6291 
Synchronization            0.2189     0.2190     0.0031     0.0065     0.0208     0.0180     0.0052     0.0081     0.0702     0.0687     0.0019     0.0007     0.2358     0.2311     0.2916     0.2908 
Variation                  0.2766     0.2768     0.0017     0.0050     0.0322     0.0292     0.0066     0.0064     0.0161     0.0152     0.0038     0.0013     0.2492     0.2470     0.4542     0.4442 
Overlap                    0.0000     0.0000     0.0000     0.0000     0.0000     0.0000     0.0000     0.0000     0.0000     0.0000     0.0000     0.0001     0.0000     0.0000     0.0000     0.0000 
Load imbalance             0.0150     0.0417     0.0010     0.0000     0.0189     0.0257     0.0060     0.0112     0.1156     0.1278     0.0382     0.0487     2.0860     2.1915     2.2783     2.2274 
Execution time            10.9826    10.9824    10.9826    10.9867    10.9861    10.9861    10.9855    10.9855    10.9864    10.9855    10.9855    10.9855    10.9799    10.9799    10.9799    10.9799 
User CPU time              7.2601     7.2334     7.2630     7.2642     7.2458     7.2391     7.2581     7.2530     7.1491     7.1368     7.2255     7.2148     5.1906     5.0848     5.0070     5.0578 
Sys. CPU time              0.0192     0.0193     0.0303     0.0301     0.0296     0.0296     0.0302     0.0301     0.0296     0.0298     0.0306     0.0309     0.0177     0.0180     0.0090     0.0091 
Processors                     16         16         16         16         16         16         16         16         16         16         16         16         16         16         16         16 
           Communication          
Reduction                  0.2817     0.3027     0.0005     0.0015     0.0378     0.0408     0.0099     0.0130     0.1235     0.1272     0.0363     0.0398     2.2514     2.3511     2.6378     2.5815 
Shadow                     0.0575     0.0571     0.1731     0.1754     0.1617     0.1646     0.1714     0.1728     0.1735     0.1733     0.1687     0.1682     0.1199     0.1177     0.0385     0.0476 
           Synchronization        
Reduction                  0.0001     0.0001     0.0001     0.0001     0.0001     0.0001     0.0001     0.0001     0.0001     0.0001     0.0001     0.0001     0.0001     0.0000     0.0000     0.0000 
Shadow                     0.2188     0.2189     0.0030     0.0064     0.0206     0.0179     0.0051     0.0080     0.0701     0.0686     0.0018     0.0006     0.2357     0.2311     0.2916     0.2908 
           Variation              
Reduction                  0.0001     0.0001     0.0001     0.0001     0.0001     0.0001     0.0001     0.0001     0.0001     0.0001     0.0001     0.0001     0.0001     0.0001     0.0001     0.0000 
Shadow                     0.2765     0.2767     0.0015     0.0049     0.0321     0.0291     0.0064     0.0063     0.0160     0.0151     0.0037     0.0012     0.2491     0.2470     0.4541     0.4442 
           Overlap                
Reduction                  0.0000     0.0000     0.0000     0.0000     0.0000     0.0000     0.0000     0.0000     0.0000     0.0000     0.0000     0.0000     0.0000     0.0000     0.0000     0.0000 
Shadow                     0.0000     0.0000     0.0000     0.0000     0.0000     0.0000     0.0000     0.0000     0.0000     0.0000     0.0000     0.0001     0.0000     0.0000     0.0000     0.0000 


-------------------------------------------------------------------------
INTERVAL ( NLINE=42 SOURCE=jac3d.c ) LEVEL=1 SEQ EXE_COUNT=1
--- The main characteristics --- 
Parallelization efficiency      0.8467 
Execution time                  7.5009 
Processors                          16
Threads amount                      16
Total time                    120.0148
Productive time               101.6112 ( CPU= 101.2674 Sys= 0.3438 I/O= 0.0000 )
Lost  time                     18.4036 
   Insufficient parallelism     5.3146 ( User= 0.1573 Sys= 5.1573 )
   Communication               12.9776 ( Real_sync= 0.0000 Starts= 0.0000 )
   Idle time                    0.1114
Load imbalance                  8.9205
Synchronization                 1.6903
Time variation                  2.0656
Overlap                         0.0002
                  Nop   Communic    Synchro  Variation    Overlap 
Reduction          20    10.8365     0.0015     0.0015     0.0000 
Shadow             20     2.1411     1.6889     2.0641     0.0001 
--- The comparative characteristics --- 
                              Tmin N proc      Tmax N proc      Tmid
Lost time                   0.5927     4     2.8019    15     1.1502 
User insufficient par.      0.0074     3     0.0139     2     0.0098 
Sys.insufficient par.       0.0932    15     0.4156    12     0.3223 
Idle time                   0.0000    13     0.0224    15     0.0070 
Communication               0.1737     3     2.6763    15     0.8111 
Synchronization             0.0007    12     0.2916    15     0.1056 
Variation                   0.0013    12     0.4542    15     0.1291 
Overlap                     0.0000     1     0.0001    12     0.0000 
Load imbalance              0.0000     4     2.2092    15     0.5575 
Execution time              7.4785    15     7.5009    13     7.4940 
User CPU time               4.6928    15     6.8813     4     6.3292 
Sys. CPU time               0.0062    15     0.0277    12     0.0215 
Processors                      16     1         16    16         16 
                      Communic          Synchro        Variation          Overlap  
Reduction       Tmin    0.0005     3     0.0000    16     0.0000    16     0.0000     1 
Reduction       Tmax    2.6378    15     0.0001     3     0.0001     8     0.0000    16 
Reduction       Tmid    0.6773           0.0001           0.0001           0.0000       
Shadow          Tmin    0.0385    15     0.0006    12     0.0012    12     0.0000     1 
Shadow          Tmax    0.1754     4     0.2916    15     0.4541    15     0.0001    12 
Shadow          Tmid    0.1338           0.1056           0.1290           0.0000       
--- The execution characteristics --- 
                                1          2          3          4          5          6          7          8          9         10         11         12         13         14         15         16 
Lost time                  0.6040     0.6312     0.5941     0.5927     0.6076     0.6149     0.5979     0.6039     0.7036     0.7156     0.6295     0.6402     2.6050     2.7107     2.8019     2.7507 
User insufficient par.     0.0107     0.0139     0.0074     0.0077     0.0097     0.0114     0.0076     0.0096     0.0078     0.0122     0.0089     0.0122     0.0103     0.0097     0.0101     0.0082 
Sys.insufficient par.      0.2412     0.2431     0.4078     0.4033     0.3969     0.3961     0.4050     0.4036     0.3959     0.3994     0.4113     0.4156     0.2233     0.2284     0.0932     0.0932 
Idle time                  0.0129     0.0143     0.0053     0.0048     0.0014     0.0020     0.0040     0.0049     0.0030     0.0035     0.0042     0.0044     0.0000     0.0039     0.0224     0.0202 
Communication              0.3392     0.3598     0.1737     0.1769     0.1996     0.2054     0.1812     0.1858     0.2970     0.3005     0.2050     0.2080     2.3713     2.4688     2.6763     2.6291 
Synchronization            0.2189     0.2190     0.0031     0.0065     0.0208     0.0180     0.0052     0.0081     0.0702     0.0687     0.0019     0.0007     0.2358     0.2311     0.2916     0.2908 
Variation                  0.2766     0.2768     0.0017     0.0050     0.0322     0.0292     0.0066     0.0064     0.0161     0.0152     0.0038     0.0013     0.2492     0.2470     0.4542     0.4442 
Overlap                    0.0000     0.0000     0.0000     0.0000     0.0000     0.0000     0.0000     0.0000     0.0000     0.0000     0.0000     0.0001     0.0000     0.0000     0.0000     0.0000 
Load imbalance             0.0113     0.0385     0.0015     0.0000     0.0149     0.0222     0.0052     0.0112     0.1109     0.1230     0.0368     0.0475     2.0123     2.1180     2.2092     2.1581 
Execution time             7.4881     7.4866     7.4956     7.4961     7.4995     7.4989     7.4969     7.4960     7.4979     7.4974     7.4967     7.4965     7.5009     7.4970     7.4785     7.4807 
User CPU time              6.8808     6.8536     6.8796     6.8813     6.8668     6.8597     6.8760     6.8701     6.7709     6.7586     6.8440     6.8330     4.8811     4.7750     4.6928     4.7440 
Sys. CPU time              0.0161     0.0162     0.0272     0.0269     0.0265     0.0264     0.0270     0.0269     0.0264     0.0266     0.0274     0.0277     0.0149     0.0152     0.0062     0.0062 
Processors                     16         16         16         16         16         16         16         16         16         16         16         16         16         16         16         16 
           Communication          
Reduction                  0.2817     0.3027     0.0005     0.0015     0.0378     0.0408     0.0099     0.0130     0.1235     0.1272     0.0363     0.0398     2.2514     2.3511     2.6378     2.5815 
Shadow                     0.0575     0.0571     0.1731     0.1754     0.1617     0.1646     0.1714     0.1728     0.1735     0.1733     0.1687     0.1682     0.1199     0.1177     0.0385     0.0476 
           Synchronization        
Reduction                  0.0001     0.0001     0.0001     0.0001     0.0001     0.0001     0.0001     0.0001     0.0001     0.0001     0.0001     0.0001     0.0001     0.0000     0.0000     0.0000 
Shadow                     0.2188     0.2189     0.0030     0.0064     0.0206     0.0179     0.0051     0.0080     0.0701     0.0686     0.0018     0.0006     0.2357     0.2311     0.2916     0.2908 
           Variation              
Reduction                  0.0001     0.0001     0.0001     0.0001     0.0001     0.0001     0.0001     0.0001     0.0001     0.0001     0.0001     0.0001     0.0001     0.0001     0.0001     0.0000 
Shadow                     0.2765     0.2767     0.0015     0.0049     0.0321     0.0291     0.0064     0.0063     0.0160     0.0151     0.0037     0.0012     0.2491     0.2470     0.4541     0.4442 
           Overlap                
Reduction                  0.0000     0.0000     0.0000     0.0000     0.0000     0.0000     0.0000     0.0000     0.0000     0.0000     0.0000     0.0000     0.0000     0.0000     0.0000     0.0000 
Shadow                     0.0000     0.0000     0.0000     0.0000     0.0000     0.0000     0.0000     0.0000     0.0000     0.0000     0.0000     0.0001     0.0000     0.0000     0.0000     0.0000 


-------------------------------------------------------------------------
Name (number) and performance time of processors
DVM(1) 1.028908
DVM(2) 1.028770
DVM(3) 1.028537
DVM(4) 1.028553
DVM(5) 1.028841
DVM(6) 1.028842
DVM(7) 1.029139
DVM(8) 1.029148
DVM(9) 1.028719
DVM(10) 1.028695
DVM(11) 1.028551
DVM(12) 1.028540
DVM(13) 1.028967
DVM(14) 1.028953
DVM(15) 1.029126
DVM(16) 1.029117
min - DVM(3) 1.028537; max - DVM(8) 1.029148; mid - 1.028838
