Processor system=2*1*7
Statistics has been accumulated on DVM-system version 5.0, platform DVM
Analyzer is executing on DVM-system version 5.0, platform DVM
-------------------------------------------------------------------------
INTERVAL ( NLINE=20 SOURCE=jac3d.c ) LEVEL=0  EXE_COUNT=1
--- The main characteristics --- 
Parallelization efficiency      0.5243 
Execution time                  9.4411 
Processors                          14
Threads amount                      14
Total time                    132.1751
Productive time                69.3050 ( CPU= 68.2487 Sys= 1.0563 I/O= 0.0000 )
Lost  time                     62.8701 
   Insufficient parallelism    49.1399 ( User= 35.4075 Sys= 13.7324 )
   Communication               13.7049 ( Real_sync= 0.0000 Starts= 0.0000 )
   Idle time                    0.0253
Load imbalance                  9.8263
Synchronization                 5.0723
Time variation                 11.6248
Overlap                         0.0002
                  Nop   Communic    Synchro  Variation    Overlap 
Reduction          20    11.7659     0.0013     0.0013     0.0000 
Shadow             20     1.9390     5.0710    11.6235     0.0001 
--- The comparative characteristics --- 
                              Tmin N proc      Tmax N proc      Tmid
Lost time                   3.7888     8     5.1663    14     4.4907 
User insufficient par.      2.4975     6     2.5733     1     2.5291 
Sys.insufficient par.       0.3158    14     1.8035     2     0.9809 
Idle time                   0.0000     5     0.0035    12     0.0018 
Communication               0.0931     6     2.2793    14     0.9789 
Synchronization             0.0003     2     0.6930    14     0.3623 
Variation                   0.0001     2     1.6138     1     0.8303 
Overlap                     0.0000     3     0.0001     2     0.0000 
Load imbalance              0.0000     8     1.3775    14     0.7019 
Execution time              9.4376    12     9.4411     5     9.4393 
User CPU time               4.2505    14     5.6188     8     4.8749 
Sys. CPU time               0.0243    14     0.1387     2     0.0755 
Processors                      14     1         14    14         14 
                      Communic          Synchro        Variation          Overlap  
Reduction       Tmin    0.0044     3     0.0001     8     0.0001     8     0.0000     2 
Reduction       Tmax    2.0728    14     0.0001     3     0.0001     5     0.0000     8 
Reduction       Tmid    0.8404           0.0001           0.0001           0.0000       
Shadow          Tmin    0.0242     8     0.0002     2     0.0000     2     0.0000     1 
Shadow          Tmax    0.5212     7     0.6930    14     1.6137     1     0.0001     2 
Shadow          Tmid    0.1385           0.3622           0.8302           0.0000       
--- The execution characteristics --- 
                                1          2          3          4          5          6          7          8          9         10         11         12         13         14 
Lost time                  4.1982     4.4937     4.3209     4.3034     4.3299     4.3025     4.1303     3.7888     4.7941     4.7113     4.8055     4.7212     4.8038     5.1663 
User insufficient par.     2.5733     2.5144     2.4984     2.4997     2.4985     2.4975     2.5225     2.5395     2.5380     2.5362     2.5425     2.5387     2.5406     2.5677 
Sys.insufficient par.      0.3467     1.8035     1.7239     1.7077     1.7255     1.7107     0.6762     0.4342     0.6633     0.6522     0.6503     0.6590     0.6635     0.3158 
Idle time                  0.0016     0.0004     0.0004     0.0020     0.0000     0.0012     0.0000     0.0008     0.0035     0.0035     0.0027     0.0035     0.0023     0.0035 
Communication              1.2767     0.1754     0.0982     0.0941     0.1059     0.0931     0.9316     0.8144     1.5894     1.5195     1.6100     1.5200     1.5974     2.2793 
Synchronization            0.6144     0.0003     0.0302     0.0587     0.0240     0.0492     0.6089     0.5975     0.4749     0.4842     0.4831     0.4802     0.4738     0.6930 
Variation                  1.6138     0.0001     0.0852     0.1165     0.0752     0.1056     0.7667     1.5247     1.1253     1.1785     1.1990     1.1761     1.1946     1.4636 
Overlap                    0.0000     0.0001     0.0000     0.0000     0.0000     0.0000     0.0000     0.0000     0.0000     0.0000     0.0000     0.0000     0.0000     0.0000 
Load imbalance             0.4094     0.7049     0.5321     0.5146     0.5411     0.5137     0.3414     0.0000     1.0053     0.9225     1.0166     0.9323     1.0149     1.3775 
Execution time             9.4395     9.4407     9.4407     9.4391     9.4411     9.4399     9.4411     9.4403     9.4376     9.4376     9.4384     9.4376     9.4388     9.4376 
User CPU time              5.2162     4.8086     4.9875     5.0063     4.9784     5.0069     5.2588     5.6188     4.5959     4.6796     4.5856     4.6692     4.5863     4.2505 
Sys. CPU time              0.0267     0.1387     0.1326     0.1314     0.1327     0.1316     0.0520     0.0334     0.0510     0.0502     0.0500     0.0507     0.0510     0.0243 
Processors                     14         14         14         14         14         14         14         14         14         14         14         14         14         14 
           Communication          
Reduction                  1.2497     0.0705     0.0044     0.0101     0.0072     0.0046     0.4104     0.7902     1.4034     1.3795     1.4901     1.3871     1.4859     2.0728 
Shadow                     0.0270     0.1049     0.0938     0.0840     0.0986     0.0886     0.5212     0.0242     0.1860     0.1399     0.1199     0.1329     0.1115     0.2065 
           Synchronization        
Reduction                  0.0001     0.0001     0.0001     0.0001     0.0001     0.0001     0.0001     0.0001     0.0001     0.0001     0.0001     0.0001     0.0001     0.0001 
Shadow                     0.6143     0.0002     0.0300     0.0586     0.0238     0.0491     0.6088     0.5974     0.4748     0.4841     0.4830     0.4801     0.4738     0.6930 
           Variation              
Reduction                  0.0001     0.0001     0.0001     0.0001     0.0001     0.0001     0.0001     0.0001     0.0001     0.0001     0.0001     0.0001     0.0001     0.0001 
Shadow                     1.6137     0.0000     0.0850     0.1164     0.0750     0.1055     0.7666     1.5247     1.1252     1.1784     1.1989     1.1760     1.1945     1.4635 
           Overlap                
Reduction                  0.0000     0.0000     0.0000     0.0000     0.0000     0.0000     0.0000     0.0000     0.0000     0.0000     0.0000     0.0000     0.0000     0.0000 
Shadow                     0.0000     0.0001     0.0000     0.0000     0.0000     0.0000     0.0000     0.0000     0.0000     0.0000     0.0000     0.0000     0.0000     0.0000 


-------------------------------------------------------------------------
INTERVAL ( NLINE=42 SOURCE=jac3d.c ) LEVEL=1 SEQ EXE_COUNT=1
--- The main characteristics --- 
Parallelization efficiency      0.6998 
Execution time                  6.5582 
Processors                          14
Threads amount                      14
Total time                     91.8148
Productive time                64.2524 ( CPU= 63.2435 Sys= 1.0089 I/O= 0.0000 )
Lost  time                     27.5624 
   Insufficient parallelism    13.2635 ( User= 0.1472 Sys= 13.1163 )
   Communication               13.7049 ( Real_sync= 0.0000 Starts= 0.0000 )
   Idle time                    0.5940
Load imbalance                  9.2985
Synchronization                 5.0723
Time variation                 11.6248
Overlap                         0.0002
                  Nop   Communic    Synchro  Variation    Overlap 
Reduction          20    11.7659     0.0013     0.0013     0.0000 
Shadow             20     1.9390     5.0710    11.6235     0.0001 
--- The comparative characteristics --- 
                              Tmin N proc      Tmax N proc      Tmid
Lost time                   1.3046     8     2.5957    14     1.9687 
User insufficient par.      0.0067    10     0.0174     8     0.0105 
Sys.insufficient par.       0.2735    14     1.7578     2     0.9369 
Idle time                   0.0000     9     0.1236     1     0.0424 
Communication               0.0931     6     2.2793    14     0.9789 
Synchronization             0.0003     2     0.6930    14     0.3623 
Variation                   0.0001     2     1.6138     1     0.8303 
Overlap                     0.0000     3     0.0001     2     0.0000 
Load imbalance              0.0000     8     1.2912    14     0.6642 
Execution time              6.4346     1     6.5582     9     6.5158 
User CPU time               3.9414    14     5.2238     8     4.5174 
Sys. CPU time               0.0210    14     0.1352     2     0.0721 
Processors                      14     1         14    14         14 
                      Communic          Synchro        Variation          Overlap  
Reduction       Tmin    0.0044     3     0.0001     8     0.0001     8     0.0000     2 
Reduction       Tmax    2.0728    14     0.0001     3     0.0001     5     0.0000     8 
Reduction       Tmid    0.8404           0.0001           0.0001           0.0000       
Shadow          Tmin    0.0242     8     0.0002     2     0.0000     2     0.0000     1 
Shadow          Tmax    0.5212     7     0.6930    14     1.6137     1     0.0001     2 
Shadow          Tmid    0.1385           0.3622           0.8302           0.0000       
--- The execution characteristics --- 
                                1          2          3          4          5          6          7          8          9         10         11         12         13         14 
Lost time                  1.7163     2.0076     1.8381     1.8154     1.8470     1.8156     1.6445     1.3046     2.2198     2.1410     2.2313     2.1521     2.2334     2.5957 
User insufficient par.     0.0148     0.0144     0.0088     0.0099     0.0086     0.0085     0.0165     0.0174     0.0086     0.0067     0.0086     0.0085     0.0074     0.0085 
Sys.insufficient par.      0.3011     1.7578     1.6781     1.6630     1.6796     1.6651     0.6305     0.3884     0.6218     0.6097     0.6089     0.6172     0.6217     0.2735 
Idle time                  0.1236     0.0600     0.0530     0.0484     0.0530     0.0488     0.0659     0.0844     0.0000     0.0052     0.0038     0.0065     0.0070     0.0344 
Communication              1.2767     0.1754     0.0982     0.0941     0.1059     0.0931     0.9316     0.8144     1.5894     1.5195     1.6100     1.5200     1.5974     2.2793 
Synchronization            0.6144     0.0003     0.0302     0.0587     0.0240     0.0492     0.6089     0.5975     0.4749     0.4842     0.4831     0.4802     0.4738     0.6930 
Variation                  1.6138     0.0001     0.0852     0.1165     0.0752     0.1056     0.7667     1.5247     1.1253     1.1785     1.1990     1.1761     1.1946     1.4636 
Overlap                    0.0000     0.0001     0.0000     0.0000     0.0000     0.0000     0.0000     0.0000     0.0000     0.0000     0.0000     0.0000     0.0000     0.0000 
Load imbalance             0.4117     0.7030     0.5336     0.5108     0.5425     0.5110     0.3399     0.0000     0.9152     0.8364     0.9267     0.8476     0.9289     1.2912 
Execution time             6.4346     6.4982     6.5052     6.5098     6.5052     6.5094     6.4923     6.4738     6.5582     6.5530     6.5544     6.5517     6.5512     6.5238 
User CPU time              4.8187     4.4154     4.5910     4.6149     4.5820     4.6146     4.8652     5.2238     4.2906     4.3703     4.2801     4.3586     4.2770     3.9414 
Sys. CPU time              0.0232     0.1352     0.1291     0.1279     0.1292     0.1281     0.0485     0.0299     0.0478     0.0469     0.0468     0.0475     0.0478     0.0210 
Processors                     14         14         14         14         14         14         14         14         14         14         14         14         14         14 
           Communication          
Reduction                  1.2497     0.0705     0.0044     0.0101     0.0072     0.0046     0.4104     0.7902     1.4034     1.3795     1.4901     1.3871     1.4859     2.0728 
Shadow                     0.0270     0.1049     0.0938     0.0840     0.0986     0.0886     0.5212     0.0242     0.1860     0.1399     0.1199     0.1329     0.1115     0.2065 
           Synchronization        
Reduction                  0.0001     0.0001     0.0001     0.0001     0.0001     0.0001     0.0001     0.0001     0.0001     0.0001     0.0001     0.0001     0.0001     0.0001 
Shadow                     0.6143     0.0002     0.0300     0.0586     0.0238     0.0491     0.6088     0.5974     0.4748     0.4841     0.4830     0.4801     0.4738     0.6930 
           Variation              
Reduction                  0.0001     0.0001     0.0001     0.0001     0.0001     0.0001     0.0001     0.0001     0.0001     0.0001     0.0001     0.0001     0.0001     0.0001 
Shadow                     1.6137     0.0000     0.0850     0.1164     0.0750     0.1055     0.7666     1.5247     1.1252     1.1784     1.1989     1.1760     1.1945     1.4635 
           Overlap                
Reduction                  0.0000     0.0000     0.0000     0.0000     0.0000     0.0000     0.0000     0.0000     0.0000     0.0000     0.0000     0.0000     0.0000     0.0000 
Shadow                     0.0000     0.0001     0.0000     0.0000     0.0000     0.0000     0.0000     0.0000     0.0000     0.0000     0.0000     0.0000     0.0000     0.0000 


-------------------------------------------------------------------------
Name (number) and performance time of processors
DVM(1) 1.029121
DVM(2) 1.028991
DVM(3) 1.029329
DVM(4) 1.029322
DVM(5) 1.029404
DVM(6) 1.029317
DVM(7) 1.028629
DVM(8) 1.028598
DVM(9) 1.028581
DVM(10) 1.028583
DVM(11) 1.029425
DVM(12) 1.029398
DVM(13) 1.029452
DVM(14) 1.029432
min - DVM(9) 1.028581; max - DVM(13) 1.029452; mid - 1.029113
