Processor system=2*1*8
Statistics has been accumulated on DVM-system version 5.0, platform DVM
Analyzer is executing on DVM-system version 5.0, platform DVM
-------------------------------------------------------------------------
INTERVAL ( NLINE=20 SOURCE=jac3d.c ) LEVEL=0  EXE_COUNT=1
--- The main characteristics --- 
Parallelization efficiency      0.5101 
Execution time                  9.6433 
Processors                          16
Threads amount                      16
Total time                    154.2936
Productive time                78.7109 ( CPU= 77.5656 Sys= 1.1453 I/O= 0.0000 )
Lost  time                     75.5827 
   Insufficient parallelism    57.8508 ( User= 40.6712 Sys= 17.1796 )
   Communication               17.6772 ( Real_sync= 0.0000 Starts= 0.0000 )
   Idle time                    0.0547
Load imbalance                 10.1215
Synchronization                10.8429
Time variation                 19.6997
Overlap                         0.0003
                  Nop   Communic    Synchro  Variation    Overlap 
Reduction          20    14.4061     0.0010     0.0010     0.0001 
Shadow             20     3.2711    10.8419    19.6987     0.0002 
--- The comparative characteristics --- 
                              Tmin N proc      Tmax N proc      Tmid
Lost time                   4.0913     4     6.0626    16     4.7239 
User insufficient par.      2.5048    11     2.6145     9     2.5419 
Sys.insufficient par.       0.2809    16     2.3206     7     1.0737 
Idle time                   0.0000     8     0.0069    13     0.0034 
Communication               0.1293     7     3.1664    16     1.1048 
Synchronization             0.0001     7     1.0898    16     0.6777 
Variation                   0.0001     7     2.1745     1     1.2312 
Overlap                     0.0000     2     0.0002     7     0.0000 
Load imbalance              0.0000     4     1.9713    16     0.6326 
Execution time              9.6365    13     9.6433     8     9.6399 
User CPU time               3.5620    16     5.4592     4     4.8478 
Sys. CPU time               0.0187    16     0.1547     7     0.0716 
Processors                      16     1         16    16         16 
                      Communic          Synchro        Variation          Overlap  
Reduction       Tmin    0.0011     7     0.0000     3     0.0000     3     0.0000     2 
Reduction       Tmax    2.9688    16     0.0001     7     0.0001     7     0.0000     3 
Reduction       Tmid    0.9004           0.0001           0.0001           0.0000       
Shadow          Tmin    0.0315     1     0.0000     7     0.0000     7     0.0000     1 
Shadow          Tmax    0.9565     8     1.0898    16     2.1744     1     0.0002     7 
Shadow          Tmid    0.2044           0.6776           1.2312           0.0000       
--- The execution characteristics --- 
                                1          2          3          4          5          6          7          8          9         10         11         12         13         14         15         16 
Lost time                  5.0942     4.2327     4.1257     4.0913     4.1190     4.1333     4.9620     4.3515     5.1568     4.4864     4.1361     4.1387     5.4085     5.6681     5.4158     6.0626 
User insufficient par.     2.6135     2.5320     2.5077     2.5129     2.5102     2.5092     2.5105     2.5199     2.6145     2.5274     2.5048     2.5110     2.5523     2.5837     2.5531     2.6085 
Sys.insufficient par.      0.3391     1.3851     1.4018     1.3930     1.4206     1.3981     2.3206     0.7136     0.3391     1.4210     1.3968     1.3938     0.7796     0.5955     0.6009     0.2809 
Idle time                  0.0053     0.0008     0.0015     0.0015     0.0004     0.0015     0.0015     0.0000     0.0061     0.0015     0.0057     0.0015     0.0069     0.0069     0.0069     0.0069 
Communication              2.1363     0.3148     0.2147     0.1840     0.1878     0.2245     0.1293     1.1180     2.1971     0.5365     0.2288     0.2324     2.0697     2.4821     2.2550     3.1664 
Synchronization            1.0168     0.4788     0.5406     0.5229     0.4954     0.5070     0.0001     1.0159     1.0118     0.4453     0.5433     0.5133     0.8981     0.8825     0.8813     1.0898 
Variation                  2.1745     1.0061     0.9940     1.0033     0.9678     0.9947     0.0001     0.8527     2.1720     0.9665     0.9854     0.9987     1.3776     1.8208     1.3204     2.0651 
Overlap                    0.0000     0.0000     0.0000     0.0000     0.0000     0.0000     0.0002     0.0000     0.0000     0.0000     0.0000     0.0000     0.0000     0.0000     0.0000     0.0000 
Load imbalance             1.0029     0.1414     0.0343     0.0000     0.0276     0.0419     0.8706     0.2602     1.0655     0.3951     0.0447     0.0474     1.3172     1.5768     1.3245     1.9713 
Execution time             9.6380     9.6426     9.6419     9.6419     9.6430     9.6419     9.6418     9.6433     9.6372     9.6419     9.6377     9.6418     9.6365     9.6365     9.6365     9.6365 
User CPU time              4.5265     5.3183     5.4242     5.4592     5.4297     5.4169     4.5267     5.2442     4.4639     5.0622     5.4142     5.4117     4.1829     3.9356     4.1875     3.5620 
Sys. CPU time              0.0226     0.0923     0.0935     0.0929     0.0947     0.0932     0.1547     0.0476     0.0226     0.0947     0.0931     0.0929     0.0520     0.0397     0.0401     0.0187 
Processors                     16         16         16         16         16         16         16         16         16         16         16         16         16         16         16         16 
           Communication          
Reduction                  2.1047     0.2076     0.1204     0.0861     0.0860     0.1270     0.0011     0.1615     2.1641     0.4317     0.1199     0.1302     1.7012     2.3606     1.6352     2.9688 
Shadow                     0.0315     0.1072     0.0943     0.0979     0.1018     0.0975     0.1282     0.9565     0.0330     0.1047     0.1089     0.1022     0.3685     0.1215     0.6198     0.1975 
           Synchronization        
Reduction                  0.0001     0.0001     0.0000     0.0001     0.0001     0.0000     0.0001     0.0000     0.0000     0.0001     0.0000     0.0000     0.0001     0.0001     0.0001     0.0000 
Shadow                     1.0167     0.4787     0.5405     0.5228     0.4953     0.5069     0.0000     1.0158     1.0118     0.4452     0.5432     0.5133     0.8980     0.8824     0.8812     1.0898 
           Variation              
Reduction                  0.0001     0.0001     0.0000     0.0001     0.0001     0.0000     0.0001     0.0000     0.0000     0.0001     0.0000     0.0000     0.0001     0.0001     0.0001     0.0000 
Shadow                     2.1744     1.0060     0.9939     1.0032     0.9677     0.9946     0.0000     0.8527     2.1720     0.9665     0.9853     0.9987     1.3776     1.8208     1.3203     2.0650 
           Overlap                
Reduction                  0.0000     0.0000     0.0000     0.0000     0.0000     0.0000     0.0000     0.0000     0.0000     0.0000     0.0000     0.0000     0.0000     0.0000     0.0000     0.0000 
Shadow                     0.0000     0.0000     0.0000     0.0000     0.0000     0.0000     0.0002     0.0000     0.0000     0.0000     0.0000     0.0000     0.0000     0.0000     0.0000     0.0000 


-------------------------------------------------------------------------
INTERVAL ( NLINE=42 SOURCE=jac3d.c ) LEVEL=1 SEQ EXE_COUNT=1
--- The main characteristics --- 
Parallelization efficiency      0.6769 
Execution time                  6.7757 
Processors                          16
Threads amount                      16
Total time                    108.4120
Productive time                73.3817 ( CPU= 72.2863 Sys= 1.0954 I/O= 0.0000 )
Lost  time                     35.0302 
   Insufficient parallelism    16.6234 ( User= 0.1924 Sys= 16.4310 )
   Communication               17.6772 ( Real_sync= 0.0000 Starts= 0.0000 )
   Idle time                    0.7297
Load imbalance                  9.8187
Synchronization                10.8429
Time variation                 19.6997
Overlap                         0.0003
                  Nop   Communic    Synchro  Variation    Overlap 
Reduction          20    14.4061     0.0010     0.0010     0.0001 
Shadow             20     3.2711    10.8419    19.6987     0.0002 
--- The comparative characteristics --- 
                              Tmin N proc      Tmax N proc      Tmid
Lost time                   1.5757     4     3.4777    16     2.1894 
User insufficient par.      0.0084     3     0.0166     7     0.0120 
Sys.insufficient par.       0.2380    16     2.2723     7     1.0269 
Idle time                   0.0000    13     0.1396     9     0.0456 
Communication               0.1293     7     3.1664    16     1.1048 
Synchronization             0.0001     7     1.0898    16     0.6777 
Variation                   0.0001     7     2.1745     1     1.2312 
Overlap                     0.0000     2     0.0002     7     0.0000 
Load imbalance              0.0000     4     1.9020    16     0.6137 
Execution time              6.6361     9     6.7757    13     6.7301 
User CPU time               3.2822    16     5.1104     4     4.5179 
Sys. CPU time               0.0159    16     0.1515     7     0.0685 
Processors                      16     1         16    16         16 
                      Communic          Synchro        Variation          Overlap  
Reduction       Tmin    0.0011     7     0.0000     3     0.0000     3     0.0000     2 
Reduction       Tmax    2.9688    16     0.0001     7     0.0001     7     0.0000     3 
Reduction       Tmid    0.9004           0.0001           0.0001           0.0000       
Shadow          Tmin    0.0315     1     0.0000     7     0.0000     7     0.0000     1 
Shadow          Tmax    0.9565     8     1.0898    16     2.1744     1     0.0002     7 
Shadow          Tmid    0.2044           0.6776           1.2312           0.0000       
--- The execution characteristics --- 
                                1          2          3          4          5          6          7          8          9         10         11         12         13         14         15         16 
Lost time                  2.5797     1.7174     1.6097     1.5757     1.6019     1.6161     2.4437     1.8346     2.6418     1.9696     1.6175     1.6208     2.8186     3.0798     2.8256     3.4777 
User insufficient par.     0.0131     0.0141     0.0084     0.0140     0.0107     0.0098     0.0166     0.0156     0.0124     0.0142     0.0086     0.0115     0.0115     0.0113     0.0121     0.0086 
Sys.insufficient par.      0.2914     1.3363     1.3534     1.3445     1.3721     1.3497     2.2723     0.6652     0.2927     1.3726     1.3491     1.3456     0.7374     0.5525     0.5584     0.2380 
Idle time                  0.1390     0.0522     0.0332     0.0333     0.0313     0.0321     0.0255     0.0358     0.1396     0.0465     0.0310     0.0313     0.0000     0.0339     0.0002     0.0647 
Communication              2.1363     0.3148     0.2147     0.1840     0.1878     0.2245     0.1293     1.1180     2.1971     0.5365     0.2288     0.2324     2.0697     2.4821     2.2550     3.1664 
Synchronization            1.0168     0.4788     0.5406     0.5229     0.4954     0.5070     0.0001     1.0159     1.0118     0.4453     0.5433     0.5133     0.8981     0.8825     0.8813     1.0898 
Variation                  2.1745     1.0061     0.9940     1.0033     0.9678     0.9947     0.0001     0.8527     2.1720     0.9665     0.9854     0.9987     1.3776     1.8208     1.3204     2.0651 
Overlap                    0.0000     0.0000     0.0000     0.0000     0.0000     0.0000     0.0002     0.0000     0.0000     0.0000     0.0000     0.0000     0.0000     0.0000     0.0000     0.0000 
Load imbalance             1.0040     0.1417     0.0339     0.0000     0.0262     0.0404     0.8680     0.2589     1.0660     0.3939     0.0418     0.0450     1.2428     1.5041     1.2499     1.9020 
Execution time             6.6367     6.7235     6.7425     6.7425     6.7444     6.7436     6.7502     6.7399     6.6361     6.7293     6.7448     6.7445     6.7757     6.7418     6.7755     6.7111 
User CPU time              4.1766     4.9693     5.0759     5.1104     5.0824     5.0697     4.1805     4.8968     4.1145     4.7146     5.0683     5.0653     3.9080     3.6591     3.9129     3.2822 
Sys. CPU time              0.0194     0.0891     0.0902     0.0896     0.0915     0.0900     0.1515     0.0443     0.0195     0.0915     0.0899     0.0897     0.0492     0.0368     0.0372     0.0159 
Processors                     16         16         16         16         16         16         16         16         16         16         16         16         16         16         16         16 
           Communication          
Reduction                  2.1047     0.2076     0.1204     0.0861     0.0860     0.1270     0.0011     0.1615     2.1641     0.4317     0.1199     0.1302     1.7012     2.3606     1.6352     2.9688 
Shadow                     0.0315     0.1072     0.0943     0.0979     0.1018     0.0975     0.1282     0.9565     0.0330     0.1047     0.1089     0.1022     0.3685     0.1215     0.6198     0.1975 
           Synchronization        
Reduction                  0.0001     0.0001     0.0000     0.0001     0.0001     0.0000     0.0001     0.0000     0.0000     0.0001     0.0000     0.0000     0.0001     0.0001     0.0001     0.0000 
Shadow                     1.0167     0.4787     0.5405     0.5228     0.4953     0.5069     0.0000     1.0158     1.0118     0.4452     0.5432     0.5133     0.8980     0.8824     0.8812     1.0898 
           Variation              
Reduction                  0.0001     0.0001     0.0000     0.0001     0.0001     0.0000     0.0001     0.0000     0.0000     0.0001     0.0000     0.0000     0.0001     0.0001     0.0001     0.0000 
Shadow                     2.1744     1.0060     0.9939     1.0032     0.9677     0.9946     0.0000     0.8527     2.1720     0.9665     0.9853     0.9987     1.3776     1.8208     1.3203     2.0650 
           Overlap                
Reduction                  0.0000     0.0000     0.0000     0.0000     0.0000     0.0000     0.0000     0.0000     0.0000     0.0000     0.0000     0.0000     0.0000     0.0000     0.0000     0.0000 
Shadow                     0.0000     0.0000     0.0000     0.0000     0.0000     0.0000     0.0002     0.0000     0.0000     0.0000     0.0000     0.0000     0.0000     0.0000     0.0000     0.0000 


-------------------------------------------------------------------------
Name (number) and performance time of processors
DVM(1) 1.028842
DVM(2) 1.028769
DVM(3) 1.028574
DVM(4) 1.028655
DVM(5) 1.028433
DVM(6) 1.028350
DVM(7) 1.028710
DVM(8) 1.028710
DVM(9) 1.028655
DVM(10) 1.028714
DVM(11) 1.028932
DVM(12) 1.028918
DVM(13) 1.029059
DVM(14) 1.029048
DVM(15) 1.028681
DVM(16) 1.028687
min - DVM(6) 1.028350; max - DVM(13) 1.029059; mid - 1.028733
