Processor system=3*7*1
Statistics has been accumulated on DVM-system version 5.0, platform DVM
Analyzer is executing on DVM-system version 5.0, platform DVM
-------------------------------------------------------------------------
INTERVAL ( NLINE=20 SOURCE=jac3d.c ) LEVEL=0  EXE_COUNT=2
--- The main characteristics --- 
Parallelization efficiency      0.5737 
Execution time                 10.4373 
Processors                          21
Threads amount                      21
Total time                    219.1824
Productive time               125.7429 ( CPU= 125.5334 Sys= 0.2096 I/O= 0.0000 )
Lost  time                     93.4394 
   Insufficient parallelism    75.8590 ( User= 71.6679 Sys= 4.1911 )
   Communication               17.5507 ( Real_sync= 0.0000 Starts= 0.0000 )
   Idle time                    0.0298
Load imbalance                  4.0845
Synchronization                11.2765
Time variation                 12.2003
Overlap                         0.0004
                  Nop   Communic    Synchro  Variation    Overlap 
Reduction          21    14.3015     4.9079     4.9095     0.0002 
Shadow             21     3.2492     6.3686     7.2908     0.0002 
--- The comparative characteristics --- 
                              Tmin N proc      Tmax N proc      Tmid
Lost time                   4.2550     4     5.0669     7     4.4495 
User insufficient par.      3.3861    16     3.4411     1     3.4128 
Sys.insufficient par.       0.1332     7     0.2589    12     0.1996 
Idle time                   0.0000    18     0.0019    15     0.0014 
Communication               0.6435     4     1.5012     7     0.8357 
Synchronization             0.3989    10     0.6761     7     0.5370 
Variation                   0.4451    10     0.7566     7     0.5810 
Overlap                     0.0000     1     0.0001    10     0.0000 
Load imbalance              0.0000     4     0.8119     7     0.1945 
Execution time             10.4353    15    10.4373    18    10.4358 
User CPU time               5.3637     7     6.1719     4     5.9778 
Sys. CPU time               0.0067     7     0.0129    12     0.0100 
Processors                      21     1         21    21         21 
                      Communic          Synchro        Variation          Overlap  
Reduction       Tmin    0.4634     4     0.1969    10     0.1969    10     0.0000     1 
Reduction       Tmax    1.4113     7     0.2541    14     0.2542    14     0.0000    10 
Reduction       Tmid    0.6810           0.2337           0.2338           0.0000       
Shadow          Tmin    0.0788     1     0.2020    10     0.2482    10     0.0000     1 
Shadow          Tmax    0.1903    17     0.4222     7     0.5027     7     0.0000    10 
Shadow          Tmid    0.1547           0.3033           0.3472           0.0000       
--- The execution characteristics --- 
                                1          2          3          4          5          6          7          8          9         10         11         12         13         14         15         16         17         18         19         20         21 
Lost time                  4.6291     4.2720     4.4635     4.2550     4.5157     4.3162     5.0669     4.3392     4.3719     4.3229     4.3385     4.3894     4.3447     4.3321     4.6720     4.4476     4.4938     4.5325     4.4539     4.3598     4.5225 
User insufficient par.     3.4411     3.4056     3.4398     3.4032     3.4119     3.4033     3.4308     3.4004     3.4311     3.4168     3.4125     3.4046     3.4091     3.4087     3.4224     3.3861     3.4077     3.4069     3.4141     3.4047     3.4069 
Sys.insufficient par.      0.1425     0.2169     0.2038     0.2067     0.2104     0.2051     0.1332     0.1695     0.2341     0.2338     0.2249     0.2589     0.2530     0.1696     0.1413     0.2279     0.2085     0.2023     0.2062     0.2080     0.1346 
Idle time                  0.0006     0.0016     0.0016     0.0016     0.0018     0.0016     0.0018     0.0018     0.0018     0.0002     0.0016     0.0016     0.0016     0.0016     0.0019     0.0019     0.0011     0.0000     0.0009     0.0016     0.0016 
Communication              1.0449     0.6479     0.8183     0.6435     0.8917     0.7062     1.5012     0.7675     0.7050     0.6721     0.6995     0.7243     0.6810     0.7522     1.1063     0.8316     0.8765     0.9234     0.8327     0.7455     0.9793 
Synchronization            0.6117     0.5276     0.4756     0.4956     0.5101     0.5658     0.6761     0.6129     0.4669     0.3989     0.5020     0.4521     0.4619     0.6351     0.6177     0.5185     0.5313     0.5672     0.5129     0.4750     0.6615 
Variation                  0.7362     0.5768     0.5235     0.5411     0.5567     0.5908     0.7566     0.6797     0.5315     0.4451     0.5335     0.4773     0.4833     0.6921     0.7207     0.5304     0.5496     0.6198     0.5288     0.4901     0.6367 
Overlap                    0.0000     0.0000     0.0000     0.0000     0.0000     0.0000     0.0000     0.0000     0.0000     0.0001     0.0000     0.0000     0.0000     0.0000     0.0000     0.0000     0.0000     0.0000     0.0000     0.0001     0.0000 
Load imbalance             0.3741     0.0170     0.2085     0.0000     0.2607     0.0612     0.8119     0.0842     0.1169     0.0679     0.0835     0.1344     0.0897     0.0771     0.4170     0.1926     0.2388     0.2775     0.1989     0.1048     0.2675 
Execution time            10.4367    10.4357    10.4357    10.4356    10.4355    10.4357    10.4355    10.4355    10.4355    10.4371    10.4356    10.4356    10.4357    10.4357    10.4353    10.4354    10.4362    10.4373    10.4364    10.4356    10.4356 
User CPU time              5.8011     6.1544     5.9635     6.1719     5.9110     6.1108     5.3637     6.0896     6.0536     6.1026     6.0875     6.0349     6.0799     6.0967     5.7582     5.9783     5.9330     5.8946     5.9730     6.0670     5.9080 
Sys. CPU time              0.0071     0.0108     0.0102     0.0103     0.0105     0.0103     0.0067     0.0085     0.0117     0.0117     0.0112     0.0129     0.0126     0.0085     0.0071     0.0114     0.0104     0.0101     0.0103     0.0104     0.0067 
Processors                     21         21         21         21         21         21         21         21         21         21         21         21         21         21         21         21         21         21         21         21         21 
           Communication          
Reduction                  0.9661     0.4911     0.6557     0.4634     0.7428     0.5273     1.4113     0.6404     0.5542     0.4956     0.5142     0.5409     0.5033     0.6346     1.0272     0.6610     0.6862     0.7684     0.6526     0.5749     0.7902 
Shadow                     0.0788     0.1567     0.1626     0.1801     0.1488     0.1789     0.0898     0.1271     0.1508     0.1765     0.1853     0.1834     0.1777     0.1177     0.0792     0.1706     0.1903     0.1550     0.1801     0.1706     0.1891 
           Synchronization        
Reduction                  0.2411     0.2413     0.2105     0.2295     0.2238     0.2539     0.2539     0.2539     0.2261     0.1969     0.2377     0.2266     0.2252     0.2541     0.2342     0.2305     0.2398     0.2541     0.2290     0.2018     0.2439 
Shadow                     0.3706     0.2863     0.2651     0.2661     0.2863     0.3119     0.4222     0.3590     0.2408     0.2020     0.2643     0.2255     0.2367     0.3810     0.3835     0.2880     0.2915     0.3130     0.2839     0.2732     0.4176 
           Variation              
Reduction                  0.2412     0.2414     0.2106     0.2296     0.2239     0.2540     0.2540     0.2540     0.2262     0.1969     0.2377     0.2267     0.2253     0.2542     0.2343     0.2306     0.2399     0.2542     0.2291     0.2018     0.2439 
Shadow                     0.4950     0.3354     0.3129     0.3115     0.3328     0.3368     0.5027     0.4257     0.3053     0.2482     0.2958     0.2506     0.2580     0.4379     0.4864     0.2998     0.3097     0.3656     0.2997     0.2883     0.3927 
           Overlap                
Reduction                  0.0000     0.0000     0.0000     0.0000     0.0000     0.0000     0.0000     0.0000     0.0000     0.0000     0.0000     0.0000     0.0000     0.0000     0.0000     0.0000     0.0000     0.0000     0.0000     0.0000     0.0000 
Shadow                     0.0000     0.0000     0.0000     0.0000     0.0000     0.0000     0.0000     0.0000     0.0000     0.0000     0.0000     0.0000     0.0000     0.0000     0.0000     0.0000     0.0000     0.0000     0.0000     0.0000     0.0000 


-------------------------------------------------------------------------
INTERVAL ( NLINE=42 SOURCE=jac3d.c ) LEVEL=1 SEQ EXE_COUNT=2
--- The main characteristics --- 
Parallelization efficiency      0.8444 
Execution time                  6.7111 
Processors                          21
Threads amount                      21
Total time                    140.9335
Productive time               119.0054 ( CPU= 118.8464 Sys= 0.1590 I/O= 0.0000 )
Lost  time                     21.9281 
   Insufficient parallelism     3.5810 ( User= 0.4004 Sys= 3.1806 )
   Communication               17.5507 ( Real_sync= 0.0000 Starts= 0.0000 )
   Idle time                    0.7964
Load imbalance                  4.4199
Synchronization                11.2765
Time variation                 12.2003
Overlap                         0.0004
                  Nop   Communic    Synchro  Variation    Overlap 
Reduction          21    14.3015     4.9079     4.9095     0.0002 
Shadow             21     3.2492     6.3686     7.2908     0.0002 
--- The comparative characteristics --- 
                              Tmin N proc      Tmax N proc      Tmid
Lost time                   0.8337     4     1.6497     7     1.0442 
User insufficient par.      0.0148    17     0.0476     3     0.0191 
Sys.insufficient par.       0.0849     7     0.2091    12     0.1515 
Idle time                   0.0000    16     0.2048    15     0.0379 
Communication               0.6435     4     1.5012     7     0.8357 
Synchronization             0.3989    10     0.6761     7     0.5370 
Variation                   0.4451    10     0.7566     7     0.5810 
Overlap                     0.0000     1     0.0001    10     0.0000 
Load imbalance              0.0000     4     0.8160     7     0.2105 
Execution time              6.5063    15     6.7111    16     6.6732 
User CPU time               5.0571     7     5.8695     4     5.6594 
Sys. CPU time               0.0042     7     0.0105    12     0.0076 
Processors                      21     1         21    21         21 
                      Communic          Synchro        Variation          Overlap  
Reduction       Tmin    0.4634     4     0.1969    10     0.1969    10     0.0000     1 
Reduction       Tmax    1.4113     7     0.2541    14     0.2542    14     0.0000    10 
Reduction       Tmid    0.6810           0.2337           0.2338           0.0000       
Shadow          Tmin    0.0788     1     0.2020    10     0.2482    10     0.0000     1 
Shadow          Tmax    0.1903    17     0.4222     7     0.5027     7     0.0000    10 
Shadow          Tmid    0.1547           0.3033           0.3472           0.0000       
--- The execution characteristics --- 
                                1          2          3          4          5          6          7          8          9         10         11         12         13         14         15         16         17         18         19         20         21 
Lost time                  1.2082     0.8509     1.0450     0.8337     1.0999     0.8945     1.6497     0.9192     1.0644     0.9058     0.9260     0.9704     0.9239     0.9166     1.4182     1.0275     1.0784     1.1126     1.0376     0.9392     1.1061 
User insufficient par.     0.0465     0.0171     0.0476     0.0175     0.0153     0.0163     0.0162     0.0170     0.0167     0.0170     0.0162     0.0165     0.0151     0.0154     0.0156     0.0174     0.0148     0.0157     0.0156     0.0159     0.0151 
Sys.insufficient par.      0.0908     0.1682     0.1546     0.1573     0.1609     0.1576     0.0849     0.1224     0.1876     0.1895     0.1751     0.2091     0.2056     0.1197     0.0916     0.1785     0.1589     0.1533     0.1680     0.1618     0.0850 
Idle time                  0.0260     0.0177     0.0245     0.0154     0.0321     0.0144     0.0475     0.0123     0.1550     0.0272     0.0351     0.0205     0.0222     0.0293     0.2048     0.0000     0.0282     0.0203     0.0213     0.0159     0.0267 
Communication              1.0449     0.6479     0.8183     0.6435     0.8917     0.7062     1.5012     0.7675     0.7050     0.6721     0.6995     0.7243     0.6810     0.7522     1.1063     0.8316     0.8765     0.9234     0.8327     0.7455     0.9793 
Synchronization            0.6117     0.5276     0.4756     0.4956     0.5101     0.5658     0.6761     0.6129     0.4669     0.3989     0.5020     0.4521     0.4619     0.6351     0.6177     0.5185     0.5313     0.5672     0.5129     0.4750     0.6615 
Variation                  0.7362     0.5768     0.5235     0.5411     0.5567     0.5908     0.7566     0.6797     0.5315     0.4451     0.5335     0.4773     0.4833     0.6921     0.7207     0.5304     0.5496     0.6198     0.5288     0.4901     0.6367 
Overlap                    0.0000     0.0000     0.0000     0.0000     0.0000     0.0000     0.0000     0.0000     0.0000     0.0001     0.0000     0.0000     0.0000     0.0000     0.0000     0.0000     0.0000     0.0000     0.0000     0.0001     0.0000 
Load imbalance             0.3744     0.0172     0.2113     0.0000     0.2662     0.0608     0.8160     0.0855     0.2306     0.0721     0.0922     0.1367     0.0902     0.0829     0.5845     0.1938     0.2447     0.2789     0.2038     0.1055     0.2724 
Execution time             6.6851     6.6934     6.6866     6.6957     6.6790     6.6967     6.6636     6.6988     6.5561     6.6839     6.6761     6.6906     6.6889     6.6818     6.5063     6.7111     6.6829     6.6909     6.6898     6.6952     6.6845 
User CPU time              5.4984     5.8518     5.6584     5.8695     5.6031     5.8087     5.0571     5.7858     5.6374     5.7959     5.7764     5.7302     5.7769     5.7885     5.2883     5.6747     5.6247     5.5908     5.6652     5.7638     5.6008 
Sys. CPU time              0.0045     0.0084     0.0077     0.0079     0.0080     0.0079     0.0042     0.0061     0.0094     0.0095     0.0088     0.0105     0.0103     0.0060     0.0046     0.0089     0.0079     0.0077     0.0084     0.0081     0.0043 
Processors                     21         21         21         21         21         21         21         21         21         21         21         21         21         21         21         21         21         21         21         21         21 
           Communication          
Reduction                  0.9661     0.4911     0.6557     0.4634     0.7428     0.5273     1.4113     0.6404     0.5542     0.4956     0.5142     0.5409     0.5033     0.6346     1.0272     0.6610     0.6862     0.7684     0.6526     0.5749     0.7902 
Shadow                     0.0788     0.1567     0.1626     0.1801     0.1488     0.1789     0.0898     0.1271     0.1508     0.1765     0.1853     0.1834     0.1777     0.1177     0.0792     0.1706     0.1903     0.1550     0.1801     0.1706     0.1891 
           Synchronization        
Reduction                  0.2411     0.2413     0.2105     0.2295     0.2238     0.2539     0.2539     0.2539     0.2261     0.1969     0.2377     0.2266     0.2252     0.2541     0.2342     0.2305     0.2398     0.2541     0.2290     0.2018     0.2439 
Shadow                     0.3706     0.2863     0.2651     0.2661     0.2863     0.3119     0.4222     0.3590     0.2408     0.2020     0.2643     0.2255     0.2367     0.3810     0.3835     0.2880     0.2915     0.3130     0.2839     0.2732     0.4176 
           Variation              
Reduction                  0.2412     0.2414     0.2106     0.2296     0.2239     0.2540     0.2540     0.2540     0.2262     0.1969     0.2377     0.2267     0.2253     0.2542     0.2343     0.2306     0.2399     0.2542     0.2291     0.2018     0.2439 
Shadow                     0.4950     0.3354     0.3129     0.3115     0.3328     0.3368     0.5027     0.4257     0.3053     0.2482     0.2958     0.2506     0.2580     0.4379     0.4864     0.2998     0.3097     0.3656     0.2997     0.2883     0.3927 
           Overlap                
Reduction                  0.0000     0.0000     0.0000     0.0000     0.0000     0.0000     0.0000     0.0000     0.0000     0.0000     0.0000     0.0000     0.0000     0.0000     0.0000     0.0000     0.0000     0.0000     0.0000     0.0000     0.0000 
Shadow                     0.0000     0.0000     0.0000     0.0000     0.0000     0.0000     0.0000     0.0000     0.0000     0.0000     0.0000     0.0000     0.0000     0.0000     0.0000     0.0000     0.0000     0.0000     0.0000     0.0000     0.0000 


-------------------------------------------------------------------------
Name (number) and performance time of processors
DVM(1) 2.438723
DVM(2) 1.028644
DVM(3) 1.032294
DVM(4) 1.028494
DVM(5) 1.029457
DVM(6) 1.029413
DVM(7) 1.029191
DVM(8) 1.029081
DVM(9) 1.029043
DVM(10) 1.029007
DVM(11) 1.029258
DVM(12) 1.029278
DVM(13) 1.029240
DVM(14) 1.029324
DVM(15) 1.029034
DVM(16) 1.029014
DVM(17) 1.028603
DVM(18) 1.029321
DVM(19) 1.035824
DVM(20) 1.028870
DVM(21) 2.436719
min - DVM(4) 1.028494; max - DVM(1) 2.438723; mid - 1.163706
