Processor system=5*4*1
Statistics has been accumulated on DVM-system version 5.0, platform DVM
Analyzer is executing on DVM-system version 5.0, platform DVM
-------------------------------------------------------------------------
INTERVAL ( NLINE=20 SOURCE=jac3d.c ) LEVEL=0  EXE_COUNT=2
--- The main characteristics --- 
Parallelization efficiency      0.7106 
Execution time                 10.3812 
Processors                          20
Threads amount                      20
Total time                    207.6248
Productive time               147.5296 ( CPU= 147.3226 Sys= 0.2070 I/O= 0.0000 )
Lost  time                     60.0952 
   Insufficient parallelism    54.1350 ( User= 50.2016 Sys= 3.9334 )
   Communication                5.9146 ( Real_sync= 0.0000 Starts= 0.0000 )
   Idle time                    0.0456
Load imbalance                  4.5629
Synchronization                 1.5756
Time variation                  1.7040
Overlap                         0.0003
                  Nop   Communic    Synchro  Variation    Overlap 
Reduction          21     4.0704     0.0021     0.0020     0.0001 
Shadow             21     1.8442     1.5735     1.7021     0.0002 
--- The comparative characteristics --- 
                              Tmin N proc      Tmax N proc      Tmid
Lost time                   2.7766     4     3.3085    20     3.0048 
User insufficient par.      2.4995    11     2.5376     1     2.5101 
Sys.insufficient par.       0.1260    20     0.2429     7     0.1967 
Idle time                   0.0000     6     0.0040    20     0.0023 
Communication               0.0853     1     0.6552    20     0.2957 
Synchronization             0.0004     6     0.1581    20     0.0788 
Variation                   0.0018     6     0.1788     4     0.0852 
Overlap                     0.0000     1     0.0002     6     0.0000 
Load imbalance              0.0000     4     0.5319    20     0.2281 
Execution time             10.3772    20    10.3812     6    10.3790 
User CPU time               7.0644    19     7.5975     4     7.3661 
Sys. CPU time               0.0066    20     0.0128     7     0.0104 
Processors                      20     1         20    20         20 
                      Communic          Synchro        Variation          Overlap  
Reduction       Tmin    0.0045    12     0.0000    20     0.0000    20     0.0000     1 
Reduction       Tmax    0.5791    20     0.0002    14     0.0002    12     0.0000    20 
Reduction       Tmid    0.2035           0.0001           0.0001           0.0000       
Shadow          Tmin    0.0591     1     0.0003     6     0.0017     6     0.0000     1 
Shadow          Tmax    0.1286     6     0.1581    20     0.1787     4     0.0002     6 
Shadow          Tmid    0.0922           0.0787           0.0851           0.0000       
--- The execution characteristics --- 
                                1          2          3          4          5          6          7          8          9         10         11         12         13         14         15         16         17         18         19         20 
Lost time                  2.7778     2.8250     2.8130     2.7766     2.9832     2.9569     2.9731     3.3003     3.2786     3.2167     2.8709     2.8100     2.8215     2.8715     3.0167     2.9471     2.9657     3.2744     3.3074     3.3085 
User insufficient par.     2.5376     2.5009     2.5036     2.5042     2.5118     2.5055     2.5088     2.5163     2.5116     2.5143     2.4995     2.5036     2.5006     2.5044     2.5042     2.5068     2.5125     2.5129     2.5192     2.5233 
Sys.insufficient par.      0.1546     0.2042     0.2046     0.1350     0.1996     0.2419     0.2429     0.1804     0.1961     0.2303     0.2368     0.1954     0.2020     0.2378     0.2391     0.1871     0.1529     0.1865     0.1803     0.1260 
Idle time                  0.0004     0.0017     0.0004     0.0022     0.0040     0.0000     0.0014     0.0006     0.0040     0.0033     0.0033     0.0020     0.0012     0.0030     0.0040     0.0040     0.0009     0.0028     0.0025     0.0040 
Communication              0.0853     0.1182     0.1044     0.1351     0.2678     0.2096     0.2201     0.6030     0.5669     0.4687     0.1313     0.1091     0.1177     0.1263     0.2694     0.2492     0.2995     0.5723     0.6054     0.6552 
Synchronization            0.1242     0.0725     0.0789     0.1490     0.0673     0.0004     0.0232     0.0953     0.0877     0.0453     0.0258     0.0817     0.0660     0.0295     0.0191     0.0913     0.1534     0.0994     0.1077     0.1581 
Variation                  0.1643     0.0857     0.0942     0.1788     0.0807     0.0018     0.0228     0.0986     0.1033     0.0376     0.0221     0.0736     0.0798     0.0254     0.0152     0.0849     0.1522     0.1017     0.1040     0.1775 
Overlap                    0.0000     0.0000     0.0000     0.0000     0.0000     0.0002     0.0000     0.0000     0.0000     0.0000     0.0000     0.0000     0.0000     0.0000     0.0000     0.0000     0.0000     0.0000     0.0000     0.0000 
Load imbalance             0.0012     0.0483     0.0364     0.0000     0.2066     0.1803     0.1965     0.5237     0.5020     0.4400     0.0943     0.0334     0.0449     0.0949     0.2401     0.1705     0.1891     0.4978     0.5308     0.5319 
Execution time            10.3808    10.3795    10.3809    10.3790    10.3773    10.3812    10.3798    10.3806    10.3773    10.3779    10.3779    10.3793    10.3801    10.3782    10.3772    10.3773    10.3803    10.3785    10.3788    10.3772 
User CPU time              7.5953     7.5455     7.5575     7.5975     7.3875     7.4116     7.3953     7.0714     7.0923     7.1525     7.4979     7.5609     7.5491     7.4972     7.3519     7.4243     7.4075     7.0970     7.0644     7.0661 
Sys. CPU time              0.0081     0.0107     0.0108     0.0071     0.0105     0.0127     0.0128     0.0095     0.0103     0.0121     0.0125     0.0103     0.0106     0.0125     0.0126     0.0098     0.0080     0.0098     0.0095     0.0066 
Processors                     20         20         20         20         20         20         20         20         20         20         20         20         20         20         20         20         20         20         20         20 
           Communication          
Reduction                  0.0262     0.0339     0.0283     0.0705     0.1751     0.0810     0.1141     0.5062     0.4924     0.3621     0.0190     0.0045     0.0254     0.0228     0.1553     0.1504     0.2253     0.4860     0.5128     0.5791 
Shadow                     0.0591     0.0843     0.0761     0.0646     0.0927     0.1286     0.1060     0.0968     0.0745     0.1066     0.1123     0.1046     0.0923     0.1035     0.1141     0.0989     0.0742     0.0862     0.0926     0.0761 
           Synchronization        
Reduction                  0.0002     0.0001     0.0002     0.0001     0.0001     0.0001     0.0001     0.0001     0.0001     0.0001     0.0002     0.0002     0.0002     0.0002     0.0001     0.0001     0.0000     0.0001     0.0001     0.0000 
Shadow                     0.1240     0.0723     0.0787     0.1489     0.0672     0.0003     0.0231     0.0953     0.0876     0.0453     0.0256     0.0815     0.0658     0.0294     0.0190     0.0912     0.1533     0.0993     0.1077     0.1581 
           Variation              
Reduction                  0.0001     0.0001     0.0002     0.0001     0.0001     0.0001     0.0001     0.0001     0.0001     0.0001     0.0002     0.0002     0.0001     0.0002     0.0001     0.0001     0.0000     0.0001     0.0001     0.0000 
Shadow                     0.1642     0.0855     0.0940     0.1787     0.0806     0.0017     0.0227     0.0986     0.1032     0.0375     0.0219     0.0735     0.0796     0.0253     0.0151     0.0848     0.1521     0.1016     0.1039     0.1775 
           Overlap                
Reduction                  0.0000     0.0000     0.0000     0.0000     0.0000     0.0000     0.0000     0.0000     0.0000     0.0000     0.0000     0.0000     0.0000     0.0000     0.0000     0.0000     0.0000     0.0000     0.0000     0.0000 
Shadow                     0.0000     0.0000     0.0000     0.0000     0.0000     0.0002     0.0000     0.0000     0.0000     0.0000     0.0000     0.0000     0.0000     0.0000     0.0000     0.0000     0.0000     0.0000     0.0000     0.0000 


-------------------------------------------------------------------------
INTERVAL ( NLINE=42 SOURCE=jac3d.c ) LEVEL=1 SEQ EXE_COUNT=2
--- The main characteristics --- 
Parallelization efficiency      0.9387 
Execution time                  7.5643 
Processors                          20
Threads amount                      20
Total time                    151.2864
Productive time               142.0052 ( CPU= 141.8520 Sys= 0.1532 I/O= 0.0000 )
Lost  time                      9.2812 
   Insufficient parallelism     3.2201 ( User= 0.3102 Sys= 2.9099 )
   Communication                5.9146 ( Real_sync= 0.0000 Starts= 0.0000 )
   Idle time                    0.1466
Load imbalance                  4.5795
Synchronization                 1.5756
Time variation                  1.7040
Overlap                         0.0003
                  Nop   Communic    Synchro  Variation    Overlap 
Reduction          21     4.0704     0.0021     0.0020     0.0001 
Shadow             21     1.8442     1.5735     1.7021     0.0002 
--- The comparative characteristics --- 
                              Tmin N proc      Tmax N proc      Tmid
Lost time                   0.2351     4     0.7696    20     0.4641 
User insufficient par.      0.0107     9     0.0481     1     0.0155 
Sys.insufficient par.       0.0744    20     0.1920     7     0.1455 
Idle time                   0.0000     1     0.0233    20     0.0073 
Communication               0.0853     1     0.6552    20     0.2957 
Synchronization             0.0004     6     0.1581    20     0.0788 
Variation                   0.0018     6     0.1788     4     0.0852 
Overlap                     0.0000     1     0.0002     6     0.0000 
Load imbalance              0.0000     4     0.5345    20     0.2290 
Execution time              7.5411    20     7.5643     1     7.5570 
User CPU time               6.7908    20     7.3249     4     7.0926 
Sys. CPU time               0.0039    20     0.0101     7     0.0077 
Processors                      20     1         20    20         20 
                      Communic          Synchro        Variation          Overlap  
Reduction       Tmin    0.0045    12     0.0000    20     0.0000    20     0.0000     1 
Reduction       Tmax    0.5791    20     0.0002    14     0.0002    12     0.0000    20 
Reduction       Tmid    0.2035           0.0001           0.0001           0.0000       
Shadow          Tmin    0.0591     1     0.0003     6     0.0017     6     0.0000     1 
Shadow          Tmax    0.1286     6     0.1581    20     0.1787     4     0.0002     6 
Shadow          Tmid    0.0922           0.0787           0.0851           0.0000       
--- The execution characteristics --- 
                                1          2          3          4          5          6          7          8          9         10         11         12         13         14         15         16         17         18         19         20 
Lost time                  0.2358     0.2845     0.2746     0.2351     0.4432     0.4211     0.4309     0.7602     0.7390     0.6764     0.3289     0.2694     0.2803     0.3301     0.4744     0.4047     0.4238     0.7327     0.7665     0.7696 
User insufficient par.     0.0481     0.0125     0.0136     0.0144     0.0178     0.0132     0.0156     0.0120     0.0107     0.0162     0.0118     0.0155     0.0114     0.0116     0.0113     0.0128     0.0175     0.0113     0.0161     0.0167 
Sys.insufficient par.      0.1024     0.1520     0.1522     0.0830     0.1506     0.1899     0.1920     0.1279     0.1443     0.1783     0.1853     0.1437     0.1497     0.1906     0.1903     0.1391     0.1006     0.1351     0.1282     0.0744 
Idle time                  0.0000     0.0018     0.0043     0.0025     0.0070     0.0084     0.0031     0.0173     0.0170     0.0131     0.0005     0.0012     0.0015     0.0015     0.0034     0.0036     0.0063     0.0141     0.0167     0.0233 
Communication              0.0853     0.1182     0.1044     0.1351     0.2678     0.2096     0.2201     0.6030     0.5669     0.4687     0.1313     0.1091     0.1177     0.1263     0.2694     0.2492     0.2995     0.5723     0.6054     0.6552 
Synchronization            0.1242     0.0725     0.0789     0.1490     0.0673     0.0004     0.0232     0.0953     0.0877     0.0453     0.0258     0.0817     0.0660     0.0295     0.0191     0.0913     0.1534     0.0994     0.1077     0.1581 
Variation                  0.1643     0.0857     0.0942     0.1788     0.0807     0.0018     0.0228     0.0986     0.1033     0.0376     0.0221     0.0736     0.0798     0.0254     0.0152     0.0849     0.1522     0.1017     0.1040     0.1775 
Overlap                    0.0000     0.0000     0.0000     0.0000     0.0000     0.0002     0.0000     0.0000     0.0000     0.0000     0.0000     0.0000     0.0000     0.0000     0.0000     0.0000     0.0000     0.0000     0.0000     0.0000 
Load imbalance             0.0007     0.0494     0.0395     0.0000     0.2081     0.1860     0.1958     0.5251     0.5039     0.4413     0.0938     0.0343     0.0453     0.0950     0.2393     0.1696     0.1887     0.4976     0.5314     0.5345 
Execution time             7.5643     7.5626     7.5600     7.5618     7.5573     7.5559     7.5612     7.5470     7.5473     7.5512     7.5639     7.5632     7.5629     7.5628     7.5609     7.5607     7.5581     7.5503     7.5476     7.5411 
User CPU time              7.3231     7.2718     7.2817     7.3249     7.1132     7.1332     7.1233     6.7974     6.8177     6.8786     7.2257     7.2873     7.2761     7.2242     7.0799     7.1523     7.1352     6.8245     6.7911     6.7908 
Sys. CPU time              0.0054     0.0080     0.0080     0.0044     0.0079     0.0100     0.0101     0.0067     0.0076     0.0094     0.0098     0.0076     0.0079     0.0100     0.0100     0.0073     0.0053     0.0071     0.0067     0.0039 
Processors                     20         20         20         20         20         20         20         20         20         20         20         20         20         20         20         20         20         20         20         20 
           Communication          
Reduction                  0.0262     0.0339     0.0283     0.0705     0.1751     0.0810     0.1141     0.5062     0.4924     0.3621     0.0190     0.0045     0.0254     0.0228     0.1553     0.1504     0.2253     0.4860     0.5128     0.5791 
Shadow                     0.0591     0.0843     0.0761     0.0646     0.0927     0.1286     0.1060     0.0968     0.0745     0.1066     0.1123     0.1046     0.0923     0.1035     0.1141     0.0989     0.0742     0.0862     0.0926     0.0761 
           Synchronization        
Reduction                  0.0002     0.0001     0.0002     0.0001     0.0001     0.0001     0.0001     0.0001     0.0001     0.0001     0.0002     0.0002     0.0002     0.0002     0.0001     0.0001     0.0000     0.0001     0.0001     0.0000 
Shadow                     0.1240     0.0723     0.0787     0.1489     0.0672     0.0003     0.0231     0.0953     0.0876     0.0453     0.0256     0.0815     0.0658     0.0294     0.0190     0.0912     0.1533     0.0993     0.1077     0.1581 
           Variation              
Reduction                  0.0001     0.0001     0.0002     0.0001     0.0001     0.0001     0.0001     0.0001     0.0001     0.0001     0.0002     0.0002     0.0001     0.0002     0.0001     0.0001     0.0000     0.0001     0.0001     0.0000 
Shadow                     0.1642     0.0855     0.0940     0.1787     0.0806     0.0017     0.0227     0.0986     0.1032     0.0375     0.0219     0.0735     0.0796     0.0253     0.0151     0.0848     0.1521     0.1016     0.1039     0.1775 
           Overlap                
Reduction                  0.0000     0.0000     0.0000     0.0000     0.0000     0.0000     0.0000     0.0000     0.0000     0.0000     0.0000     0.0000     0.0000     0.0000     0.0000     0.0000     0.0000     0.0000     0.0000     0.0000 
Shadow                     0.0000     0.0000     0.0000     0.0000     0.0000     0.0002     0.0000     0.0000     0.0000     0.0000     0.0000     0.0000     0.0000     0.0000     0.0000     0.0000     0.0000     0.0000     0.0000     0.0000 


-------------------------------------------------------------------------
Name (number) and performance time of processors
DVM(1) 1.028617
DVM(2) 1.028282
DVM(3) 1.032380
DVM(4) 1.029250
DVM(5) 1.028888
DVM(6) 1.028972
DVM(7) 1.029859
DVM(8) 1.029865
DVM(9) 1.028646
DVM(10) 1.028672
DVM(11) 1.029056
DVM(12) 1.028977
DVM(13) 1.029306
DVM(14) 1.029282
DVM(15) 1.029275
DVM(16) 1.030527
DVM(17) 1.029291
DVM(18) 1.029093
DVM(19) 1.030915
DVM(20) 1.033061
min - DVM(2) 1.028282; max - DVM(20) 1.033061; mid - 1.029611
