Processor system=1*2*8
Statistics has been accumulated on DVM-system version 5.0, platform DVM
Analyzer is executing on DVM-system version 5.0, platform DVM
-------------------------------------------------------------------------
INTERVAL ( NLINE=20 SOURCE=jac3d.c ) LEVEL=0  EXE_COUNT=1
--- The main characteristics --- 
Parallelization efficiency      0.5003 
Execution time                  9.5250 
Processors                          16
Threads amount                      16
Total time                    152.3994
Productive time                76.2415 ( CPU= 75.0767 Sys= 1.1648 I/O= 0.0000 )
Lost  time                     76.1579 
   Insufficient parallelism    58.7852 ( User= 41.3139 Sys= 17.4713 )
   Communication               17.3383 ( Real_sync= 0.0000 Starts= 0.0000 )
   Idle time                    0.0345
Load imbalance                  9.3913
Synchronization                10.8325
Time variation                 19.9942
Overlap                         0.0003
                  Nop   Communic    Synchro  Variation    Overlap 
Reduction          20    14.0712     0.0010     0.0011     0.0001 
Shadow             20     3.2671    10.8315    19.9931     0.0002 
--- The comparative characteristics --- 
                              Tmin N proc      Tmax N proc      Tmid
Lost time                   4.1729     4     6.0128    16     4.7599 
User insufficient par.      2.5486     3     2.6513     9     2.5821 
Sys.insufficient par.       0.2865    16     2.3486     7     1.0920 
Idle time                   0.0000     4     0.0039     9     0.0022 
Communication               0.1338     7     3.0742    16     1.0836 
Synchronization             0.0001     7     1.0950    16     0.6770 
Variation                   0.0001     7     2.2091     9     1.2496 
Overlap                     0.0000     1     0.0002     7     0.0000 
Load imbalance              0.0000     4     1.8399    16     0.5870 
Execution time              9.5211     9     9.5250     4     9.5228 
User CPU time               3.4931    16     5.2578     4     4.6923 
Sys. CPU time               0.0191    16     0.1566     7     0.0728 
Processors                      16     1         16    16         16 
                      Communic          Synchro        Variation          Overlap  
Reduction       Tmin    0.0008     7     0.0000     9     0.0000     9     0.0000     1 
Reduction       Tmax    2.8757    16     0.0001     7     0.0001     7     0.0000     9 
Reduction       Tmid    0.8794           0.0001           0.0001           0.0000       
Shadow          Tmin    0.0309     9     0.0000     7     0.0000     7     0.0000     1 
Shadow          Tmax    0.9474     8     1.0949    16     2.2091     9     0.0002     7 
Shadow          Tmid    0.2042           0.6770           1.2496           0.0000       
--- The execution characteristics --- 
                                1          2          3          4          5          6          7          8          9         10         11         12         13         14         15         16 
Lost time                  5.1294     4.3060     4.1821     4.1729     4.1919     4.1905     5.0348     4.3986     5.1712     4.5419     4.2003     4.1972     5.3885     5.6365     5.4032     6.0128 
User insufficient par.     2.6507     2.5739     2.5486     2.5525     2.5487     2.5488     2.5520     2.5565     2.6513     2.5699     2.5526     2.5521     2.5937     2.6220     2.5921     2.6482 
Sys.insufficient par.      0.3404     1.4387     1.4375     1.4136     1.4304     1.4347     2.3486     0.7120     0.3393     1.4266     1.4310     1.4277     0.7844     0.6022     0.6176     0.2865 
Idle time                  0.0027     0.0008     0.0008     0.0000     0.0023     0.0004     0.0004     0.0016     0.0039     0.0031     0.0012     0.0020     0.0039     0.0039     0.0039     0.0039 
Communication              2.1355     0.2926     0.1951     0.2068     0.2104     0.2066     0.1338     1.1286     2.1767     0.5423     0.2155     0.2154     2.0066     2.4085     2.1896     3.0742 
Synchronization            1.0174     0.4528     0.5393     0.5238     0.4972     0.5018     0.0001     1.0208     1.0176     0.4645     0.5244     0.5028     0.9038     0.8903     0.8807     1.0950 
Variation                  2.2059     0.9923     0.9953     1.0200     0.9927     0.9914     0.0001     0.8989     2.2091     0.9981     0.9957     1.0046     1.4009     1.8440     1.3489     2.0963 
Overlap                    0.0000     0.0000     0.0000     0.0000     0.0000     0.0000     0.0002     0.0000     0.0000     0.0000     0.0000     0.0000     0.0000     0.0000     0.0000     0.0000 
Load imbalance             0.9564     0.1331     0.0091     0.0000     0.0190     0.0176     0.8619     0.2257     0.9983     0.3690     0.0274     0.0243     1.2156     1.4636     1.2303     1.8399 
Execution time             9.5222     9.5242     9.5242     9.5250     9.5226     9.5246     9.5246     9.5234     9.5211     9.5219     9.5238     9.5230     9.5211     9.5211     9.5211     9.5211 
User CPU time              4.3729     5.1230     5.2471     5.2578     5.2377     5.2388     4.3335     5.0789     4.3311     4.8879     5.2293     5.2326     4.0842     3.8483     4.0806     3.4931 
Sys. CPU time              0.0227     0.0959     0.0958     0.0942     0.0954     0.0956     0.1566     0.0475     0.0226     0.0951     0.0954     0.0952     0.0523     0.0401     0.0412     0.0191 
Processors                     16         16         16         16         16         16         16         16         16         16         16         16         16         16         16         16 
           Communication          
Reduction                  2.1018     0.1935     0.0988     0.1060     0.1060     0.1045     0.0008     0.1812     2.1457     0.4363     0.1155     0.1183     1.6264     2.2812     1.5795     2.8757 
Shadow                     0.0337     0.0992     0.0963     0.1009     0.1044     0.1020     0.1331     0.9474     0.0309     0.1060     0.1000     0.0971     0.3802     0.1273     0.6101     0.1984 
           Synchronization        
Reduction                  0.0001     0.0001     0.0001     0.0001     0.0001     0.0001     0.0001     0.0000     0.0000     0.0000     0.0001     0.0000     0.0001     0.0001     0.0000     0.0000 
Shadow                     1.0173     0.4527     0.5392     0.5238     0.4971     0.5018     0.0000     1.0208     1.0175     0.4645     0.5244     0.5028     0.9037     0.8903     0.8807     1.0949 
           Variation              
Reduction                  0.0001     0.0001     0.0001     0.0001     0.0001     0.0001     0.0001     0.0001     0.0000     0.0001     0.0001     0.0001     0.0001     0.0001     0.0000     0.0000 
Shadow                     2.2058     0.9922     0.9952     1.0200     0.9926     0.9913     0.0000     0.8989     2.2091     0.9981     0.9956     1.0046     1.4008     1.8440     1.3488     2.0962 
           Overlap                
Reduction                  0.0000     0.0000     0.0000     0.0000     0.0000     0.0000     0.0000     0.0000     0.0000     0.0000     0.0000     0.0000     0.0000     0.0000     0.0000     0.0000 
Shadow                     0.0000     0.0000     0.0000     0.0000     0.0000     0.0000     0.0002     0.0000     0.0000     0.0000     0.0000     0.0000     0.0000     0.0000     0.0000     0.0000 


-------------------------------------------------------------------------
INTERVAL ( NLINE=42 SOURCE=jac3d.c ) LEVEL=1 SEQ EXE_COUNT=1
--- The main characteristics --- 
Parallelization efficiency      0.6694 
Execution time                  6.6174 
Processors                          16
Threads amount                      16
Total time                    105.8783
Productive time                70.8742 ( CPU= 69.7598 Sys= 1.1144 I/O= 0.0000 )
Lost  time                     35.0041 
   Insufficient parallelism    16.9021 ( User= 0.1862 Sys= 16.7160 )
   Communication               17.3383 ( Real_sync= 0.0000 Starts= 0.0000 )
   Idle time                    0.7637
Load imbalance                  9.1103
Synchronization                10.8325
Time variation                 19.9942
Overlap                         0.0003
                  Nop   Communic    Synchro  Variation    Overlap 
Reduction          20    14.0712     0.0010     0.0011     0.0001 
Shadow             20     3.2671    10.8315    19.9931     0.0002 
--- The comparative characteristics --- 
                              Tmin N proc      Tmax N proc      Tmid
Lost time                   1.6184     4     3.3907    16     2.1878 
User insufficient par.      0.0080     6     0.0170     7     0.0116 
Sys.insufficient par.       0.2420    16     2.2998     7     1.0447 
Idle time                   0.0000    15     0.1382     1     0.0477 
Communication               0.1338     7     3.0742    16     1.0836 
Synchronization             0.0001     7     1.0950    16     0.6770 
Variation                   0.0001     7     2.2091     9     1.2496 
Overlap                     0.0000     1     0.0002     7     0.0000 
Load imbalance              0.0000     4     1.7723    16     0.5694 
Execution time              6.4791     1     6.6174    15     6.5697 
User CPU time               3.2105    16     4.9081     4     4.3600 
Sys. CPU time               0.0161    16     0.1533     7     0.0696 
Processors                      16     1         16    16         16 
                      Communic          Synchro        Variation          Overlap  
Reduction       Tmin    0.0008     7     0.0000     9     0.0000     9     0.0000     1 
Reduction       Tmax    2.8757    16     0.0001     7     0.0001     7     0.0000     9 
Reduction       Tmid    0.8794           0.0001           0.0001           0.0000       
Shadow          Tmin    0.0309     9     0.0000     7     0.0000     7     0.0000     1 
Shadow          Tmax    0.9474     8     1.0949    16     2.2091     9     0.0002     7 
Shadow          Tmid    0.2042           0.6770           1.2496           0.0000       
--- The execution characteristics --- 
                                1          2          3          4          5          6          7          8          9         10         11         12         13         14         15         16 
Lost time                  2.5775     1.7530     1.6283     1.6184     1.6375     1.6368     2.4802     1.8433     2.6181     1.9866     1.6438     1.6411     2.7613     3.0115     2.7761     3.3907 
User insufficient par.     0.0111     0.0146     0.0082     0.0110     0.0087     0.0080     0.0170     0.0128     0.0106     0.0145     0.0114     0.0119     0.0125     0.0110     0.0123     0.0106 
Sys.insufficient par.      0.2926     1.3898     1.3887     1.3647     1.3823     1.3859     2.2998     0.6632     0.2928     1.3791     1.3832     1.3792     0.7401     0.5583     0.5742     0.2420 
Idle time                  0.1382     0.0560     0.0364     0.0358     0.0360     0.0363     0.0295     0.0387     0.1380     0.0506     0.0337     0.0346     0.0021     0.0337     0.0000     0.0639 
Communication              2.1355     0.2926     0.1951     0.2068     0.2104     0.2066     0.1338     1.1286     2.1767     0.5423     0.2155     0.2154     2.0066     2.4085     2.1896     3.0742 
Synchronization            1.0174     0.4528     0.5393     0.5238     0.4972     0.5018     0.0001     1.0208     1.0176     0.4645     0.5244     0.5028     0.9038     0.8903     0.8807     1.0950 
Variation                  2.2059     0.9923     0.9953     1.0200     0.9927     0.9914     0.0001     0.8989     2.2091     0.9981     0.9957     1.0046     1.4009     1.8440     1.3489     2.0963 
Overlap                    0.0000     0.0000     0.0000     0.0000     0.0000     0.0000     0.0002     0.0000     0.0000     0.0000     0.0000     0.0000     0.0000     0.0000     0.0000     0.0000 
Load imbalance             0.9591     0.1346     0.0100     0.0000     0.0191     0.0184     0.8619     0.2249     0.9998     0.3682     0.0254     0.0228     1.1429     1.3931     1.1578     1.7723 
Execution time             6.4791     6.5614     6.5810     6.5816     6.5814     6.5811     6.5879     6.5787     6.4794     6.5668     6.5837     6.5828     6.6153     6.5837     6.6174     6.5535 
User CPU time              4.0204     4.7718     4.8965     4.9081     4.8878     4.8882     3.9838     4.7299     3.9797     4.5389     4.8814     4.8843     3.8068     3.5687     3.8030     3.2105 
Sys. CPU time              0.0195     0.0927     0.0926     0.0910     0.0922     0.0924     0.1533     0.0442     0.0195     0.0919     0.0922     0.0919     0.0493     0.0372     0.0383     0.0161 
Processors                     16         16         16         16         16         16         16         16         16         16         16         16         16         16         16         16 
           Communication          
Reduction                  2.1018     0.1935     0.0988     0.1060     0.1060     0.1045     0.0008     0.1812     2.1457     0.4363     0.1155     0.1183     1.6264     2.2812     1.5795     2.8757 
Shadow                     0.0337     0.0992     0.0963     0.1009     0.1044     0.1020     0.1331     0.9474     0.0309     0.1060     0.1000     0.0971     0.3802     0.1273     0.6101     0.1984 
           Synchronization        
Reduction                  0.0001     0.0001     0.0001     0.0001     0.0001     0.0001     0.0001     0.0000     0.0000     0.0000     0.0001     0.0000     0.0001     0.0001     0.0000     0.0000 
Shadow                     1.0173     0.4527     0.5392     0.5238     0.4971     0.5018     0.0000     1.0208     1.0175     0.4645     0.5244     0.5028     0.9037     0.8903     0.8807     1.0949 
           Variation              
Reduction                  0.0001     0.0001     0.0001     0.0001     0.0001     0.0001     0.0001     0.0001     0.0000     0.0001     0.0001     0.0001     0.0001     0.0001     0.0000     0.0000 
Shadow                     2.2058     0.9922     0.9952     1.0200     0.9926     0.9913     0.0000     0.8989     2.2091     0.9981     0.9956     1.0046     1.4008     1.8440     1.3488     2.0962 
           Overlap                
Reduction                  0.0000     0.0000     0.0000     0.0000     0.0000     0.0000     0.0000     0.0000     0.0000     0.0000     0.0000     0.0000     0.0000     0.0000     0.0000     0.0000 
Shadow                     0.0000     0.0000     0.0000     0.0000     0.0000     0.0000     0.0002     0.0000     0.0000     0.0000     0.0000     0.0000     0.0000     0.0000     0.0000     0.0000 


-------------------------------------------------------------------------
Name (number) and performance time of processors
DVM(1) 1.029388
DVM(2) 1.029258
DVM(3) 1.028602
DVM(4) 1.028703
DVM(5) 1.028731
DVM(6) 1.028678
DVM(7) 1.028634
DVM(8) 1.028691
DVM(9) 1.029002
DVM(10) 1.028975
DVM(11) 1.028669
DVM(12) 1.028662
DVM(13) 1.029379
DVM(14) 1.029190
DVM(15) 1.028852
DVM(16) 1.028909
min - DVM(3) 1.028602; max - DVM(1) 1.029388; mid - 1.028895
