Processor system=3*1*6
Statistics has been accumulated on DVM-system version 5.0, platform DVM
Analyzer is executing on DVM-system version 5.0, platform DVM
-------------------------------------------------------------------------
INTERVAL ( NLINE=20 SOURCE=jac3d.c ) LEVEL=0  EXE_COUNT=2
--- The main characteristics --- 
Parallelization efficiency      0.5529 
Execution time                  9.5794 
Processors                          18
Threads amount                      18
Total time                    172.4300
Productive time                95.3323 ( CPU= 94.3834 Sys= 0.9488 I/O= 0.0000 )
Lost  time                     77.0977 
   Insufficient parallelism    60.6675 ( User= 44.5372 Sys= 16.1303 )
   Communication               16.3777 ( Real_sync= 0.0000 Starts= 0.0000 )
   Idle time                    0.0525
Load imbalance                 12.2517
Synchronization                 9.7871
Time variation                 17.4197
Overlap                         0.0002
                  Nop   Communic    Synchro  Variation    Overlap 
Reduction          20    13.4931     0.0015     0.0015     0.0001 
Shadow             20     2.8846     9.7856    17.4182     0.0002 
--- The comparative characteristics --- 
                              Tmin N proc      Tmax N proc      Tmid
Lost time                   3.6026     3     6.3324    18     4.2832 
User insufficient par.      2.4436     3     2.5484    18     2.4743 
Sys.insufficient par.       0.2260    18     1.8598    11     0.8961 
Idle time                   0.0000     8     0.0081    17     0.0029 
Communication               0.0984     5     3.5500    18     0.9099 
Synchronization             0.0001    11     0.8926    18     0.5437 
Variation                   0.0001    11     1.7444     1     0.9678 
Overlap                     0.0000     1     0.0002    11     0.0000 
Load imbalance              0.0000     3     2.7298    18     0.6806 
Execution time              9.5714    17     9.5794     8     9.5765 
User CPU time               3.2338    18     5.9169     3     5.2435 
Sys. CPU time               0.0133    18     0.1094    11     0.0527 
Processors                      18     1         18    18         18 
                      Communic          Synchro        Variation          Overlap  
Reduction       Tmin    0.0020    11     0.0000    16     0.0000    16     0.0000     1 
Reduction       Tmax    3.4093    18     0.0002     9     0.0001     9     0.0000    16 
Reduction       Tmid    0.7496           0.0001           0.0001           0.0000       
Shadow          Tmin    0.0223     1     0.0000    11     0.0000    11     0.0000     1 
Shadow          Tmax    0.7363    12     0.8925    18     1.7444     1     0.0002    11 
Shadow          Tmid    0.1603           0.5436           0.9677           0.0000       
--- The execution characteristics --- 
                                1          2          3          4          5          6          7          8          9         10         11         12         13         14         15         16         17         18 
Lost time                  4.7563     3.8448     3.6026     3.6523     4.1479     3.7619     4.7933     4.1480     3.8138     3.8428     4.4353     3.9112     4.8321     4.1214     3.6865     3.8145     5.6005     6.3324 
User insufficient par.     2.5338     2.4701     2.4436     2.4530     2.4493     2.4501     2.5369     2.4597     2.4480     2.4519     2.4457     2.4553     2.5314     2.4674     2.4494     2.4514     2.4918     2.5484 
Sys.insufficient par.      0.2891     1.0350     1.0201     1.0153     1.5981     0.5072     0.2966     1.3297     1.2313     1.2057     1.8598     0.5166     0.2872     1.0349     1.0283     1.0385     0.6109     0.2260 
Idle time                  0.0011     0.0029     0.0048     0.0016     0.0021     0.0024     0.0013     0.0000     0.0019     0.0003     0.0027     0.0045     0.0039     0.0057     0.0008     0.0006     0.0081     0.0081 
Communication              1.9323     0.3367     0.1341     0.1824     0.0984     0.8022     1.9585     0.3587     0.1327     0.1850     0.1272     0.9348     2.0096     0.6134     0.2079     0.3241     2.4898     3.5500 
Synchronization            0.8212     0.4614     0.4978     0.4868     0.1667     0.8305     0.8166     0.3057     0.3410     0.3558     0.0001     0.8211     0.8192     0.4604     0.4858     0.4715     0.7529     0.8926 
Variation                  1.7444     0.9207     0.9242     0.9403     0.3098     0.8862     1.7293     0.5837     0.6888     0.7129     0.0001     0.7889     1.7431     0.9178     0.9179     0.9088     1.0181     1.6846 
Overlap                    0.0000     0.0000     0.0000     0.0000     0.0000     0.0000     0.0000     0.0000     0.0000     0.0000     0.0002     0.0000     0.0000     0.0000     0.0000     0.0000     0.0000     0.0000 
Load imbalance             1.1538     0.2422     0.0000     0.0498     0.5453     0.1593     1.1907     0.5455     0.2113     0.2403     0.8328     0.3086     1.2295     0.5189     0.0840     0.2120     1.9980     2.7298 
Execution time             9.5784     9.5765     9.5747     9.5778     9.5773     9.5771     9.5781     9.5794     9.5776     9.5792     9.5768     9.5750     9.5756     9.5737     9.5787     9.5789     9.5714     9.5714 
User CPU time              4.8061     5.6738     5.9169     5.8674     5.3376     5.7877     4.7687     5.3532     5.6932     5.6657     5.0347     5.6378     4.7305     5.3971     5.8324     5.7038     3.9430     3.2338 
Sys. CPU time              0.0170     0.0609     0.0600     0.0597     0.0940     0.0298     0.0174     0.0782     0.0724     0.0709     0.1094     0.0304     0.0169     0.0609     0.0605     0.0611     0.0359     0.0133 
Processors                     18         18         18         18         18         18         18         18         18         18         18         18         18         18         18         18         18         18 
           Communication          
Reduction                  1.9101     0.2797     0.0690     0.1242     0.0261     0.1531     1.9289     0.2535     0.0275     0.0788     0.0020     0.1985     1.9853     0.5568     0.1414     0.2593     2.0896     3.4093 
Shadow                     0.0223     0.0570     0.0651     0.0582     0.0723     0.6491     0.0296     0.1051     0.1051     0.1062     0.1252     0.7363     0.0243     0.0565     0.0666     0.0648     0.4002     0.1407 
           Synchronization        
Reduction                  0.0001     0.0001     0.0001     0.0000     0.0002     0.0001     0.0000     0.0001     0.0002     0.0001     0.0001     0.0001     0.0000     0.0001     0.0001     0.0000     0.0001     0.0001 
Shadow                     0.8211     0.4613     0.4977     0.4868     0.1665     0.8304     0.8165     0.3056     0.3408     0.3558     0.0000     0.8210     0.8192     0.4604     0.4857     0.4715     0.7528     0.8925 
           Variation              
Reduction                  0.0001     0.0001     0.0001     0.0000     0.0001     0.0001     0.0000     0.0001     0.0001     0.0001     0.0001     0.0001     0.0000     0.0001     0.0001     0.0000     0.0001     0.0001 
Shadow                     1.7444     0.9206     0.9241     0.9403     0.3097     0.8861     1.7292     0.5836     0.6886     0.7128     0.0000     0.7889     1.7430     0.9177     0.9179     0.9087     1.0180     1.6845 
           Overlap                
Reduction                  0.0000     0.0000     0.0000     0.0000     0.0000     0.0000     0.0000     0.0000     0.0000     0.0000     0.0000     0.0000     0.0000     0.0000     0.0000     0.0000     0.0000     0.0000 
Shadow                     0.0000     0.0000     0.0000     0.0000     0.0000     0.0000     0.0000     0.0000     0.0000     0.0000     0.0002     0.0000     0.0000     0.0000     0.0000     0.0000     0.0000     0.0000 


-------------------------------------------------------------------------
INTERVAL ( NLINE=42 SOURCE=jac3d.c ) LEVEL=1 SEQ EXE_COUNT=2
--- The main characteristics --- 
Parallelization efficiency      0.7346 
Execution time                  6.8025 
Processors                          18
Threads amount                      18
Total time                    122.4442
Productive time                89.9466 ( CPU= 89.0495 Sys= 0.8971 I/O= 0.0000 )
Lost  time                     32.4977 
   Insufficient parallelism    15.4969 ( User= 0.2468 Sys= 15.2501 )
   Communication               16.3777 ( Real_sync= 0.0000 Starts= 0.0000 )
   Idle time                    0.6231
Load imbalance                 12.0853
Synchronization                 9.7871
Time variation                 17.4197
Overlap                         0.0002
                  Nop   Communic    Synchro  Variation    Overlap 
Reduction          20    13.4931     0.0015     0.0015     0.0001 
Shadow             20     2.8846     9.7856    17.4182     0.0002 
--- The comparative characteristics --- 
                              Tmin N proc      Tmax N proc      Tmid
Lost time                   1.1340     3     3.8047    18     1.8054 
User insufficient par.      0.0094     3     0.0171     5     0.0137 
Sys.insufficient par.       0.1833    18     1.8100    11     0.8472 
Idle time                   0.0000    17     0.1091     7     0.0346 
Communication               0.0984     5     3.5500    18     0.9099 
Synchronization             0.0001    11     0.8926    18     0.5437 
Variation                   0.0001    11     1.7444     1     0.9678 
Overlap                     0.0000     1     0.0002    11     0.0000 
Load imbalance              0.0000     3     2.6707    18     0.6714 
Execution time              6.6933     7     6.8025    17     6.7678 
User CPU time               2.9869    18     5.6113     3     4.9472 
Sys. CPU time               0.0108    18     0.1065    11     0.0498 
Processors                      18     1         18    18         18 
                      Communic          Synchro        Variation          Overlap  
Reduction       Tmin    0.0020    11     0.0000    16     0.0000    16     0.0000     1 
Reduction       Tmax    3.4093    18     0.0002     9     0.0001     9     0.0000    16 
Reduction       Tmid    0.7496           0.0001           0.0001           0.0000       
Shadow          Tmin    0.0223     1     0.0000    11     0.0000    11     0.0000     1 
Shadow          Tmax    0.7363    12     0.8925    18     1.7444     1     0.0002    11 
Shadow          Tmid    0.1603           0.5436           0.9677           0.0000       
--- The execution characteristics --- 
                                1          2          3          4          5          6          7          8          9         10         11         12         13         14         15         16         17         18 
Lost time                  2.2871     1.3723     1.1340     1.1793     1.6734     1.2882     2.3265     1.6760     1.3457     1.3692     1.9614     1.4381     2.3629     1.6485     1.2190     1.3418     3.0695     3.8047 
User insufficient par.     0.0139     0.0143     0.0094     0.0154     0.0171     0.0121     0.0127     0.0137     0.0161     0.0171     0.0159     0.0158     0.0121     0.0146     0.0131     0.0121     0.0115     0.0099 
Sys.insufficient par.      0.2386     0.9853     0.9720     0.9650     1.5482     0.4574     0.2462     1.2791     1.1809     1.1552     1.8100     0.4686     0.2382     0.9884     0.9777     0.9878     0.5682     0.1833 
Idle time                  0.1022     0.0361     0.0186     0.0165     0.0096     0.0165     0.1091     0.0245     0.0161     0.0119     0.0083     0.0190     0.1031     0.0321     0.0201     0.0178     0.0000     0.0616 
Communication              1.9323     0.3367     0.1341     0.1824     0.0984     0.8022     1.9585     0.3587     0.1327     0.1850     0.1272     0.9348     2.0096     0.6134     0.2079     0.3241     2.4898     3.5500 
Synchronization            0.8212     0.4614     0.4978     0.4868     0.1667     0.8305     0.8166     0.3057     0.3410     0.3558     0.0001     0.8211     0.8192     0.4604     0.4858     0.4715     0.7529     0.8926 
Variation                  1.7444     0.9207     0.9242     0.9403     0.3098     0.8862     1.7293     0.5837     0.6888     0.7129     0.0001     0.7889     1.7431     0.9178     0.9179     0.9088     1.0181     1.6846 
Overlap                    0.0000     0.0000     0.0000     0.0000     0.0000     0.0000     0.0000     0.0000     0.0000     0.0000     0.0002     0.0000     0.0000     0.0000     0.0000     0.0000     0.0000     0.0000 
Load imbalance             1.1531     0.2383     0.0000     0.0453     0.5393     0.1541     1.1925     0.5420     0.2117     0.2352     0.8274     0.3041     1.2289     0.5145     0.0849     0.2078     1.9355     2.6707 
Execution time             6.7003     6.7664     6.7839     6.7860     6.7929     6.7860     6.6933     6.7780     6.7864     6.7905     6.7941     6.7835     6.6994     6.7703     6.7823     6.7846     6.8025     6.7408 
User CPU time              4.5013     5.3722     5.6113     5.5664     5.0380     5.4874     4.4614     5.0512     5.3873     5.3653     4.7346     5.3368     4.4255     5.0958     5.5260     5.4026     3.6995     2.9869 
Sys. CPU time              0.0140     0.0580     0.0572     0.0568     0.0911     0.0269     0.0145     0.0752     0.0695     0.0680     0.1065     0.0276     0.0140     0.0581     0.0575     0.0581     0.0334     0.0108 
Processors                     18         18         18         18         18         18         18         18         18         18         18         18         18         18         18         18         18         18 
           Communication          
Reduction                  1.9101     0.2797     0.0690     0.1242     0.0261     0.1531     1.9289     0.2535     0.0275     0.0788     0.0020     0.1985     1.9853     0.5568     0.1414     0.2593     2.0896     3.4093 
Shadow                     0.0223     0.0570     0.0651     0.0582     0.0723     0.6491     0.0296     0.1051     0.1051     0.1062     0.1252     0.7363     0.0243     0.0565     0.0666     0.0648     0.4002     0.1407 
           Synchronization        
Reduction                  0.0001     0.0001     0.0001     0.0000     0.0002     0.0001     0.0000     0.0001     0.0002     0.0001     0.0001     0.0001     0.0000     0.0001     0.0001     0.0000     0.0001     0.0001 
Shadow                     0.8211     0.4613     0.4977     0.4868     0.1665     0.8304     0.8165     0.3056     0.3408     0.3558     0.0000     0.8210     0.8192     0.4604     0.4857     0.4715     0.7528     0.8925 
           Variation              
Reduction                  0.0001     0.0001     0.0001     0.0000     0.0001     0.0001     0.0000     0.0001     0.0001     0.0001     0.0001     0.0001     0.0000     0.0001     0.0001     0.0000     0.0001     0.0001 
Shadow                     1.7444     0.9206     0.9241     0.9403     0.3097     0.8861     1.7292     0.5836     0.6886     0.7128     0.0000     0.7889     1.7430     0.9177     0.9179     0.9087     1.0180     1.6845 
           Overlap                
Reduction                  0.0000     0.0000     0.0000     0.0000     0.0000     0.0000     0.0000     0.0000     0.0000     0.0000     0.0000     0.0000     0.0000     0.0000     0.0000     0.0000     0.0000     0.0000 
Shadow                     0.0000     0.0000     0.0000     0.0000     0.0000     0.0000     0.0000     0.0000     0.0000     0.0000     0.0002     0.0000     0.0000     0.0000     0.0000     0.0000     0.0000     0.0000 


-------------------------------------------------------------------------
Name (number) and performance time of processors
DVM(1) 1.029370
DVM(2) 1.029216
DVM(3) 1.028804
DVM(4) 1.028770
DVM(5) 1.029104
DVM(6) 1.029068
DVM(7) 1.028918
DVM(8) 1.028878
DVM(9) 1.028896
DVM(10) 1.028927
DVM(11) 1.029094
DVM(12) 1.029164
DVM(13) 1.028912
DVM(14) 1.028882
DVM(15) 1.028503
DVM(16) 1.028500
DVM(17) 1.028414
DVM(18) 1.028443
min - DVM(17) 1.028414; max - DVM(1) 1.029370; mid - 1.028881
