Processor system=1*9*2
Statistics has been accumulated on DVM-system version 5.0, platform DVM
Analyzer is executing on DVM-system version 5.0, platform DVM
-------------------------------------------------------------------------
INTERVAL ( NLINE=20 SOURCE=jac3d.c ) LEVEL=0  EXE_COUNT=2
--- The main characteristics --- 
Parallelization efficiency      0.6224 
Execution time                  8.9569 
Processors                          18
Threads amount                      18
Total time                    161.2243
Productive time               100.3520 ( CPU= 99.9333 Sys= 0.4187 I/O= 0.0000 )
Lost  time                     60.8723 
   Insufficient parallelism    52.0517 ( User= 44.9342 Sys= 7.1175 )
   Communication                8.7561 ( Real_sync= 0.0000 Starts= 0.0000 )
   Idle time                    0.0645
Load imbalance                  5.0630
Synchronization                 1.2959
Time variation                  1.4140
Overlap                         0.0002
                  Nop   Communic    Synchro  Variation    Overlap 
Reduction          20     6.1872     0.0013     0.0012     0.0001 
Shadow             20     2.5689     1.2947     1.4128     0.0001 
--- The comparative characteristics --- 
                              Tmin N proc      Tmax N proc      Tmid
Lost time                   3.1005     4     5.1707    17     3.3818 
User insufficient par.      2.4842    11     2.5428    17     2.4963 
Sys.insufficient par.       0.1373    17     0.4710     8     0.3954 
Idle time                   0.0000    12     0.0084    18     0.0036 
Communication               0.1481     4     2.4822    17     0.4864 
Synchronization             0.0009     8     0.2749    17     0.0720 
Variation                   0.0010     3     0.3117     2     0.0786 
Overlap                     0.0000     1     0.0001     8     0.0000 
Load imbalance              0.0000     4     2.0702    17     0.2813 
Execution time              8.9485    18     8.9569    12     8.9533 
User CPU time               3.7781    17     5.8290     4     5.5519 
Sys. CPU time               0.0081    17     0.0277     8     0.0233 
Processors                      18     1         18    18         18 
                      Communic          Synchro        Variation          Overlap  
Reduction       Tmin    0.0007     3     0.0000    10     0.0000    10     0.0000     1 
Reduction       Tmax    2.2750    17     0.0001     7     0.0001     8     0.0000    16 
Reduction       Tmid    0.3437           0.0001           0.0001           0.0000       
Shadow          Tmin    0.0458     2     0.0007     8     0.0009     3     0.0000     1 
Shadow          Tmax    0.2072    17     0.2748    17     0.3116     2     0.0001     8 
Shadow          Tmid    0.1427           0.0719           0.0785           0.0000       
--- The execution characteristics --- 
                                1          2          3          4          5          6          7          8          9         10         11         12         13         14         15         16         17         18 
Lost time                  3.2353     3.2533     3.1069     3.1005     3.1082     3.1189     3.1090     3.1160     3.1825     3.2106     3.1223     3.1341     3.1595     3.1703     3.2159     3.2395     5.1707     5.1184 
User insufficient par.     2.5155     2.5068     2.4866     2.4859     2.4878     2.4861     2.4872     2.4880     2.4882     2.4914     2.4842     2.4880     2.4856     2.4873     2.4879     2.4939     2.5428     2.5410 
Sys.insufficient par.      0.2530     0.2540     0.4467     0.4653     0.4426     0.4474     0.4590     0.4710     0.4461     0.4363     0.4562     0.4607     0.4381     0.4349     0.4661     0.4601     0.1373     0.1426 
Idle time                  0.0019     0.0043     0.0004     0.0012     0.0023     0.0039     0.0060     0.0031     0.0050     0.0027     0.0046     0.0000     0.0035     0.0064     0.0008     0.0015     0.0084     0.0084 
Communication              0.4649     0.4882     0.1733     0.1481     0.1755     0.1816     0.1568     0.1540     0.2431     0.2802     0.1773     0.1854     0.2323     0.2418     0.2612     0.2840     2.4822     2.4264 
Synchronization            0.2120     0.2138     0.0234     0.0052     0.0284     0.0303     0.0113     0.0009     0.0210     0.0479     0.0069     0.0081     0.0632     0.0635     0.0048     0.0065     0.2749     0.2738 
Variation                  0.3089     0.3117     0.0010     0.0049     0.0435     0.0403     0.0060     0.0011     0.0331     0.0464     0.0113     0.0086     0.0218     0.0234     0.0072     0.0141     0.2649     0.2657 
Overlap                    0.0000     0.0000     0.0000     0.0000     0.0000     0.0000     0.0000     0.0001     0.0000     0.0000     0.0000     0.0000     0.0000     0.0000     0.0000     0.0000     0.0000     0.0000 
Load imbalance             0.1348     0.1528     0.0064     0.0000     0.0077     0.0184     0.0085     0.0155     0.0820     0.1101     0.0218     0.0335     0.0590     0.0698     0.1154     0.1390     2.0702     2.0179 
Execution time             8.9550     8.9526     8.9565     8.9557     8.9546     8.9530     8.9509     8.9538     8.9519     8.9542     8.9523     8.9569     8.9534     8.9505     8.9561     8.9554     8.9485     8.9485 
User CPU time              5.7067     5.6886     5.8237     5.8290     5.8227     5.8116     5.8209     5.8132     5.7482     5.7206     5.8077     5.7957     5.7716     5.7610     5.7136     5.6903     3.7781     3.8301 
Sys. CPU time              0.0149     0.0149     0.0263     0.0274     0.0260     0.0263     0.0270     0.0277     0.0262     0.0257     0.0268     0.0271     0.0258     0.0256     0.0274     0.0271     0.0081     0.0084 
Processors                     18         18         18         18         18         18         18         18         18         18         18         18         18         18         18         18         18         18 
           Communication          
Reduction                  0.4164     0.4424     0.0007     0.0016     0.0414     0.0476     0.0055     0.0063     0.1069     0.1409     0.0287     0.0350     0.0746     0.0846     0.1153     0.1392     2.2750     2.2251 
Shadow                     0.0484     0.0458     0.1726     0.1465     0.1341     0.1339     0.1513     0.1477     0.1362     0.1394     0.1486     0.1503     0.1577     0.1571     0.1459     0.1448     0.2072     0.2013 
           Synchronization        
Reduction                  0.0001     0.0001     0.0001     0.0001     0.0001     0.0001     0.0001     0.0001     0.0001     0.0000     0.0001     0.0001     0.0000     0.0000     0.0000     0.0000     0.0001     0.0000 
Shadow                     0.2119     0.2137     0.0233     0.0051     0.0283     0.0302     0.0112     0.0007     0.0210     0.0478     0.0068     0.0081     0.0631     0.0635     0.0048     0.0065     0.2748     0.2738 
           Variation              
Reduction                  0.0001     0.0001     0.0001     0.0001     0.0001     0.0001     0.0001     0.0001     0.0001     0.0000     0.0001     0.0001     0.0000     0.0000     0.0000     0.0000     0.0001     0.0000 
Shadow                     0.3089     0.3116     0.0009     0.0048     0.0434     0.0402     0.0059     0.0010     0.0330     0.0464     0.0112     0.0085     0.0217     0.0234     0.0072     0.0140     0.2649     0.2657 
           Overlap                
Reduction                  0.0000     0.0000     0.0000     0.0000     0.0000     0.0000     0.0000     0.0000     0.0000     0.0000     0.0000     0.0000     0.0000     0.0000     0.0000     0.0000     0.0000     0.0000 
Shadow                     0.0000     0.0000     0.0000     0.0000     0.0000     0.0000     0.0000     0.0001     0.0000     0.0000     0.0000     0.0000     0.0000     0.0000     0.0000     0.0000     0.0000     0.0000 


-------------------------------------------------------------------------
INTERVAL ( NLINE=42 SOURCE=jac3d.c ) LEVEL=1 SEQ EXE_COUNT=2
--- The main characteristics --- 
Parallelization efficiency      0.8612 
Execution time                  6.1236 
Processors                          18
Threads amount                      18
Total time                    110.2251
Productive time                94.9311 ( CPU= 94.5651 Sys= 0.3660 I/O= 0.0000 )
Lost  time                     15.2940 
   Insufficient parallelism     6.4385 ( User= 0.2170 Sys= 6.2214 )
   Communication                8.7561 ( Real_sync= 0.0000 Starts= 0.0000 )
   Idle time                    0.0994
Load imbalance                  4.9129
Synchronization                 1.2959
Time variation                  1.4140
Overlap                         0.0002
                  Nop   Communic    Synchro  Variation    Overlap 
Reduction          20     6.1872     0.0013     0.0012     0.0001 
Shadow             20     2.5689     1.2947     1.4128     0.0001 
--- The comparative characteristics --- 
                              Tmin N proc      Tmax N proc      Tmid
Lost time                   0.5767     4     2.5862    17     0.8497 
User insufficient par.      0.0087    11     0.0251     1     0.0121 
Sys.insufficient par.       0.0933    17     0.4202     8     0.3456 
Idle time                   0.0000    17     0.0177     2     0.0055 
Communication               0.1481     4     2.4822    17     0.4864 
Synchronization             0.0009     8     0.2749    17     0.0720 
Variation                   0.0010     3     0.3117     2     0.0786 
Overlap                     0.0000     1     0.0001     8     0.0000 
Load imbalance              0.0000     4     2.0094    17     0.2729 
Execution time              6.1059     2     6.1236    17     6.1181 
User CPU time               3.5320    17     5.5225     4     5.2536 
Sys. CPU time               0.0055    17     0.0247     8     0.0203 
Processors                      18     1         18    18         18 
                      Communic          Synchro        Variation          Overlap  
Reduction       Tmin    0.0007     3     0.0000    10     0.0000    10     0.0000     1 
Reduction       Tmax    2.2750    17     0.0001     7     0.0001     8     0.0000    16 
Reduction       Tmid    0.3437           0.0001           0.0001           0.0000       
Shadow          Tmin    0.0458     2     0.0007     8     0.0009     3     0.0000     1 
Shadow          Tmax    0.2072    17     0.2748    17     0.3116     2     0.0001     8 
Shadow          Tmid    0.1427           0.0719           0.0785           0.0000       
--- The execution characteristics --- 
                                1          2          3          4          5          6          7          8          9         10         11         12         13         14         15         16         17         18 
Lost time                  0.7085     0.7267     0.5834     0.5767     0.5816     0.5922     0.5844     0.5929     0.6537     0.6830     0.5971     0.6098     0.6314     0.6414     0.6941     0.7158     2.5862     2.5350 
User insufficient par.     0.0251     0.0169     0.0096     0.0098     0.0114     0.0106     0.0120     0.0130     0.0115     0.0125     0.0087     0.0102     0.0096     0.0107     0.0098     0.0149     0.0106     0.0101 
Sys.insufficient par.      0.2018     0.2039     0.3953     0.4138     0.3913     0.3968     0.4111     0.4202     0.3966     0.3853     0.4064     0.4091     0.3874     0.3874     0.4145     0.4087     0.0933     0.0984 
Idle time                  0.0167     0.0177     0.0052     0.0050     0.0035     0.0032     0.0045     0.0058     0.0025     0.0050     0.0046     0.0051     0.0022     0.0016     0.0086     0.0082     0.0000     0.0001 
Communication              0.4649     0.4882     0.1733     0.1481     0.1755     0.1816     0.1568     0.1540     0.2431     0.2802     0.1773     0.1854     0.2323     0.2418     0.2612     0.2840     2.4822     2.4264 
Synchronization            0.2120     0.2138     0.0234     0.0052     0.0284     0.0303     0.0113     0.0009     0.0210     0.0479     0.0069     0.0081     0.0632     0.0635     0.0048     0.0065     0.2749     0.2738 
Variation                  0.3089     0.3117     0.0010     0.0049     0.0435     0.0403     0.0060     0.0011     0.0331     0.0464     0.0113     0.0086     0.0218     0.0234     0.0072     0.0141     0.2649     0.2657 
Overlap                    0.0000     0.0000     0.0000     0.0000     0.0000     0.0000     0.0000     0.0001     0.0000     0.0000     0.0000     0.0000     0.0000     0.0000     0.0000     0.0000     0.0000     0.0000 
Load imbalance             0.1318     0.1499     0.0067     0.0000     0.0049     0.0155     0.0077     0.0162     0.0770     0.1063     0.0203     0.0331     0.0547     0.0647     0.1173     0.1391     2.0094     1.9582 
Execution time             6.1069     6.1059     6.1184     6.1186     6.1202     6.1204     6.1191     6.1178     6.1211     6.1187     6.1190     6.1185     6.1214     6.1220     6.1150     6.1154     6.1236     6.1235 
User CPU time              5.4032     5.3849     5.5169     5.5225     5.5190     5.5081     5.5150     5.5060     5.4466     5.4180     5.5026     5.4897     5.4694     5.4594     5.4052     5.3837     3.5320     3.5829 
Sys. CPU time              0.0119     0.0120     0.0233     0.0243     0.0230     0.0233     0.0242     0.0247     0.0233     0.0227     0.0239     0.0241     0.0228     0.0228     0.0244     0.0240     0.0055     0.0058 
Processors                     18         18         18         18         18         18         18         18         18         18         18         18         18         18         18         18         18         18 
           Communication          
Reduction                  0.4164     0.4424     0.0007     0.0016     0.0414     0.0476     0.0055     0.0063     0.1069     0.1409     0.0287     0.0350     0.0746     0.0846     0.1153     0.1392     2.2750     2.2251 
Shadow                     0.0484     0.0458     0.1726     0.1465     0.1341     0.1339     0.1513     0.1477     0.1362     0.1394     0.1486     0.1503     0.1577     0.1571     0.1459     0.1448     0.2072     0.2013 
           Synchronization        
Reduction                  0.0001     0.0001     0.0001     0.0001     0.0001     0.0001     0.0001     0.0001     0.0001     0.0000     0.0001     0.0001     0.0000     0.0000     0.0000     0.0000     0.0001     0.0000 
Shadow                     0.2119     0.2137     0.0233     0.0051     0.0283     0.0302     0.0112     0.0007     0.0210     0.0478     0.0068     0.0081     0.0631     0.0635     0.0048     0.0065     0.2748     0.2738 
           Variation              
Reduction                  0.0001     0.0001     0.0001     0.0001     0.0001     0.0001     0.0001     0.0001     0.0001     0.0000     0.0001     0.0001     0.0000     0.0000     0.0000     0.0000     0.0001     0.0000 
Shadow                     0.3089     0.3116     0.0009     0.0048     0.0434     0.0402     0.0059     0.0010     0.0330     0.0464     0.0112     0.0085     0.0217     0.0234     0.0072     0.0140     0.2649     0.2657 
           Overlap                
Reduction                  0.0000     0.0000     0.0000     0.0000     0.0000     0.0000     0.0000     0.0000     0.0000     0.0000     0.0000     0.0000     0.0000     0.0000     0.0000     0.0000     0.0000     0.0000 
Shadow                     0.0000     0.0000     0.0000     0.0000     0.0000     0.0000     0.0000     0.0001     0.0000     0.0000     0.0000     0.0000     0.0000     0.0000     0.0000     0.0000     0.0000     0.0000 


-------------------------------------------------------------------------
Name (number) and performance time of processors
DVM(1) 1.029319
DVM(2) 1.029127
DVM(3) 1.028796
DVM(4) 1.028808
DVM(5) 1.029409
DVM(6) 1.029354
DVM(7) 1.029391
DVM(8) 1.029383
DVM(9) 1.029120
DVM(10) 1.029093
DVM(11) 1.029424
DVM(12) 1.029386
DVM(13) 1.028688
DVM(14) 1.028638
DVM(15) 1.029018
DVM(16) 1.029017
DVM(17) 1.028760
DVM(18) 1.028752
min - DVM(14) 1.028638; max - DVM(11) 1.029424; mid - 1.029082
