Processor system=3*6*1
Statistics has been accumulated on DVM-system version 5.0, platform DVM
Analyzer is executing on DVM-system version 5.0, platform DVM
-------------------------------------------------------------------------
INTERVAL ( NLINE=20 SOURCE=jac3d.c ) LEVEL=0  EXE_COUNT=2
--- The main characteristics --- 
Parallelization efficiency      0.6631 
Execution time                  9.4399 
Processors                          18
Threads amount                      18
Total time                    169.9189
Productive time               112.6700 ( CPU= 112.4739 Sys= 0.1961 I/O= 0.0000 )
Lost  time                     57.2489 
   Insufficient parallelism    48.0991 ( User= 44.7656 Sys= 3.3336 )
   Communication                9.0984 ( Real_sync= 0.0000 Starts= 0.0000 )
   Idle time                    0.0514
Load imbalance                  8.0767
Synchronization                 3.0998
Time variation                  2.8074
Overlap                         0.0003
                  Nop   Communic    Synchro  Variation    Overlap 
Reduction          20     6.7210     0.0014     0.0013     0.0001 
Shadow             20     2.3773     3.0985     2.8061     0.0002 
--- The comparative characteristics --- 
                              Tmin N proc      Tmax N proc      Tmid
Lost time                   2.7318     6     5.4430    18     3.1805 
User insufficient par.      2.4728    12     2.5542    18     2.4870 
Sys.insufficient par.       0.0995    18     0.2855    11     0.1852 
Idle time                   0.0000     9     0.0064    17     0.0029 
Communication               0.1113     4     2.7829    18     0.5055 
Synchronization             0.0003    11     0.2987    18     0.1722 
Variation                   0.0011    11     0.3228    18     0.1560 
Overlap                     0.0000     1     0.0002    11     0.0000 
Load imbalance              0.0000     6     2.7112    18     0.4487 
Execution time              9.4336    17     9.4399     9     9.4371 
User CPU time               3.9911    18     6.7000     6     6.2486 
Sys. CPU time               0.0059    18     0.0168    11     0.0109 
Processors                      18     1         18    18         18 
                      Communic          Synchro        Variation          Overlap  
Reduction       Tmin    0.0018     9     0.0000    16     0.0000    16     0.0000     1 
Reduction       Tmax    2.7355    18     0.0001     3     0.0001     3     0.0000    16 
Reduction       Tmid    0.3734           0.0001           0.0001           0.0000       
Shadow          Tmin    0.0473    18     0.0002    11     0.0010    11     0.0000     1 
Shadow          Tmax    0.2357    17     0.2986    18     0.3227    18     0.0002    11 
Shadow          Tmid    0.1321           0.1721           0.1559           0.0000       
--- The execution characteristics --- 
                                1          2          3          4          5          6          7          8          9         10         11         12         13         14         15         16         17         18 
Lost time                  2.8470     2.8110     2.7755     2.7742     2.8466     2.7318     2.8215     2.9513     2.9311     2.9943     2.9820     2.7951     2.9538     2.9513     3.0220     3.1793     5.4382     5.4430 
User insufficient par.     2.4853     2.4736     2.4753     2.4747     2.4767     2.4751     2.4834     2.4754     2.4758     2.4792     2.4746     2.4728     2.4906     2.4809     2.4831     2.4913     2.5437     2.5542 
Sys.insufficient par.      0.1391     0.1802     0.1836     0.1853     0.1812     0.1379     0.1421     0.2853     0.2722     0.2800     0.2855     0.1280     0.1358     0.1833     0.1917     0.1922     0.1306     0.0995 
Idle time                  0.0024     0.0032     0.0000     0.0029     0.0021     0.0010     0.0000     0.0019     0.0000     0.0027     0.0040     0.0050     0.0052     0.0047     0.0035     0.0000     0.0064     0.0064 
Communication              0.2201     0.1541     0.1166     0.1113     0.1865     0.1178     0.1960     0.1887     0.1831     0.2325     0.2179     0.1893     0.3221     0.2824     0.3437     0.4957     2.7576     2.7829 
Synchronization            0.2330     0.1758     0.1659     0.1722     0.1699     0.2542     0.2379     0.0122     0.0340     0.0531     0.0003     0.2458     0.2369     0.1813     0.1838     0.1823     0.2626     0.2987 
Variation                  0.2718     0.1492     0.1775     0.1818     0.1527     0.2557     0.2586     0.0112     0.0260     0.0446     0.0011     0.1780     0.2759     0.1038     0.1441     0.1524     0.1002     0.3228 
Overlap                    0.0000     0.0000     0.0000     0.0000     0.0000     0.0000     0.0000     0.0000     0.0000     0.0000     0.0002     0.0000     0.0000     0.0000     0.0000     0.0000     0.0000     0.0000 
Load imbalance             0.1152     0.0792     0.0437     0.0424     0.1148     0.0000     0.0897     0.2195     0.1993     0.2626     0.2502     0.0633     0.2220     0.2195     0.2902     0.4475     2.7065     2.7112 
Execution time             9.4375     9.4367     9.4399     9.4370     9.4378     9.4389     9.4399     9.4380     9.4399     9.4372     9.4360     9.4350     9.4347     9.4352     9.4365     9.4399     9.4336     9.4336 
User CPU time              6.5847     6.6183     6.6537     6.6549     6.5827     6.7000     6.6101     6.4718     6.4928     6.4291     6.4412     6.6373     6.4782     6.4778     6.4067     6.2493     3.9940     3.9911 
Sys. CPU time              0.0082     0.0106     0.0108     0.0109     0.0107     0.0081     0.0084     0.0168     0.0160     0.0165     0.0168     0.0075     0.0080     0.0108     0.0113     0.0113     0.0077     0.0059 
Processors                     18         18         18         18         18         18         18         18         18         18         18         18         18         18         18         18         18         18 
           Communication          
Reduction                  0.1578     0.0145     0.0083     0.0092     0.0501     0.0388     0.1239     0.0023     0.0018     0.0677     0.0236     0.0255     0.2616     0.1001     0.2097     0.3688     2.5219     2.7355 
Shadow                     0.0623     0.1396     0.1083     0.1021     0.1364     0.0790     0.0721     0.1865     0.1813     0.1648     0.1943     0.1639     0.0605     0.1823     0.1340     0.1270     0.2357     0.0473 
           Synchronization        
Reduction                  0.0001     0.0001     0.0001     0.0001     0.0001     0.0001     0.0000     0.0001     0.0001     0.0000     0.0001     0.0001     0.0000     0.0001     0.0001     0.0000     0.0001     0.0000 
Shadow                     0.2329     0.1756     0.1658     0.1721     0.1699     0.2541     0.2378     0.0121     0.0339     0.0531     0.0002     0.2457     0.2369     0.1812     0.1838     0.1823     0.2625     0.2986 
           Variation              
Reduction                  0.0001     0.0001     0.0001     0.0001     0.0001     0.0001     0.0000     0.0001     0.0001     0.0000     0.0001     0.0001     0.0000     0.0001     0.0001     0.0000     0.0001     0.0000 
Shadow                     0.2717     0.1491     0.1774     0.1817     0.1526     0.2557     0.2586     0.0110     0.0259     0.0446     0.0010     0.1779     0.2758     0.1038     0.1441     0.1524     0.1001     0.3227 
           Overlap                
Reduction                  0.0000     0.0000     0.0000     0.0000     0.0000     0.0000     0.0000     0.0000     0.0000     0.0000     0.0000     0.0000     0.0000     0.0000     0.0000     0.0000     0.0000     0.0000 
Shadow                     0.0000     0.0000     0.0000     0.0000     0.0000     0.0000     0.0000     0.0000     0.0000     0.0000     0.0002     0.0000     0.0000     0.0000     0.0000     0.0000     0.0000     0.0000 


-------------------------------------------------------------------------
INTERVAL ( NLINE=42 SOURCE=jac3d.c ) LEVEL=1 SEQ EXE_COUNT=2
--- The main characteristics --- 
Parallelization efficiency      0.9004 
Execution time                  6.6210 
Processors                          18
Threads amount                      18
Total time                    119.1781
Productive time               107.3043 ( CPU= 107.1601 Sys= 0.1442 I/O= 0.0000 )
Lost  time                     11.8739 
   Insufficient parallelism     2.6632 ( User= 0.2123 Sys= 2.4508 )
   Communication                9.0984 ( Real_sync= 0.0000 Starts= 0.0000 )
   Idle time                    0.1123
Load imbalance                  7.9369
Synchronization                 3.0998
Time variation                  2.8074
Overlap                         0.0003
                  Nop   Communic    Synchro  Variation    Overlap 
Reduction          20     6.7210     0.0014     0.0013     0.0001 
Shadow             20     2.3773     3.0985     2.8061     0.0002 
--- The comparative characteristics --- 
                              Tmin N proc      Tmax N proc      Tmid
Lost time                   0.2187     6     2.8750    18     0.6597 
User insufficient par.      0.0087    12     0.0162    13     0.0118 
Sys.insufficient par.       0.0550    18     0.2367    11     0.1362 
Idle time                   0.0000     4     0.0256    18     0.0062 
Communication               0.1113     4     2.7829    18     0.5055 
Synchronization             0.0003    11     0.2987    18     0.1722 
Variation                   0.0011    11     0.3228    18     0.1560 
Overlap                     0.0000     1     0.0002    11     0.0000 
Load imbalance              0.0000     6     2.6563    18     0.4409 
Execution time              6.5954    18     6.6210     4     6.6148 
User CPU time               3.7428    18     6.3971     6     5.9533 
Sys. CPU time               0.0032    18     0.0139    11     0.0080 
Processors                      18     1         18    18         18 
                      Communic          Synchro        Variation          Overlap  
Reduction       Tmin    0.0018     9     0.0000    16     0.0000    16     0.0000     1 
Reduction       Tmax    2.7355    18     0.0001     3     0.0001     3     0.0000    16 
Reduction       Tmid    0.3734           0.0001           0.0001           0.0000       
Shadow          Tmin    0.0473    18     0.0002    11     0.0010    11     0.0000     1 
Shadow          Tmax    0.2357    17     0.2986    18     0.3227    18     0.0002    11 
Shadow          Tmid    0.1321           0.1721           0.1559           0.0000       
--- The execution characteristics --- 
                                1          2          3          4          5          6          7          8          9         10         11         12         13         14         15         16         17         18 
Lost time                  0.3312     0.2946     0.2617     0.2578     0.3309     0.2187     0.3066     0.4361     0.4189     0.4784     0.4663     0.2808     0.4379     0.4356     0.5098     0.6657     2.8678     2.8750 
User insufficient par.     0.0148     0.0092     0.0093     0.0109     0.0111     0.0097     0.0111     0.0116     0.0105     0.0139     0.0104     0.0087     0.0162     0.0143     0.0136     0.0152     0.0104     0.0115 
Sys.insufficient par.      0.0891     0.1305     0.1331     0.1356     0.1310     0.0874     0.0914     0.2349     0.2216     0.2300     0.2367     0.0804     0.0886     0.1350     0.1422     0.1417     0.0867     0.0550 
Idle time                  0.0071     0.0009     0.0027     0.0000     0.0024     0.0038     0.0080     0.0010     0.0037     0.0020     0.0013     0.0025     0.0111     0.0039     0.0103     0.0130     0.0131     0.0256 
Communication              0.2201     0.1541     0.1166     0.1113     0.1865     0.1178     0.1960     0.1887     0.1831     0.2325     0.2179     0.1893     0.3221     0.2824     0.3437     0.4957     2.7576     2.7829 
Synchronization            0.2330     0.1758     0.1659     0.1722     0.1699     0.2542     0.2379     0.0122     0.0340     0.0531     0.0003     0.2458     0.2369     0.1813     0.1838     0.1823     0.2626     0.2987 
Variation                  0.2718     0.1492     0.1775     0.1818     0.1527     0.2557     0.2586     0.0112     0.0260     0.0446     0.0011     0.1780     0.2759     0.1038     0.1441     0.1524     0.1002     0.3228 
Overlap                    0.0000     0.0000     0.0000     0.0000     0.0000     0.0000     0.0000     0.0000     0.0000     0.0000     0.0002     0.0000     0.0000     0.0000     0.0000     0.0000     0.0000     0.0000 
Load imbalance             0.1125     0.0759     0.0430     0.0391     0.1122     0.0000     0.0879     0.2174     0.2001     0.2596     0.2475     0.0621     0.2192     0.2169     0.2910     0.4469     2.6491     2.6563 
Execution time             6.6139     6.6201     6.6183     6.6210     6.6186     6.6172     6.6130     6.6200     6.6174     6.6190     6.6197     6.6185     6.6099     6.6171     6.6107     6.6080     6.6079     6.5954 
User CPU time              6.2846     6.3187     6.3514     6.3552     6.2824     6.3971     6.3090     6.1711     6.1891     6.1291     6.1408     6.3354     6.1779     6.1774     6.1029     5.9470     3.7481     3.7428 
Sys. CPU time              0.0052     0.0077     0.0078     0.0080     0.0077     0.0051     0.0054     0.0138     0.0130     0.0135     0.0139     0.0047     0.0052     0.0079     0.0084     0.0083     0.0051     0.0032 
Processors                     18         18         18         18         18         18         18         18         18         18         18         18         18         18         18         18         18         18 
           Communication          
Reduction                  0.1578     0.0145     0.0083     0.0092     0.0501     0.0388     0.1239     0.0023     0.0018     0.0677     0.0236     0.0255     0.2616     0.1001     0.2097     0.3688     2.5219     2.7355 
Shadow                     0.0623     0.1396     0.1083     0.1021     0.1364     0.0790     0.0721     0.1865     0.1813     0.1648     0.1943     0.1639     0.0605     0.1823     0.1340     0.1270     0.2357     0.0473 
           Synchronization        
Reduction                  0.0001     0.0001     0.0001     0.0001     0.0001     0.0001     0.0000     0.0001     0.0001     0.0000     0.0001     0.0001     0.0000     0.0001     0.0001     0.0000     0.0001     0.0000 
Shadow                     0.2329     0.1756     0.1658     0.1721     0.1699     0.2541     0.2378     0.0121     0.0339     0.0531     0.0002     0.2457     0.2369     0.1812     0.1838     0.1823     0.2625     0.2986 
           Variation              
Reduction                  0.0001     0.0001     0.0001     0.0001     0.0001     0.0001     0.0000     0.0001     0.0001     0.0000     0.0001     0.0001     0.0000     0.0001     0.0001     0.0000     0.0001     0.0000 
Shadow                     0.2717     0.1491     0.1774     0.1817     0.1526     0.2557     0.2586     0.0110     0.0259     0.0446     0.0010     0.1779     0.2758     0.1038     0.1441     0.1524     0.1001     0.3227 
           Overlap                
Reduction                  0.0000     0.0000     0.0000     0.0000     0.0000     0.0000     0.0000     0.0000     0.0000     0.0000     0.0000     0.0000     0.0000     0.0000     0.0000     0.0000     0.0000     0.0000 
Shadow                     0.0000     0.0000     0.0000     0.0000     0.0000     0.0000     0.0000     0.0000     0.0000     0.0000     0.0002     0.0000     0.0000     0.0000     0.0000     0.0000     0.0000     0.0000 


-------------------------------------------------------------------------
Name (number) and performance time of processors
DVM(1) 1.028748
DVM(2) 1.028599
DVM(3) 1.029067
DVM(4) 1.029097
DVM(5) 1.028982
DVM(6) 1.028970
DVM(7) 1.028978
DVM(8) 1.029006
DVM(9) 1.028696
DVM(10) 1.028714
DVM(11) 1.028603
DVM(12) 1.028601
DVM(13) 1.028938
DVM(14) 1.028882
DVM(15) 1.029073
DVM(16) 1.029070
DVM(17) 1.029024
DVM(18) 1.030320
min - DVM(2) 1.028599; max - DVM(18) 1.030320; mid - 1.028965
