Processor system=2*7*1
Statistics has been accumulated on DVM-system version 5.0, platform DVM
Analyzer is executing on DVM-system version 5.0, platform DVM
-------------------------------------------------------------------------
INTERVAL ( NLINE=20 SOURCE=jac3d.c ) LEVEL=0  EXE_COUNT=1
--- The main characteristics --- 
Parallelization efficiency      0.6153 
Execution time                  8.8065 
Processors                          14
Threads amount                      14
Total time                    123.2914
Productive time                75.8658 ( CPU= 75.6607 Sys= 0.2051 I/O= 0.0000 )
Lost  time                     47.4256 
   Insufficient parallelism    37.3898 ( User= 34.7240 Sys= 2.6659 )
   Communication               10.0176 ( Real_sync= 0.0000 Starts= 0.0000 )
   Idle time                    0.0182
Load imbalance                  8.7779
Synchronization                 1.5353
Time variation                  1.5771
Overlap                         0.0002
                  Nop   Communic    Synchro  Variation    Overlap 
Reduction          20     8.4098     0.0008     0.0008     0.0001 
Shadow             20     1.6078     1.5345     1.5763     0.0001 
--- The comparative characteristics --- 
                              Tmin N proc      Tmax N proc      Tmid
Lost time                   2.7605     8     4.1016    14     3.3875 
User insufficient par.      2.4656     4     2.5025    14     2.4803 
Sys.insufficient par.       0.0859    14     0.2791     2     0.1904 
Idle time                   0.0000     5     0.0020    14     0.0013 
Communication               0.1511     4     1.5112    14     0.7155 
Synchronization             0.0001     2     0.2324    14     0.1097 
Variation                   0.0022     6     0.2570     1     0.1126 
Overlap                     0.0000     1     0.0001     2     0.0000 
Load imbalance              0.0000     8     1.3411    14     0.6270 
Execution time              8.8045    14     8.8065     5     8.8052 
User CPU time               4.6983    14     6.0372     8     5.4043 
Sys. CPU time               0.0066    14     0.0215     2     0.0146 
Processors                      14     1         14    14         14 
                      Communic          Synchro        Variation          Overlap  
Reduction       Tmin    0.0013     4     0.0000     3     0.0000     3     0.0000     1 
Reduction       Tmax    1.4250    14     0.0001     2     0.0001     4     0.0000     3 
Reduction       Tmid    0.6007           0.0001           0.0001           0.0000       
Shadow          Tmin    0.0512     8     0.0000     2     0.0021     6     0.0000     1 
Shadow          Tmax    0.1633     7     0.2324    14     0.2569     1     0.0001     2 
Shadow          Tmid    0.1148           0.1096           0.1126           0.0000       
--- The execution characteristics --- 
                                1          2          3          4          5          6          7          8          9         10         11         12         13         14 
Lost time                  2.8874     2.9017     2.9685     2.8835     2.9811     2.8929     2.8877     2.7605     4.0488     3.9966     4.0408     4.0245     4.0499     4.1016 
User insufficient par.     2.4793     2.4702     2.4668     2.4656     2.4699     2.4666     2.4733     2.4676     2.4922     2.4911     2.4915     2.4919     2.4955     2.5025 
Sys.insufficient par.      0.1022     0.2791     0.2670     0.2658     0.2739     0.2690     0.1006     0.1136     0.1809     0.1791     0.1827     0.1838     0.1822     0.0859 
Idle time                  0.0013     0.0005     0.0005     0.0010     0.0000     0.0020     0.0008     0.0003     0.0020     0.0020     0.0020     0.0019     0.0020     0.0020 
Communication              0.3045     0.1520     0.2342     0.1511     0.2373     0.1554     0.3129     0.1791     1.3737     1.3245     1.3646     1.3469     1.3702     1.5112 
Synchronization            0.2172     0.0001     0.0126     0.0117     0.0110     0.0079     0.2054     0.1820     0.1295     0.1386     0.1274     0.1349     0.1246     0.2324 
Variation                  0.2570     0.0107     0.0040     0.0054     0.0027     0.0022     0.1503     0.2461     0.1033     0.1403     0.1405     0.1388     0.1383     0.2376 
Overlap                    0.0000     0.0001     0.0000     0.0000     0.0000     0.0000     0.0000     0.0000     0.0000     0.0000     0.0000     0.0000     0.0000     0.0000 
Load imbalance             0.1268     0.1412     0.2080     0.1230     0.2205     0.1324     0.1271     0.0000     1.2883     1.2361     1.2802     1.2640     1.2893     1.3411 
Execution time             8.8052     8.8060     8.8060     8.8055     8.8065     8.8046     8.8057     8.8063     8.8046     8.8046     8.8046     8.8046     8.8046     8.8045 
User CPU time              5.9113     5.8833     5.8175     5.9026     5.8044     5.8929     5.9111     6.0372     4.7438     4.7962     4.7517     4.7679     4.7426     4.6983 
Sys. CPU time              0.0079     0.0215     0.0205     0.0204     0.0211     0.0207     0.0077     0.0087     0.0139     0.0138     0.0141     0.0141     0.0140     0.0066 
Processors                     14         14         14         14         14         14         14         14         14         14         14         14         14         14 
           Communication          
Reduction                  0.2497     0.0135     0.0855     0.0013     0.0896     0.0046     0.1496     0.1278     1.2438     1.2282     1.2693     1.2506     1.2713     1.4250 
Shadow                     0.0549     0.1385     0.1487     0.1498     0.1477     0.1509     0.1633     0.0512     0.1299     0.0962     0.0953     0.0963     0.0989     0.0862 
           Synchronization        
Reduction                  0.0001     0.0001     0.0000     0.0001     0.0000     0.0001     0.0000     0.0001     0.0001     0.0000     0.0000     0.0000     0.0000     0.0001 
Shadow                     0.2172     0.0000     0.0126     0.0116     0.0110     0.0078     0.2054     0.1819     0.1294     0.1386     0.1274     0.1348     0.1245     0.2324 
           Variation              
Reduction                  0.0001     0.0001     0.0000     0.0001     0.0000     0.0001     0.0000     0.0001     0.0001     0.0000     0.0000     0.0000     0.0000     0.0001 
Shadow                     0.2569     0.0106     0.0040     0.0054     0.0027     0.0021     0.1502     0.2461     0.1032     0.1402     0.1405     0.1388     0.1382     0.2375 
           Overlap                
Reduction                  0.0000     0.0000     0.0000     0.0000     0.0000     0.0000     0.0000     0.0000     0.0000     0.0000     0.0000     0.0000     0.0000     0.0000 
Shadow                     0.0000     0.0001     0.0000     0.0000     0.0000     0.0000     0.0000     0.0000     0.0000     0.0000     0.0000     0.0000     0.0000     0.0000 


-------------------------------------------------------------------------
INTERVAL ( NLINE=42 SOURCE=jac3d.c ) LEVEL=1 SEQ EXE_COUNT=1
--- The main characteristics --- 
Parallelization efficiency      0.8477 
Execution time                  5.9741 
Processors                          14
Threads amount                      14
Total time                     83.6374
Productive time                70.9013 ( CPU= 70.7434 Sys= 0.1579 I/O= 0.0000 )
Lost  time                     12.7361 
   Insufficient parallelism     2.2045 ( User= 0.1520 Sys= 2.0526 )
   Communication               10.0176 ( Real_sync= 0.0000 Starts= 0.0000 )
   Idle time                    0.5140
Load imbalance                  8.2740
Synchronization                 1.5353
Time variation                  1.5771
Overlap                         0.0002
                  Nop   Communic    Synchro  Variation    Overlap 
Reduction          20     8.4098     0.0008     0.0008     0.0001 
Shadow             20     1.6078     1.5345     1.5763     0.0001 
--- The comparative characteristics --- 
                              Tmin N proc      Tmax N proc      Tmid
Lost time                   0.3187     8     1.5778    14     0.9097 
User insufficient par.      0.0056    10     0.0174     1     0.0109 
Sys.insufficient par.       0.0440    14     0.2338     2     0.1466 
Idle time                   0.0000     9     0.0670     1     0.0367 
Communication               0.1511     4     1.5112    14     0.7155 
Synchronization             0.0001     2     0.2324    14     0.1097 
Variation                   0.0022     6     0.2570     1     0.1126 
Overlap                     0.0000     1     0.0001     2     0.0000 
Load imbalance              0.0000     8     1.2591    14     0.5910 
Execution time              5.9071     1     5.9741     9     5.9374 
User CPU time               4.3929    14     5.6501     8     5.0531 
Sys. CPU time               0.0034    14     0.0180     2     0.0113 
Processors                      14     1         14    14         14 
                      Communic          Synchro        Variation          Overlap  
Reduction       Tmin    0.0013     4     0.0000     3     0.0000     3     0.0000     1 
Reduction       Tmax    1.4250    14     0.0001     2     0.0001     4     0.0000     3 
Reduction       Tmid    0.6007           0.0001           0.0001           0.0000       
Shadow          Tmin    0.0512     8     0.0000     2     0.0021     6     0.0000     1 
Shadow          Tmax    0.1633     7     0.2324    14     0.2569     1     0.0001     2 
Shadow          Tmid    0.1148           0.1096           0.1126           0.0000       
--- The execution characteristics --- 
                                1          2          3          4          5          6          7          8          9         10         11         12         13         14 
Lost time                  0.4459     0.4598     0.5293     0.4417     0.5410     0.4506     0.4480     0.3187     1.5201     1.4698     1.5116     1.4988     1.5227     1.5778 
User insufficient par.     0.0174     0.0154     0.0108     0.0131     0.0135     0.0130     0.0153     0.0098     0.0075     0.0056     0.0059     0.0066     0.0087     0.0092 
Sys.insufficient par.      0.0570     0.2338     0.2213     0.2204     0.2284     0.2252     0.0551     0.0682     0.1390     0.1376     0.1409     0.1416     0.1402     0.0440 
Idle time                  0.0670     0.0587     0.0630     0.0572     0.0618     0.0569     0.0647     0.0617     0.0000     0.0022     0.0002     0.0037     0.0036     0.0133 
Communication              0.3045     0.1520     0.2342     0.1511     0.2373     0.1554     0.3129     0.1791     1.3737     1.3245     1.3646     1.3469     1.3702     1.5112 
Synchronization            0.2172     0.0001     0.0126     0.0117     0.0110     0.0079     0.2054     0.1820     0.1295     0.1386     0.1274     0.1349     0.1246     0.2324 
Variation                  0.2570     0.0107     0.0040     0.0054     0.0027     0.0022     0.1503     0.2461     0.1033     0.1403     0.1405     0.1388     0.1383     0.2376 
Overlap                    0.0000     0.0001     0.0000     0.0000     0.0000     0.0000     0.0000     0.0000     0.0000     0.0000     0.0000     0.0000     0.0000     0.0000 
Load imbalance             0.1272     0.1411     0.2106     0.1230     0.2223     0.1319     0.1293     0.0000     1.2014     1.1511     1.1929     1.1801     1.2040     1.2591 
Execution time             5.9071     5.9154     5.9111     5.9169     5.9123     5.9172     5.9094     5.9124     5.9741     5.9719     5.9739     5.9704     5.9705     5.9607 
User CPU time              5.5238     5.4963     5.4278     5.5154     5.4155     5.5062     5.5218     5.6501     4.4433     4.4937     4.4516     4.4644     4.4406     4.3929 
Sys. CPU time              0.0044     0.0180     0.0170     0.0170     0.0176     0.0173     0.0042     0.0052     0.0107     0.0106     0.0108     0.0109     0.0108     0.0034 
Processors                     14         14         14         14         14         14         14         14         14         14         14         14         14         14 
           Communication          
Reduction                  0.2497     0.0135     0.0855     0.0013     0.0896     0.0046     0.1496     0.1278     1.2438     1.2282     1.2693     1.2506     1.2713     1.4250 
Shadow                     0.0549     0.1385     0.1487     0.1498     0.1477     0.1509     0.1633     0.0512     0.1299     0.0962     0.0953     0.0963     0.0989     0.0862 
           Synchronization        
Reduction                  0.0001     0.0001     0.0000     0.0001     0.0000     0.0001     0.0000     0.0001     0.0001     0.0000     0.0000     0.0000     0.0000     0.0001 
Shadow                     0.2172     0.0000     0.0126     0.0116     0.0110     0.0078     0.2054     0.1819     0.1294     0.1386     0.1274     0.1348     0.1245     0.2324 
           Variation              
Reduction                  0.0001     0.0001     0.0000     0.0001     0.0000     0.0001     0.0000     0.0001     0.0001     0.0000     0.0000     0.0000     0.0000     0.0001 
Shadow                     0.2569     0.0106     0.0040     0.0054     0.0027     0.0021     0.1502     0.2461     0.1032     0.1402     0.1405     0.1388     0.1382     0.2375 
           Overlap                
Reduction                  0.0000     0.0000     0.0000     0.0000     0.0000     0.0000     0.0000     0.0000     0.0000     0.0000     0.0000     0.0000     0.0000     0.0000 
Shadow                     0.0000     0.0001     0.0000     0.0000     0.0000     0.0000     0.0000     0.0000     0.0000     0.0000     0.0000     0.0000     0.0000     0.0000 


-------------------------------------------------------------------------
Name (number) and performance time of processors
DVM(1) 1.029137
DVM(2) 1.029018
DVM(3) 1.028612
DVM(4) 1.028598
DVM(5) 1.028832
DVM(6) 1.028854
DVM(7) 1.029077
DVM(8) 1.029072
DVM(9) 1.028541
DVM(10) 1.028596
DVM(11) 1.028567
DVM(12) 1.028531
DVM(13) 1.028969
DVM(14) 1.028988
min - DVM(12) 1.028531; max - DVM(1) 1.029137; mid - 1.028814
