Processor system=2*2*4
Statistics has been accumulated on DVM-system version 5.0, platform DVM
Analyzer is executing on DVM-system version 5.0, platform DVM
-------------------------------------------------------------------------
INTERVAL ( NLINE=20 SOURCE=jac3d.c ) LEVEL=0  EXE_COUNT=1
--- The main characteristics --- 
Parallelization efficiency      0.5511 
Execution time                  9.0257 
Processors                          16
Threads amount                      16
Total time                    144.4108
Productive time                79.5900 ( CPU= 78.9205 Sys= 0.6695 I/O= 0.0000 )
Lost  time                     64.8209 
   Insufficient parallelism    50.6272 ( User= 40.5848 Sys= 10.0423 )
   Communication               14.1578 ( Real_sync= 0.0000 Starts= 0.0000 )
   Idle time                    0.0359
Load imbalance                  8.0485
Synchronization                 6.2247
Time variation                  9.8025
Overlap                         0.0002
                  Nop   Communic    Synchro  Variation    Overlap 
Reduction          20    11.6465     0.0016     0.0015     0.0001 
Shadow             20     2.5113     6.2231     9.8010     0.0001 
--- The comparative characteristics --- 
                              Tmin N proc      Tmax N proc      Tmid
Lost time                   3.5483     4     5.3791    13     4.0513 
User insufficient par.      2.5081     3     2.5965    13     2.5366 
Sys.insufficient par.       0.1592    13     1.2832     7     0.6276 
Idle time                   0.0000    11     0.0043    13     0.0022 
Communication               0.0676     3     2.6190    13     0.8849 
Synchronization             0.0036     7     0.6195    16     0.3890 
Variation                   0.0044     3     1.2309    13     0.6127 
Overlap                     0.0000     2     0.0001     3     0.0000 
Load imbalance              0.0000     4     1.8308    13     0.5030 
Execution time              9.0214    13     9.0257    11     9.0234 
User CPU time               3.6360    13     5.4474     4     4.9325 
Sys. CPU time               0.0106    13     0.0855     7     0.0418 
Processors                      16     1         16    16         16 
                      Communic          Synchro        Variation          Overlap  
Reduction       Tmin    0.0004     3     0.0000    16     0.0000    16     0.0000     2 
Reduction       Tmax    2.5850    13     0.0002     3     0.0001    11     0.0000     5 
Reduction       Tmid    0.7279           0.0001           0.0001           0.0000       
Shadow          Tmin    0.0244     9     0.0035     7     0.0043     3     0.0000     1 
Shadow          Tmax    0.5204     8     0.6194    16     1.2307    13     0.0001     3 
Shadow          Tmid    0.1570           0.3889           0.6126           0.0000       
--- The execution characteristics --- 
                                1          2          3          4          5          6          7          8          9         10         11         12         13         14         15         16 
Lost time                  3.6979     3.6242     3.8599     3.5483     3.7239     3.7007     3.8606     3.5967     3.7232     3.7288     3.8592     3.6098     5.3791     4.9510     4.8492     5.1084 
User insufficient par.     2.5503     2.5185     2.5081     2.5128     2.5519     2.5194     2.5083     2.5139     2.5512     2.5200     2.5176     2.5218     2.5965     2.5646     2.5499     2.5799 
Sys.insufficient par.      0.2621     0.9740     1.2827     0.4500     0.2599     0.9774     1.2832     0.4482     0.2518     0.9575     1.2636     0.4409     0.1592     0.4253     0.4073     0.1991 
Idle time                  0.0004     0.0004     0.0016     0.0020     0.0024     0.0008     0.0008     0.0027     0.0031     0.0012     0.0000     0.0035     0.0043     0.0043     0.0043     0.0043 
Communication              0.8850     0.1313     0.0676     0.5835     0.9098     0.2031     0.0682     0.6318     0.9170     0.2502     0.0780     0.6436     2.6190     1.9568     1.8877     2.3252 
Synchronization            0.5525     0.2151     0.0050     0.5524     0.5499     0.2130     0.0036     0.5557     0.5515     0.2175     0.0161     0.5579     0.6181     0.4924     0.5043     0.6195 
Variation                  1.1347     0.3540     0.0044     0.4429     1.1386     0.3539     0.0049     0.4401     1.1467     0.3740     0.0268     0.4548     1.2309     0.8939     0.6841     1.1180 
Overlap                    0.0000     0.0000     0.0001     0.0000     0.0000     0.0000     0.0001     0.0000     0.0000     0.0000     0.0000     0.0000     0.0000     0.0000     0.0000     0.0000 
Load imbalance             0.1496     0.0759     0.3117     0.0000     0.1757     0.1525     0.3123     0.0484     0.1749     0.1806     0.3109     0.0615     1.8308     1.4027     1.3010     1.5601 
Execution time             9.0253     9.0253     9.0241     9.0237     9.0233     9.0249     9.0249     9.0230     9.0226     9.0245     9.0257     9.0222     9.0214     9.0214     9.0214     9.0214 
User CPU time              5.3104     5.3366     5.0802     5.4474     5.2844     5.2598     5.0796     5.3991     5.2857     5.2330     5.0822     5.3865     3.6360     4.0463     4.1493     3.9040 
Sys. CPU time              0.0175     0.0649     0.0855     0.0300     0.0173     0.0652     0.0855     0.0299     0.0168     0.0638     0.0842     0.0294     0.0106     0.0284     0.0272     0.0133 
Processors                     16         16         16         16         16         16         16         16         16         16         16         16         16         16         16         16 
           Communication          
Reduction                  0.8597     0.0836     0.0004     0.0671     0.8850     0.1580     0.0023     0.1114     0.8926     0.2032     0.0098     0.1279     2.5850     1.8687     1.5708     2.2208 
Shadow                     0.0253     0.0477     0.0671     0.5164     0.0248     0.0451     0.0659     0.5204     0.0244     0.0469     0.0682     0.5156     0.0341     0.0881     0.3170     0.1044 
           Synchronization        
Reduction                  0.0001     0.0001     0.0002     0.0001     0.0000     0.0001     0.0001     0.0001     0.0001     0.0001     0.0002     0.0001     0.0001     0.0001     0.0001     0.0000 
Shadow                     0.5525     0.2150     0.0049     0.5524     0.5498     0.2129     0.0035     0.5556     0.5514     0.2174     0.0159     0.5579     0.6180     0.4923     0.5042     0.6194 
           Variation              
Reduction                  0.0001     0.0001     0.0001     0.0001     0.0000     0.0001     0.0001     0.0001     0.0001     0.0001     0.0001     0.0001     0.0001     0.0001     0.0001     0.0000 
Shadow                     1.1346     0.3539     0.0043     0.4428     1.1386     0.3537     0.0048     0.4400     1.1467     0.3739     0.0267     0.4547     1.2307     0.8938     0.6840     1.1179 
           Overlap                
Reduction                  0.0000     0.0000     0.0000     0.0000     0.0000     0.0000     0.0000     0.0000     0.0000     0.0000     0.0000     0.0000     0.0000     0.0000     0.0000     0.0000 
Shadow                     0.0000     0.0000     0.0001     0.0000     0.0000     0.0000     0.0001     0.0000     0.0000     0.0000     0.0000     0.0000     0.0000     0.0000     0.0000     0.0000 


-------------------------------------------------------------------------
INTERVAL ( NLINE=42 SOURCE=jac3d.c ) LEVEL=1 SEQ EXE_COUNT=1
--- The main characteristics --- 
Parallelization efficiency      0.7540 
Execution time                  6.1604 
Processors                          16
Threads amount                      16
Total time                     98.5663
Productive time                74.3217 ( CPU= 73.7013 Sys= 0.6204 I/O= 0.0000 )
Lost  time                     24.2445 
   Insufficient parallelism     9.4868 ( User= 0.1807 Sys= 9.3061 )
   Communication               14.1578 ( Real_sync= 0.0000 Starts= 0.0000 )
   Idle time                    0.6000
Load imbalance                  7.7710
Synchronization                 6.2247
Time variation                  9.8025
Overlap                         0.0002
                  Nop   Communic    Synchro  Variation    Overlap 
Reduction          20    11.6465     0.0016     0.0015     0.0001 
Shadow             20     2.5113     6.2231     9.8010     0.0001 
--- The comparative characteristics --- 
                              Tmin N proc      Tmax N proc      Tmid
Lost time                   1.0296     4     2.7917    13     1.5153 
User insufficient par.      0.0082    15     0.0169    11     0.0113 
Sys.insufficient par.       0.1169    13     1.2355     7     0.5816 
Idle time                   0.0000    15     0.0735     5     0.0375 
Communication               0.0676     3     2.6190    13     0.8849 
Synchronization             0.0036     7     0.6195    16     0.3890 
Variation                   0.0044     3     1.2309    13     0.6127 
Overlap                     0.0000     2     0.0001     3     0.0000 
Load imbalance              0.0000     4     1.7621    13     0.4857 
Execution time              6.0869     5     6.1604    15     6.1229 
User CPU time               3.3609    13     5.1039     4     4.6063 
Sys. CPU time               0.0078    13     0.0824     7     0.0388 
Processors                      16     1         16    16         16 
                      Communic          Synchro        Variation          Overlap  
Reduction       Tmin    0.0004     3     0.0000    16     0.0000    16     0.0000     2 
Reduction       Tmax    2.5850    13     0.0002     3     0.0001    11     0.0000     5 
Reduction       Tmid    0.7279           0.0001           0.0001           0.0000       
Shadow          Tmin    0.0244     9     0.0035     7     0.0043     3     0.0000     1 
Shadow          Tmax    0.5204     8     0.6194    16     1.2307    13     0.0001     3 
Shadow          Tmid    0.1570           0.3889           0.6126           0.0000       
--- The execution characteristics --- 
                                1          2          3          4          5          6          7          8          9         10         11         12         13         14         15         16 
Lost time                  1.1808     1.1051     1.3406     1.0296     1.2085     1.1813     1.3416     1.0771     1.2061     1.2088     1.3395     1.0897     2.7917     2.3626     2.2602     2.5214 
User insufficient par.     0.0109     0.0108     0.0093     0.0094     0.0126     0.0132     0.0085     0.0091     0.0117     0.0132     0.0169     0.0166     0.0095     0.0109     0.0082     0.0101 
Sys.insufficient par.      0.2145     0.9262     1.2350     0.4031     0.2127     0.9296     1.2355     0.4019     0.2058     0.9097     1.2158     0.3952     0.1169     0.3826     0.3643     0.1572 
Idle time                  0.0704     0.0368     0.0287     0.0336     0.0735     0.0354     0.0294     0.0343     0.0715     0.0357     0.0287     0.0344     0.0463     0.0123     0.0000     0.0290 
Communication              0.8850     0.1313     0.0676     0.5835     0.9098     0.2031     0.0682     0.6318     0.9170     0.2502     0.0780     0.6436     2.6190     1.9568     1.8877     2.3252 
Synchronization            0.5525     0.2151     0.0050     0.5524     0.5499     0.2130     0.0036     0.5557     0.5515     0.2175     0.0161     0.5579     0.6181     0.4924     0.5043     0.6195 
Variation                  1.1347     0.3540     0.0044     0.4429     1.1386     0.3539     0.0049     0.4401     1.1467     0.3740     0.0268     0.4548     1.2309     0.8939     0.6841     1.1180 
Overlap                    0.0000     0.0000     0.0001     0.0000     0.0000     0.0000     0.0001     0.0000     0.0000     0.0000     0.0000     0.0000     0.0000     0.0000     0.0000     0.0000 
Load imbalance             0.1512     0.0755     0.3110     0.0000     0.1789     0.1517     0.3120     0.0475     0.1765     0.1793     0.3099     0.0601     1.7621     1.3330     1.2306     1.4918 
Execution time             6.0900     6.1236     6.1317     6.1267     6.0869     6.1250     6.1310     6.1261     6.0888     6.1247     6.1317     6.1260     6.1141     6.1481     6.1604     6.1314 
User CPU time              4.9653     4.9936     4.7375     5.1039     4.9377     4.9171     4.7364     5.0565     4.9405     4.8909     4.7399     5.0443     3.3609     3.7723     3.8759     3.6285 
Sys. CPU time              0.0143     0.0617     0.0823     0.0269     0.0142     0.0620     0.0824     0.0268     0.0137     0.0606     0.0811     0.0263     0.0078     0.0255     0.0243     0.0105 
Processors                     16         16         16         16         16         16         16         16         16         16         16         16         16         16         16         16 
           Communication          
Reduction                  0.8597     0.0836     0.0004     0.0671     0.8850     0.1580     0.0023     0.1114     0.8926     0.2032     0.0098     0.1279     2.5850     1.8687     1.5708     2.2208 
Shadow                     0.0253     0.0477     0.0671     0.5164     0.0248     0.0451     0.0659     0.5204     0.0244     0.0469     0.0682     0.5156     0.0341     0.0881     0.3170     0.1044 
           Synchronization        
Reduction                  0.0001     0.0001     0.0002     0.0001     0.0000     0.0001     0.0001     0.0001     0.0001     0.0001     0.0002     0.0001     0.0001     0.0001     0.0001     0.0000 
Shadow                     0.5525     0.2150     0.0049     0.5524     0.5498     0.2129     0.0035     0.5556     0.5514     0.2174     0.0159     0.5579     0.6180     0.4923     0.5042     0.6194 
           Variation              
Reduction                  0.0001     0.0001     0.0001     0.0001     0.0000     0.0001     0.0001     0.0001     0.0001     0.0001     0.0001     0.0001     0.0001     0.0001     0.0001     0.0000 
Shadow                     1.1346     0.3539     0.0043     0.4428     1.1386     0.3537     0.0048     0.4400     1.1467     0.3739     0.0267     0.4547     1.2307     0.8938     0.6840     1.1179 
           Overlap                
Reduction                  0.0000     0.0000     0.0000     0.0000     0.0000     0.0000     0.0000     0.0000     0.0000     0.0000     0.0000     0.0000     0.0000     0.0000     0.0000     0.0000 
Shadow                     0.0000     0.0000     0.0001     0.0000     0.0000     0.0000     0.0001     0.0000     0.0000     0.0000     0.0000     0.0000     0.0000     0.0000     0.0000     0.0000 


-------------------------------------------------------------------------
Name (number) and performance time of processors
DVM(1) 1.029006
DVM(2) 1.028947
DVM(3) 1.028881
DVM(4) 1.028902
DVM(5) 1.028758
DVM(6) 1.028734
DVM(7) 1.028774
DVM(8) 1.028809
DVM(9) 1.028735
DVM(10) 1.028735
DVM(11) 1.028949
DVM(12) 1.028948
DVM(13) 1.028464
DVM(14) 1.028411
DVM(15) 1.029089
DVM(16) 1.029057
min - DVM(14) 1.028411; max - DVM(15) 1.029089; mid - 1.028825
