Processor system=6*3*1
Statistics has been accumulated on DVM-system version 5.0, platform DVM
Analyzer is executing on DVM-system version 5.0, platform DVM
-------------------------------------------------------------------------
INTERVAL ( NLINE=20 SOURCE=jac3d.c ) LEVEL=0  EXE_COUNT=2
--- The main characteristics --- 
Parallelization efficiency      0.6820 
Execution time                 10.1521 
Processors                          18
Threads amount                      18
Total time                    182.7378
Productive time               124.6287 ( CPU= 124.4362 Sys= 0.1925 I/O= 0.0000 )
Lost  time                     58.1092 
   Insufficient parallelism    48.2974 ( User= 45.0247 Sys= 3.2727 )
   Communication                9.7620 ( Real_sync= 0.0000 Starts= 0.0000 )
   Idle time                    0.0497
Load imbalance                  8.5625
Synchronization                 3.5159
Time variation                  3.4893
Overlap                         0.0002
                  Nop   Communic    Synchro  Variation    Overlap 
Reduction          20     7.5802     0.0014     0.0014     0.0001 
Shadow             20     2.1818     3.5144     3.4879     0.0002 
--- The comparative characteristics --- 
                              Tmin N proc      Tmax N proc      Tmid
Lost time                   2.7526     3     5.5893    17     3.2283 
User insufficient par.      2.4875    14     2.5721    18     2.5014 
Sys.insufficient par.       0.0914    18     0.3026     8     0.1818 
Idle time                   0.0000     7     0.0082    17     0.0028 
Communication               0.1378     6     2.9062    17     0.5423 
Synchronization             0.0021     5     0.3126    18     0.1953 
Variation                   0.0023     5     0.3155    16     0.1939 
Overlap                     0.0000     3     0.0001     5     0.0000 
Load imbalance              0.0000     3     2.8368    17     0.4757 
Execution time             10.1439    17    10.1521     7    10.1493 
User CPU time               4.5564    17     7.3921     3     6.9131 
Sys. CPU time               0.0054    18     0.0178     8     0.0107 
Processors                      18     1         18    18         18 
                      Communic          Synchro        Variation          Overlap  
Reduction       Tmin    0.0003     8     0.0000    16     0.0000    16     0.0000     3 
Reduction       Tmax    2.7832    18     0.0002     5     0.0001     5     0.0000    16 
Reduction       Tmid    0.4211           0.0001           0.0001           0.0000       
Shadow          Tmin    0.0575    16     0.0019     5     0.0022     5     0.0000     1 
Shadow          Tmax    0.2571    17     0.3126    18     0.3155    16     0.0001     5 
Shadow          Tmid    0.1212           0.1952           0.1938           0.0000       
--- The execution characteristics --- 
                                1          2          3          4          5          6          7          8          9         10         11         12         13         14         15         16         17         18 
Lost time                  2.8575     2.8058     2.7526     2.8570     3.0058     2.7934     2.8118     2.9878     2.8708     3.0365     3.0245     2.8957     2.9577     3.0202     3.0893     3.1979     5.5893     5.5555 
User insufficient par.     2.4939     2.4910     2.4880     2.4907     2.4913     2.4882     2.4894     2.4902     2.4923     2.4949     2.4889     2.4947     2.4939     2.4875     2.5003     2.5105     2.5669     2.5721 
Sys.insufficient par.      0.1236     0.1548     0.1253     0.1704     0.3014     0.1672     0.1642     0.3026     0.1774     0.1755     0.3024     0.1591     0.1632     0.2951     0.1648     0.1263     0.1080     0.0914 
Idle time                  0.0008     0.0021     0.0008     0.0011     0.0018     0.0002     0.0000     0.0024     0.0005     0.0057     0.0031     0.0049     0.0027     0.0042     0.0016     0.0014     0.0082     0.0082 
Communication              0.2393     0.1580     0.1385     0.1948     0.2112     0.1378     0.1583     0.1926     0.2006     0.3604     0.2299     0.2371     0.2980     0.2334     0.4225     0.5597     2.9062     2.8838 
Synchronization            0.2571     0.2406     0.2680     0.2107     0.0021     0.2352     0.2322     0.0128     0.2158     0.2168     0.0175     0.2446     0.2357     0.0111     0.2176     0.2875     0.2980     0.3126 
Variation                  0.3086     0.2250     0.3081     0.2211     0.0023     0.2495     0.2390     0.0119     0.2129     0.2106     0.0199     0.2561     0.2422     0.0134     0.2306     0.3155     0.1241     0.2984 
Overlap                    0.0000     0.0000     0.0000     0.0000     0.0001     0.0000     0.0000     0.0000     0.0000     0.0000     0.0000     0.0000     0.0000     0.0000     0.0000     0.0000     0.0000     0.0000 
Load imbalance             0.1049     0.0532     0.0000     0.1044     0.2532     0.0408     0.0592     0.2352     0.1182     0.2839     0.2719     0.1432     0.2051     0.2676     0.3367     0.4453     2.8368     2.8029 
Execution time            10.1513    10.1500    10.1513    10.1510    10.1503    10.1519    10.1521    10.1497    10.1516    10.1464    10.1490    10.1472    10.1494    10.1479    10.1505    10.1507    10.1439    10.1439 
User CPU time              7.2873     7.3372     7.3921     7.2851     7.1286     7.3489     7.3307     7.1465     7.2709     7.1053     7.1099     7.2470     7.1848     7.1145     7.0531     6.9467     4.5564     4.5913 
Sys. CPU time              0.0073     0.0091     0.0074     0.0100     0.0177     0.0098     0.0097     0.0178     0.0104     0.0103     0.0178     0.0094     0.0096     0.0174     0.0097     0.0074     0.0064     0.0054 
Processors                     18         18         18         18         18         18         18         18         18         18         18         18         18         18         18         18         18         18 
           Communication          
Reduction                  0.1751     0.0426     0.0756     0.0921     0.0092     0.0609     0.0675     0.0003     0.0966     0.2568     0.0423     0.1590     0.2090     0.0366     0.3220     0.5022     2.6491     2.7832 
Shadow                     0.0642     0.1154     0.0629     0.1027     0.2020     0.0768     0.0907     0.1922     0.1041     0.1035     0.1876     0.0780     0.0889     0.1968     0.1005     0.0575     0.2571     0.1006 
           Synchronization        
Reduction                  0.0001     0.0001     0.0001     0.0001     0.0002     0.0001     0.0000     0.0001     0.0001     0.0000     0.0001     0.0000     0.0000     0.0001     0.0001     0.0000     0.0001     0.0001 
Shadow                     0.2570     0.2405     0.2679     0.2107     0.0019     0.2351     0.2322     0.0127     0.2157     0.2167     0.0174     0.2446     0.2357     0.0109     0.2175     0.2874     0.2980     0.3126 
           Variation              
Reduction                  0.0001     0.0001     0.0001     0.0001     0.0001     0.0001     0.0001     0.0001     0.0001     0.0000     0.0001     0.0000     0.0000     0.0001     0.0001     0.0000     0.0001     0.0001 
Shadow                     0.3085     0.2249     0.3080     0.2210     0.0022     0.2495     0.2390     0.0118     0.2128     0.2106     0.0198     0.2561     0.2421     0.0133     0.2305     0.3155     0.1240     0.2984 
           Overlap                
Reduction                  0.0000     0.0000     0.0000     0.0000     0.0000     0.0000     0.0000     0.0000     0.0000     0.0000     0.0000     0.0000     0.0000     0.0000     0.0000     0.0000     0.0000     0.0000 
Shadow                     0.0000     0.0000     0.0000     0.0000     0.0001     0.0000     0.0000     0.0000     0.0000     0.0000     0.0000     0.0000     0.0000     0.0000     0.0000     0.0000     0.0000     0.0000 


-------------------------------------------------------------------------
INTERVAL ( NLINE=42 SOURCE=jac3d.c ) LEVEL=1 SEQ EXE_COUNT=2
--- The main characteristics --- 
Parallelization efficiency      0.9050 
Execution time                  7.3195 
Processors                          18
Threads amount                      18
Total time                    131.7516
Productive time               119.2385 ( CPU= 119.0974 Sys= 0.1412 I/O= 0.0000 )
Lost  time                     12.5131 
   Insufficient parallelism     2.6192 ( User= 0.2194 Sys= 2.3999 )
   Communication                9.7620 ( Real_sync= 0.0000 Starts= 0.0000 )
   Idle time                    0.1318
Load imbalance                  8.4655
Synchronization                 3.5159
Time variation                  3.4893
Overlap                         0.0002
                  Nop   Communic    Synchro  Variation    Overlap 
Reduction          20     7.5802     0.0014     0.0014     0.0001 
Shadow             20     2.1818     3.5144     3.4879     0.0002 
--- The comparative characteristics --- 
                              Tmin N proc      Tmax N proc      Tmid
Lost time                   0.2249     3     3.0075    17     0.6952 
User insufficient par.      0.0092     3     0.0174    16     0.0122 
Sys.insufficient par.       0.0492    18     0.2533    11     0.1333 
Idle time                   0.0000    14     0.0316    18     0.0073 
Communication               0.1378     6     2.9062    17     0.5423 
Synchronization             0.0021     5     0.3126    18     0.1953 
Variation                   0.0023     5     0.3155    16     0.1939 
Overlap                     0.0000     3     0.0001     5     0.0000 
Load imbalance              0.0000     3     2.7827    17     0.4703 
Execution time              7.2880    18     7.3195    14     7.3122 
User CPU time               4.3081    17     7.0902     3     6.6165 
Sys. CPU time               0.0029    18     0.0149    11     0.0078 
Processors                      18     1         18    18         18 
                      Communic          Synchro        Variation          Overlap  
Reduction       Tmin    0.0003     8     0.0000    16     0.0000    16     0.0000     3 
Reduction       Tmax    2.7832    18     0.0002     5     0.0001     5     0.0000    16 
Reduction       Tmid    0.4211           0.0001           0.0001           0.0000       
Shadow          Tmin    0.0575    16     0.0019     5     0.0022     5     0.0000     1 
Shadow          Tmax    0.2571    17     0.3126    18     0.3155    16     0.0001     5 
Shadow          Tmid    0.1212           0.1952           0.1938           0.0000       
--- The execution characteristics --- 
                                1          2          3          4          5          6          7          8          9         10         11         12         13         14         15         16         17         18 
Lost time                  0.3287     0.2785     0.2249     0.3289     0.4786     0.2667     0.2873     0.4637     0.3459     0.5076     0.4964     0.3671     0.4292     0.4915     0.5636     0.6728     3.0075     2.9741 
User insufficient par.     0.0119     0.0136     0.0092     0.0115     0.0154     0.0093     0.0095     0.0146     0.0122     0.0108     0.0125     0.0141     0.0113     0.0111     0.0141     0.0174     0.0115     0.0096 
Sys.insufficient par.      0.0738     0.1050     0.0754     0.1205     0.2515     0.1172     0.1140     0.2531     0.1273     0.1295     0.2533     0.1116     0.1137     0.2470     0.1149     0.0764     0.0666     0.0492 
Idle time                  0.0037     0.0020     0.0018     0.0021     0.0006     0.0025     0.0056     0.0034     0.0058     0.0069     0.0007     0.0043     0.0063     0.0000     0.0121     0.0192     0.0232     0.0316 
Communication              0.2393     0.1580     0.1385     0.1948     0.2112     0.1378     0.1583     0.1926     0.2006     0.3604     0.2299     0.2371     0.2980     0.2334     0.4225     0.5597     2.9062     2.8838 
Synchronization            0.2571     0.2406     0.2680     0.2107     0.0021     0.2352     0.2322     0.0128     0.2158     0.2168     0.0175     0.2446     0.2357     0.0111     0.2176     0.2875     0.2980     0.3126 
Variation                  0.3086     0.2250     0.3081     0.2211     0.0023     0.2495     0.2390     0.0119     0.2129     0.2106     0.0199     0.2561     0.2422     0.0134     0.2306     0.3155     0.1241     0.2984 
Overlap                    0.0000     0.0000     0.0000     0.0000     0.0001     0.0000     0.0000     0.0000     0.0000     0.0000     0.0000     0.0000     0.0000     0.0000     0.0000     0.0000     0.0000     0.0000 
Load imbalance             0.1038     0.0537     0.0000     0.1040     0.2538     0.0419     0.0624     0.2388     0.1211     0.2827     0.2716     0.1422     0.2044     0.2666     0.3387     0.4479     2.7827     2.7493 
Execution time             7.3158     7.3175     7.3177     7.3175     7.3190     7.3171     7.3140     7.3161     7.3138     7.3126     7.3188     7.3152     7.3132     7.3195     7.3075     7.3003     7.2964     7.2880 
User CPU time              6.9865     7.0348     7.0902     6.9836     6.8261     7.0459     7.0256     6.8410     6.9661     6.8043     6.8082     6.9459     6.8836     6.8135     6.7492     6.6422     4.3081     4.3425 
Sys. CPU time              0.0043     0.0062     0.0044     0.0071     0.0148     0.0069     0.0067     0.0149     0.0075     0.0076     0.0149     0.0066     0.0067     0.0145     0.0068     0.0045     0.0039     0.0029 
Processors                     18         18         18         18         18         18         18         18         18         18         18         18         18         18         18         18         18         18 
           Communication          
Reduction                  0.1751     0.0426     0.0756     0.0921     0.0092     0.0609     0.0675     0.0003     0.0966     0.2568     0.0423     0.1590     0.2090     0.0366     0.3220     0.5022     2.6491     2.7832 
Shadow                     0.0642     0.1154     0.0629     0.1027     0.2020     0.0768     0.0907     0.1922     0.1041     0.1035     0.1876     0.0780     0.0889     0.1968     0.1005     0.0575     0.2571     0.1006 
           Synchronization        
Reduction                  0.0001     0.0001     0.0001     0.0001     0.0002     0.0001     0.0000     0.0001     0.0001     0.0000     0.0001     0.0000     0.0000     0.0001     0.0001     0.0000     0.0001     0.0001 
Shadow                     0.2570     0.2405     0.2679     0.2107     0.0019     0.2351     0.2322     0.0127     0.2157     0.2167     0.0174     0.2446     0.2357     0.0109     0.2175     0.2874     0.2980     0.3126 
           Variation              
Reduction                  0.0001     0.0001     0.0001     0.0001     0.0001     0.0001     0.0001     0.0001     0.0001     0.0000     0.0001     0.0000     0.0000     0.0001     0.0001     0.0000     0.0001     0.0001 
Shadow                     0.3085     0.2249     0.3080     0.2210     0.0022     0.2495     0.2390     0.0118     0.2128     0.2106     0.0198     0.2561     0.2421     0.0133     0.2305     0.3155     0.1240     0.2984 
           Overlap                
Reduction                  0.0000     0.0000     0.0000     0.0000     0.0000     0.0000     0.0000     0.0000     0.0000     0.0000     0.0000     0.0000     0.0000     0.0000     0.0000     0.0000     0.0000     0.0000 
Shadow                     0.0000     0.0000     0.0000     0.0000     0.0001     0.0000     0.0000     0.0000     0.0000     0.0000     0.0000     0.0000     0.0000     0.0000     0.0000     0.0000     0.0000     0.0000 


-------------------------------------------------------------------------
Name (number) and performance time of processors
DVM(1) 1.029315
DVM(2) 1.029143
DVM(3) 1.029222
DVM(4) 1.029181
DVM(5) 1.029030
DVM(6) 1.029138
DVM(7) 1.029376
DVM(8) 1.029165
DVM(9) 1.028923
DVM(10) 1.028929
DVM(11) 1.028721
DVM(12) 1.028580
DVM(13) 1.028719
DVM(14) 1.028710
DVM(15) 1.028787
DVM(16) 1.028828
DVM(17) 1.028852
DVM(18) 1.030036
min - DVM(12) 1.028580; max - DVM(18) 1.030036; mid - 1.029036
