Processor system=1*3*5
Statistics has been accumulated on DVM-system version 5.0, platform DVM
Analyzer is executing on DVM-system version 5.0, platform DVM
-------------------------------------------------------------------------
INTERVAL ( NLINE=20 SOURCE=jac3d.c ) LEVEL=0  EXE_COUNT=1
--- The main characteristics --- 
Parallelization efficiency      0.5215 
Execution time                  9.2001 
Processors                          15
Threads amount                      15
Total time                    138.0009
Productive time                71.9607 ( CPU= 71.1518 Sys= 0.8089 I/O= 0.0000 )
Lost  time                     66.0402 
   Insufficient parallelism    50.5084 ( User= 39.1837 Sys= 11.3247 )
   Communication               15.5029 ( Real_sync= 0.0000 Starts= 0.0000 )
   Idle time                    0.0290
Load imbalance                  8.1345
Synchronization                10.3989
Time variation                 16.6616
Overlap                         0.0003
                  Nop   Communic    Synchro  Variation    Overlap 
Reduction          20    12.4840     0.0011     0.0010     0.0001 
Shadow             20     3.0189    10.3979    16.6606     0.0002 
--- The comparative characteristics --- 
                              Tmin N proc      Tmax N proc      Tmid
Lost time                   3.8604     4     5.6107    11     4.4027 
User insufficient par.      2.5790     7     2.6762    11     2.6122 
Sys.insufficient par.       0.1893    11     1.8554     9     0.7550 
Idle time                   0.0000     8     0.0034    14     0.0019 
Communication               0.1421     7     2.7419    11     1.0335 
Synchronization             0.0001     9     0.9843    15     0.6933 
Variation                   0.0001     9     1.8566    11     1.1108 
Overlap                     0.0000     1     0.0002     9     0.0000 
Load imbalance              0.0000     4     1.7504    11     0.5423 
Execution time              9.1967    14     9.2001     8     9.1981 
User CPU time               3.5758    11     5.3093     6     4.7435 
Sys. CPU time               0.0135    11     0.1325     9     0.0539 
Processors                      15     1         15    15         15 
                      Communic          Synchro        Variation          Overlap  
Reduction       Tmin    0.0013     9     0.0000     6     0.0000     6     0.0000     1 
Reduction       Tmax    2.6890    11     0.0001     9     0.0001     9     0.0000     6 
Reduction       Tmid    0.8323           0.0001           0.0001           0.0000       
Shadow          Tmin    0.0219     1     0.0000     9     0.0000     9     0.0000     1 
Shadow          Tmax    0.7401    10     0.9843    15     1.8565    11     0.0002     9 
Shadow          Tmid    0.2013           0.6932           1.1107           0.0000       
--- The execution characteristics --- 
                                1          2          3          4          5          6          7          8          9         10         11         12         13         14         15 
Lost time                  4.1673     3.9555     3.8791     3.8604     3.8739     3.8613     4.0972     4.0943     4.5946     4.0924     5.6107     4.8908     4.9173     4.8580     5.2874 
User insufficient par.     2.6467     2.5996     2.5864     2.5894     2.6066     2.6219     2.5790     2.5846     2.5838     2.5894     2.6762     2.6244     2.6251     2.6136     2.6568 
Sys.insufficient par.      0.3026     1.0605     1.0755     1.0473     0.3899     0.4120     1.3753     1.3619     1.8554     0.5989     0.1893     0.4676     0.4725     0.4761     0.2399 
Idle time                  0.0019     0.0004     0.0004     0.0016     0.0008     0.0023     0.0008     0.0000     0.0027     0.0012     0.0034     0.0034     0.0034     0.0034     0.0034 
Communication              1.2160     0.2950     0.2167     0.2221     0.8766     0.8250     0.1421     0.1478     0.1526     0.9028     2.7419     1.7955     1.8163     1.7650     2.3874 
Synchronization            0.9108     0.5259     0.5297     0.5425     0.9054     0.8869     0.3515     0.3650     0.0001     0.8997     0.9832     0.8390     0.8380     0.8367     0.9843 
Variation                  1.7729     0.9307     0.9017     0.9392     1.3519     1.6486     0.5525     0.5767     0.0001     0.7364     1.8566     1.3291     1.3518     0.9917     1.7216 
Overlap                    0.0000     0.0000     0.0000     0.0000     0.0000     0.0000     0.0000     0.0000     0.0002     0.0000     0.0000     0.0000     0.0000     0.0000     0.0000 
Load imbalance             0.3069     0.0951     0.0187     0.0000     0.0135     0.0009     0.2368     0.2339     0.7342     0.2320     1.7504     1.0304     1.0569     0.9977     1.4271 
Execution time             9.1981     9.1997     9.1997     9.1985     9.1993     9.1977     9.1993     9.2001     9.1973     9.1989     9.1967     9.1967     9.1967     9.1967     9.1967 
User CPU time              5.0112     5.1688     5.2442     5.2649     5.2983     5.3093     5.0046     5.0085     4.4729     5.0649     3.5758     4.2759     4.2490     4.3080     3.8955 
Sys. CPU time              0.0216     0.0758     0.0768     0.0748     0.0278     0.0294     0.0982     0.0973     0.1325     0.0428     0.0135     0.0334     0.0337     0.0340     0.0171 
Processors                     15         15         15         15         15         15         15         15         15         15         15         15         15         15         15 
           Communication          
Reduction                  1.1941     0.2429     0.1540     0.1651     0.5277     0.7964     0.0340     0.0391     0.0013     0.1628     2.6890     1.5118     1.5603     1.1534     2.2521 
Shadow                     0.0219     0.0521     0.0627     0.0570     0.3489     0.0286     0.1081     0.1086     0.1513     0.7401     0.0529     0.2837     0.2560     0.6116     0.1352 
           Synchronization        
Reduction                  0.0001     0.0001     0.0001     0.0001     0.0001     0.0000     0.0001     0.0001     0.0001     0.0000     0.0001     0.0001     0.0001     0.0001     0.0000 
Shadow                     0.9108     0.5258     0.5297     0.5424     0.9054     0.8869     0.3514     0.3649     0.0000     0.8997     0.9831     0.8390     0.8379     0.8366     0.9843 
           Variation              
Reduction                  0.0001     0.0001     0.0001     0.0000     0.0001     0.0000     0.0001     0.0001     0.0001     0.0000     0.0001     0.0001     0.0001     0.0001     0.0000 
Shadow                     1.7728     0.9306     0.9017     0.9391     1.3518     1.6486     0.5524     0.5766     0.0000     0.7364     1.8565     1.3290     1.3518     0.9916     1.7216 
           Overlap                
Reduction                  0.0000     0.0000     0.0000     0.0000     0.0000     0.0000     0.0000     0.0000     0.0000     0.0000     0.0000     0.0000     0.0000     0.0000     0.0000 
Shadow                     0.0000     0.0000     0.0000     0.0000     0.0000     0.0000     0.0000     0.0000     0.0002     0.0000     0.0000     0.0000     0.0000     0.0000     0.0000 


-------------------------------------------------------------------------
INTERVAL ( NLINE=42 SOURCE=jac3d.c ) LEVEL=1 SEQ EXE_COUNT=1
--- The main characteristics --- 
Parallelization efficiency      0.7109 
Execution time                  6.2549 
Processors                          15
Threads amount                      15
Total time                     93.8231
Productive time                66.6995 ( CPU= 65.9395 Sys= 0.7600 I/O= 0.0000 )
Lost  time                     27.1235 
   Insufficient parallelism    10.8414 ( User= 0.2007 Sys= 10.6406 )
   Communication               15.5029 ( Real_sync= 0.0000 Starts= 0.0000 )
   Idle time                    0.7793
Load imbalance                  7.7619
Synchronization                10.3989
Time variation                 16.6616
Overlap                         0.0003
                  Nop   Communic    Synchro  Variation    Overlap 
Reduction          20    12.4840     0.0011     0.0010     0.0001 
Shadow             20     3.0189    10.3979    16.6606     0.0002 
--- The comparative characteristics --- 
                              Tmin N proc      Tmax N proc      Tmid
Lost time                   1.2908     4     2.9655    11     1.8082 
User insufficient par.      0.0094    11     0.0186     1     0.0134 
Sys.insufficient par.       0.1465    11     1.8099     9     0.7094 
Idle time                   0.0000    14     0.1092     1     0.0520 
Communication               0.1421     7     2.7419    11     1.0335 
Synchronization             0.0001     9     0.9843    15     0.6933 
Variation                   0.0001     9     1.8566    11     1.1108 
Overlap                     0.0000     1     0.0002     9     0.0000 
Load imbalance              0.0000     4     1.6747    11     0.5175 
Execution time              6.1457     1     6.2549    14     6.2029 
User CPU time               3.2789    11     4.9358     6     4.3960 
Sys. CPU time               0.0105    11     0.1293     9     0.0507 
Processors                      15     1         15    15         15 
                      Communic          Synchro        Variation          Overlap  
Reduction       Tmin    0.0013     9     0.0000     6     0.0000     6     0.0000     1 
Reduction       Tmax    2.6890    11     0.0001     9     0.0001     9     0.0000     6 
Reduction       Tmid    0.8323           0.0001           0.0001           0.0000       
Shadow          Tmin    0.0219     1     0.0000     9     0.0000     9     0.0000     1 
Shadow          Tmax    0.7401    10     0.9843    15     1.8565    11     0.0002     9 
Shadow          Tmid    0.2013           0.6932           1.1107           0.0000       
--- The execution characteristics --- 
                                1          2          3          4          5          6          7          8          9         10         11         12         13         14         15 
Lost time                  1.5994     1.3864     1.3102     1.2908     1.3033     1.2929     1.5304     1.5268     2.0251     1.5214     2.9655     2.2443     2.2724     2.2108     2.6438 
User insufficient par.     0.0186     0.0152     0.0110     0.0143     0.0153     0.0181     0.0100     0.0145     0.0163     0.0139     0.0094     0.0101     0.0106     0.0123     0.0111 
Sys.insufficient par.      0.2556     1.0133     1.0285     1.0003     0.3435     0.3661     1.3280     1.3147     1.8099     0.5519     0.1465     0.4238     0.4286     0.4334     0.1964 
Idle time                  0.1092     0.0628     0.0540     0.0541     0.0680     0.0836     0.0502     0.0498     0.0462     0.0528     0.0676     0.0150     0.0169     0.0000     0.0489 
Communication              1.2160     0.2950     0.2167     0.2221     0.8766     0.8250     0.1421     0.1478     0.1526     0.9028     2.7419     1.7955     1.8163     1.7650     2.3874 
Synchronization            0.9108     0.5259     0.5297     0.5425     0.9054     0.8869     0.3515     0.3650     0.0001     0.8997     0.9832     0.8390     0.8380     0.8367     0.9843 
Variation                  1.7729     0.9307     0.9017     0.9392     1.3519     1.6486     0.5525     0.5767     0.0001     0.7364     1.8566     1.3291     1.3518     0.9917     1.7216 
Overlap                    0.0000     0.0000     0.0000     0.0000     0.0000     0.0000     0.0000     0.0000     0.0002     0.0000     0.0000     0.0000     0.0000     0.0000     0.0000 
Load imbalance             0.3086     0.0956     0.0194     0.0000     0.0125     0.0021     0.2396     0.2360     0.7344     0.2307     1.6747     0.9536     0.9817     0.9200     1.3530 
Execution time             6.1457     6.1921     6.2008     6.2008     6.1869     6.1712     6.2046     6.2051     6.2086     6.2021     6.1872     6.2398     6.2379     6.2549     6.2060 
User CPU time              4.6372     4.7961     4.8712     4.8927     4.9271     4.9358     4.6296     4.6342     4.1005     4.6940     3.2789     3.9803     3.9518     4.0131     3.5971 
Sys. CPU time              0.0183     0.0724     0.0735     0.0714     0.0245     0.0262     0.0949     0.0939     0.1293     0.0394     0.0105     0.0303     0.0306     0.0310     0.0140 
Processors                     15         15         15         15         15         15         15         15         15         15         15         15         15         15         15 
           Communication          
Reduction                  1.1941     0.2429     0.1540     0.1651     0.5277     0.7964     0.0340     0.0391     0.0013     0.1628     2.6890     1.5118     1.5603     1.1534     2.2521 
Shadow                     0.0219     0.0521     0.0627     0.0570     0.3489     0.0286     0.1081     0.1086     0.1513     0.7401     0.0529     0.2837     0.2560     0.6116     0.1352 
           Synchronization        
Reduction                  0.0001     0.0001     0.0001     0.0001     0.0001     0.0000     0.0001     0.0001     0.0001     0.0000     0.0001     0.0001     0.0001     0.0001     0.0000 
Shadow                     0.9108     0.5258     0.5297     0.5424     0.9054     0.8869     0.3514     0.3649     0.0000     0.8997     0.9831     0.8390     0.8379     0.8366     0.9843 
           Variation              
Reduction                  0.0001     0.0001     0.0001     0.0000     0.0001     0.0000     0.0001     0.0001     0.0001     0.0000     0.0001     0.0001     0.0001     0.0001     0.0000 
Shadow                     1.7728     0.9306     0.9017     0.9391     1.3518     1.6486     0.5524     0.5766     0.0000     0.7364     1.8565     1.3290     1.3518     0.9916     1.7216 
           Overlap                
Reduction                  0.0000     0.0000     0.0000     0.0000     0.0000     0.0000     0.0000     0.0000     0.0000     0.0000     0.0000     0.0000     0.0000     0.0000     0.0000 
Shadow                     0.0000     0.0000     0.0000     0.0000     0.0000     0.0000     0.0000     0.0000     0.0002     0.0000     0.0000     0.0000     0.0000     0.0000     0.0000 


-------------------------------------------------------------------------
Name (number) and performance time of processors
DVM(1) 1.029122
DVM(2) 1.028842
DVM(3) 1.028816
DVM(4) 1.028800
DVM(5) 1.029392
DVM(6) 1.029309
DVM(7) 1.028787
DVM(8) 1.028775
DVM(9) 1.029439
DVM(10) 1.029422
DVM(11) 1.028785
DVM(12) 1.028778
DVM(13) 1.028839
DVM(14) 1.028812
DVM(15) 0.539564
min - DVM(15) 0.539564; max - DVM(9) 1.029439; mid - 0.996366
