Processor system=1*3*7
Statistics has been accumulated on DVM-system version 5.0, platform DVM
Analyzer is executing on DVM-system version 5.0, platform DVM
-------------------------------------------------------------------------
INTERVAL ( NLINE=20 SOURCE=jac3d.c ) LEVEL=0  EXE_COUNT=2
--- The main characteristics --- 
Parallelization efficiency      0.4425 
Execution time                 10.6592 
Processors                          21
Threads amount                      21
Total time                    223.8437
Productive time                99.0541 ( CPU= 97.9632 Sys= 1.0910 I/O= 0.0000 )
Lost  time                    124.7896 
   Insufficient parallelism    94.8311 ( User= 73.0113 Sys= 21.8198 )
   Communication               29.6637 ( Real_sync= 0.0000 Starts= 0.0000 )
   Idle time                    0.2948
Load imbalance                  5.0337
Synchronization                34.8181
Time variation                 50.8413
Overlap                         0.0003
                  Nop   Communic    Synchro  Variation    Overlap 
Reduction          21    23.8783     5.4373     5.4376     0.0001 
Shadow             21     5.7853    29.3808    45.4037     0.0002 
--- The comparative characteristics --- 
                              Tmin N proc      Tmax N proc      Tmid
Lost time                   5.7027    18     6.6771     1     5.9424 
User insufficient par.      3.4034    19     3.5581     1     3.4767 
Sys.insufficient par.       0.3114     1     1.5519    13     1.0390 
Idle time                   0.0000     2     0.0267    15     0.0140 
Communication               0.8524    13     2.7926     1     1.4126 
Synchronization             1.2947    13     2.0282    21     1.6580 
Variation                   1.9899    11     3.4223     1     2.4210 
Overlap                     0.0000     1     0.0001    16     0.0000 
Load imbalance              0.0000    18     0.9744     1     0.2397 
Execution time             10.6325    15    10.6592     2    10.6452 
User CPU time               3.9666     1     4.9081    18     4.6649 
Sys. CPU time               0.0156     1     0.0776    13     0.0520 
Processors                      21     1         21    21         21 
                      Communic          Synchro        Variation          Overlap  
Reduction       Tmin    0.6659    10     0.2061    16     0.2061    16     0.0000     1 
Reduction       Tmax    2.7104     1     0.2822     1     0.2823     1     0.0000    16 
Reduction       Tmid    1.1371           0.2589           0.2589           0.0000       
Shadow          Tmin    0.0822     1     1.0412    13     1.7433    20     0.0000     1 
Shadow          Tmax    0.6562    14     1.7461    21     3.1400     1     0.0000    16 
Shadow          Tmid    0.2755           1.3991           2.1621           0.0000       
--- The execution characteristics --- 
                                1          2          3          4          5          6          7          8          9         10         11         12         13         14         15         16         17         18         19         20         21 
Lost time                  6.6771     5.8676     5.8014     6.0251     5.8933     5.8458     5.7658     6.2638     5.8610     5.7887     5.9430     5.8243     5.8502     5.8048     6.3915     6.0087     5.7409     5.7027     5.7257     6.0314     5.9768 
User insufficient par.     3.5581     3.4900     3.4758     3.4758     3.4723     3.4476     3.5068     3.5325     3.4770     3.4681     3.4758     3.4511     3.4332     3.4201     3.5539     3.4745     3.4732     3.4788     3.4034     3.4357     3.5076 
Sys.insufficient par.      0.3114     1.2529     1.2431     1.3662     1.3454     1.1139     0.5233     0.3844     1.1914     1.3961     1.3867     1.2124     1.5519     0.5286     0.4137     1.3455     1.0757     0.9685     1.3674     1.3766     0.4647 
Idle time                  0.0149     0.0000     0.0149     0.0149     0.0119     0.0142     0.0149     0.0162     0.0149     0.0138     0.0138     0.0150     0.0127     0.0127     0.0267     0.0267     0.0135     0.0149     0.0149     0.0131     0.0000 
Communication              2.7926     1.1247     1.0676     1.1681     1.0637     1.2701     1.7208     2.3307     1.1776     0.9107     1.0667     1.1458     0.8524     1.8435     2.3972     1.1620     1.1785     1.2404     0.9400     1.2060     2.0044 
Synchronization            2.0130     1.5184     1.5629     1.5162     1.5018     1.6958     1.8511     1.9613     1.5866     1.5036     1.4714     1.5837     1.2947     2.0085     1.9657     1.3475     1.7558     1.6982     1.4254     1.5281     2.0282 
Variation                  3.4223     2.3067     2.1997     2.1152     2.1072     2.2415     2.9174     3.2717     2.2497     2.0949     1.9899     2.1194     2.0581     2.6126     3.2163     2.0376     2.2564     2.5188     2.2180     2.0152     2.8729 
Overlap                    0.0000     0.0000     0.0000     0.0000     0.0000     0.0000     0.0000     0.0000     0.0000     0.0000     0.0000     0.0000     0.0000     0.0000     0.0000     0.0001     0.0000     0.0000     0.0000     0.0000     0.0000 
Load imbalance             0.9744     0.1649     0.0987     0.3224     0.1907     0.1432     0.0632     0.5612     0.1583     0.0860     0.2404     0.1216     0.1475     0.1022     0.6889     0.3060     0.0382     0.0000     0.0231     0.3287     0.2741 
Execution time            10.6443    10.6592    10.6443    10.6443    10.6473    10.6450    10.6443    10.6430    10.6443    10.6454    10.6454    10.6443    10.6465    10.6465    10.6325    10.6325    10.6458    10.6443    10.6443    10.6461    10.6592 
User CPU time              3.9666     4.7290     4.7957     4.5658     4.6986     4.7577     4.8672     4.3762     4.7387     4.8007     4.6469     4.7743     4.7315     4.8280     4.2470     4.5832     4.8646     4.9081     4.8651     4.5590     4.6592 
Sys. CPU time              0.0156     0.0626     0.0622     0.0683     0.0673     0.0557     0.0262     0.0192     0.0596     0.0698     0.0693     0.0606     0.0776     0.0264     0.0207     0.0673     0.0538     0.0484     0.0684     0.0688     0.0232 
Processors                     21         21         21         21         21         21         21         21         21         21         21         21         21         21         21         21         21         21         21         21         21 
           Communication          
Reduction                  2.7104     0.9942     0.8099     0.9483     0.7926     0.8621     1.4602     2.2066     0.8983     0.6659     0.7788     0.7352     0.7610     1.1872     2.2275     0.9302     0.7282     0.9826     0.8179     0.8515     1.5296 
Shadow                     0.0822     0.1305     0.2577     0.2199     0.2712     0.4080     0.2606     0.1241     0.2793     0.2447     0.2879     0.4106     0.0914     0.6562     0.1698     0.2318     0.4503     0.2578     0.1221     0.3545     0.4748 
           Synchronization        
Reduction                  0.2822     0.2407     0.2460     0.2490     0.2591     0.2741     0.2284     0.2642     0.2545     0.2662     0.2315     0.2663     0.2535     0.2822     0.2821     0.2061     0.2822     0.2628     0.2522     0.2719     0.2821 
Shadow                     1.7308     1.2777     1.3169     1.2672     1.2428     1.4217     1.6227     1.6971     1.3321     1.2374     1.2399     1.3174     1.0412     1.7263     1.6836     1.1414     1.4736     1.4355     1.1732     1.2562     1.7461 
           Variation              
Reduction                  0.2823     0.2407     0.2460     0.2490     0.2591     0.2741     0.2284     0.2642     0.2545     0.2662     0.2315     0.2663     0.2535     0.2822     0.2822     0.2061     0.2822     0.2628     0.2523     0.2719     0.2821 
Shadow                     3.1400     2.0660     1.9537     1.8662     1.8481     1.9674     2.6889     3.0076     1.9952     1.8287     1.7584     1.8531     1.8045     2.3304     2.9341     1.8314     1.9742     2.2560     1.9658     1.7433     2.5908 
           Overlap                
Reduction                  0.0000     0.0000     0.0000     0.0000     0.0000     0.0000     0.0000     0.0000     0.0000     0.0000     0.0000     0.0000     0.0000     0.0000     0.0000     0.0000     0.0000     0.0000     0.0000     0.0000     0.0000 
Shadow                     0.0000     0.0000     0.0000     0.0000     0.0000     0.0000     0.0000     0.0000     0.0000     0.0000     0.0000     0.0000     0.0000     0.0000     0.0000     0.0000     0.0000     0.0000     0.0000     0.0000     0.0000 


-------------------------------------------------------------------------
INTERVAL ( NLINE=42 SOURCE=jac3d.c ) LEVEL=1 SEQ EXE_COUNT=2
--- The main characteristics --- 
Parallelization efficiency      0.6368 
Execution time                  6.8925 
Processors                          21
Threads amount                      21
Total time                    144.7422
Productive time                92.1681 ( CPU= 91.1292 Sys= 1.0388 I/O= 0.0000 )
Lost  time                     52.5742 
   Insufficient parallelism    21.1518 ( User= 0.3748 Sys= 20.7770 )
   Communication               29.6637 ( Real_sync= 0.0000 Starts= 0.0000 )
   Idle time                    1.7587
Load imbalance                  5.3523
Synchronization                34.8181
Time variation                 50.8413
Overlap                         0.0003
                  Nop   Communic    Synchro  Variation    Overlap 
Reduction          21    23.8783     5.4373     5.4376     0.0001 
Shadow             21     5.7853    29.3808    45.4037     0.0002 
--- The comparative characteristics --- 
                              Tmin N proc      Tmax N proc      Tmid
Lost time                   2.2487    18     3.2223     1     2.5035 
User insufficient par.      0.0138     8     0.0352     1     0.0178 
Sys.insufficient par.       0.2643     1     1.5011    13     0.9894 
Idle time                   0.0000    14     0.3138    15     0.0837 
Communication               0.8524    13     2.7926     1     1.4126 
Synchronization             1.2947    13     2.0282    21     1.6580 
Variation                   1.9899    11     3.4223     1     2.4210 
Overlap                     0.0000     1     0.0001    16     0.0000 
Load imbalance              0.0000    18     0.9736     1     0.2549 
Execution time              6.5787    15     6.8925    14     6.8087 
User CPU time               3.6570     1     4.5978    18     4.3395 
Sys. CPU time               0.0132     1     0.0751    13     0.0495 
Processors                      21     1         21    21         21 
                      Communic          Synchro        Variation          Overlap  
Reduction       Tmin    0.6659    10     0.2061    16     0.2061    16     0.0000     1 
Reduction       Tmax    2.7104     1     0.2822     1     0.2823     1     0.0000    16 
Reduction       Tmid    1.1371           0.2589           0.2589           0.0000       
Shadow          Tmin    0.0822     1     1.0412    13     1.7433    20     0.0000     1 
Shadow          Tmax    0.6562    14     1.7461    21     3.1400     1     0.0000    16 
Shadow          Tmid    0.2755           1.3991           2.1621           0.0000       
--- The execution characteristics --- 
                                1          2          3          4          5          6          7          8          9         10         11         12         13         14         15         16         17         18         19         20         21 
Lost time                  3.2223     2.4120     2.3494     2.5715     2.4414     2.3877     2.4433     2.8186     2.4066     2.3355     2.4918     2.3728     2.3933     2.3475     3.1007     2.5677     2.2920     2.2487     2.2742     2.5743     2.5228 
User insufficient par.     0.0352     0.0158     0.0159     0.0157     0.0176     0.0170     0.0314     0.0138     0.0169     0.0153     0.0155     0.0154     0.0170     0.0149     0.0249     0.0140     0.0150     0.0157     0.0155     0.0157     0.0165 
Sys.insufficient par.      0.2643     1.2023     1.1931     1.3156     1.2944     1.0641     0.4734     0.3335     1.1412     1.3435     1.3363     1.1625     1.5011     0.4892     0.3647     1.2954     1.0245     0.9209     1.3164     1.3259     0.4147 
Idle time                  0.1302     0.0692     0.0729     0.0721     0.0657     0.0366     0.2178     0.1405     0.0709     0.0660     0.0734     0.0491     0.0228     0.0000     0.3138     0.0964     0.0739     0.0716     0.0023     0.0267     0.0871 
Communication              2.7926     1.1247     1.0676     1.1681     1.0637     1.2701     1.7208     2.3307     1.1776     0.9107     1.0667     1.1458     0.8524     1.8435     2.3972     1.1620     1.1785     1.2404     0.9400     1.2060     2.0044 
Synchronization            2.0130     1.5184     1.5629     1.5162     1.5018     1.6958     1.8511     1.9613     1.5866     1.5036     1.4714     1.5837     1.2947     2.0085     1.9657     1.3475     1.7558     1.6982     1.4254     1.5281     2.0282 
Variation                  3.4223     2.3067     2.1997     2.1152     2.1072     2.2415     2.9174     3.2717     2.2497     2.0949     1.9899     2.1194     2.0581     2.6126     3.2163     2.0376     2.2564     2.5188     2.2180     2.0152     2.8729 
Overlap                    0.0000     0.0000     0.0000     0.0000     0.0000     0.0000     0.0000     0.0000     0.0000     0.0000     0.0000     0.0000     0.0000     0.0000     0.0000     0.0001     0.0000     0.0000     0.0000     0.0000     0.0000 
Load imbalance             0.9736     0.1633     0.1008     0.3228     0.1927     0.1391     0.1947     0.5699     0.1580     0.0869     0.2431     0.1242     0.1447     0.0989     0.8520     0.3191     0.0433     0.0000     0.0255     0.3256     0.2741 
Execution time             6.7623     6.8233     6.8196     6.8204     6.8268     6.8559     6.6747     6.7519     6.8216     6.8265     6.8191     6.8434     6.8697     6.8925     6.5787     6.7961     6.8186     6.8209     6.8902     6.8658     6.8054 
User CPU time              3.6570     4.4204     4.4834     4.2552     4.3864     4.4515     4.4255     4.0572     4.4288     4.4898     4.3339     4.4615     4.4241     4.5205     3.7736     4.2600     4.5493     4.5978     4.5525     4.2519     4.3490 
Sys. CPU time              0.0132     0.0601     0.0597     0.0658     0.0647     0.0532     0.0237     0.0167     0.0571     0.0672     0.0668     0.0581     0.0751     0.0245     0.0182     0.0648     0.0512     0.0460     0.0658     0.0663     0.0207 
Processors                     21         21         21         21         21         21         21         21         21         21         21         21         21         21         21         21         21         21         21         21         21 
           Communication          
Reduction                  2.7104     0.9942     0.8099     0.9483     0.7926     0.8621     1.4602     2.2066     0.8983     0.6659     0.7788     0.7352     0.7610     1.1872     2.2275     0.9302     0.7282     0.9826     0.8179     0.8515     1.5296 
Shadow                     0.0822     0.1305     0.2577     0.2199     0.2712     0.4080     0.2606     0.1241     0.2793     0.2447     0.2879     0.4106     0.0914     0.6562     0.1698     0.2318     0.4503     0.2578     0.1221     0.3545     0.4748 
           Synchronization        
Reduction                  0.2822     0.2407     0.2460     0.2490     0.2591     0.2741     0.2284     0.2642     0.2545     0.2662     0.2315     0.2663     0.2535     0.2822     0.2821     0.2061     0.2822     0.2628     0.2522     0.2719     0.2821 
Shadow                     1.7308     1.2777     1.3169     1.2672     1.2428     1.4217     1.6227     1.6971     1.3321     1.2374     1.2399     1.3174     1.0412     1.7263     1.6836     1.1414     1.4736     1.4355     1.1732     1.2562     1.7461 
           Variation              
Reduction                  0.2823     0.2407     0.2460     0.2490     0.2591     0.2741     0.2284     0.2642     0.2545     0.2662     0.2315     0.2663     0.2535     0.2822     0.2822     0.2061     0.2822     0.2628     0.2523     0.2719     0.2821 
Shadow                     3.1400     2.0660     1.9537     1.8662     1.8481     1.9674     2.6889     3.0076     1.9952     1.8287     1.7584     1.8531     1.8045     2.3304     2.9341     1.8314     1.9742     2.2560     1.9658     1.7433     2.5908 
           Overlap                
Reduction                  0.0000     0.0000     0.0000     0.0000     0.0000     0.0000     0.0000     0.0000     0.0000     0.0000     0.0000     0.0000     0.0000     0.0000     0.0000     0.0000     0.0000     0.0000     0.0000     0.0000     0.0000 
Shadow                     0.0000     0.0000     0.0000     0.0000     0.0000     0.0000     0.0000     0.0000     0.0000     0.0000     0.0000     0.0000     0.0000     0.0000     0.0000     0.0000     0.0000     0.0000     0.0000     0.0000     0.0000 


-------------------------------------------------------------------------
Name (number) and performance time of processors
DVM(1) 2.438651
DVM(2) 1.028673
DVM(3) 1.029265
DVM(4) 1.029322
DVM(5) 1.028996
DVM(6) 1.029013
DVM(7) 1.028337
DVM(8) 1.028327
DVM(9) 1.028562
DVM(10) 1.028553
DVM(11) 1.028807
DVM(12) 1.028609
DVM(13) 1.029151
DVM(14) 1.029086
DVM(15) 1.029225
DVM(16) 1.029221
DVM(17) 1.028351
DVM(18) 1.028339
DVM(19) 1.039136
DVM(20) 1.028654
DVM(21) 2.435091
min - DVM(8) 1.028327; max - DVM(1) 2.438651; mid - 1.163399
