Processor system=7*1*2
Statistics has been accumulated on DVM-system version 5.0, platform DVM
Analyzer is executing on DVM-system version 5.0, platform DVM
-------------------------------------------------------------------------
INTERVAL ( NLINE=20 SOURCE=jac3d.c ) LEVEL=0  EXE_COUNT=1
--- The main characteristics --- 
Parallelization efficiency      0.6078 
Execution time                 11.0590 
Processors                          14
Threads amount                      14
Total time                    154.8263
Productive time                94.0974 ( CPU= 93.7134 Sys= 0.3840 I/O= 0.0000 )
Lost  time                     60.7288 
   Insufficient parallelism    47.7238 ( User= 42.7319 Sys= 4.9919 )
   Communication               12.9884 ( Real_sync= 0.0000 Starts= 0.0000 )
   Idle time                    0.0166
Load imbalance                 10.3516
Synchronization                 2.0914
Time variation                  2.9774
Overlap                         0.0002
                  Nop   Communic    Synchro  Variation    Overlap 
Reduction          20    11.3974     0.0009     0.0010     0.0000 
Shadow             20     1.5910     2.0905     2.9764     0.0001 
--- The comparative characteristics --- 
                              Tmin N proc      Tmax N proc      Tmid
Lost time                   3.5984     1     5.3452    13     4.3378 
User insufficient par.      3.0256     6     3.0904    14     3.0523 
Sys.insufficient par.       0.1457    13     0.4983     4     0.3566 
Idle time                   0.0000     3     0.0020     9     0.0012 
Communication               0.1792     5     2.1094    13     0.9277 
Synchronization             0.0013     8     0.3002    13     0.1494 
Variation                   0.0005     6     0.5163    13     0.2127 
Overlap                     0.0000     3     0.0001     8     0.0000 
Load imbalance              0.0000     1     1.7468    13     0.7394 
Execution time             11.0570     9    11.0590     3    11.0578 
User CPU time               5.7026    13     7.4361     1     6.6938 
Sys. CPU time               0.0112    13     0.0383     4     0.0274 
Processors                      14     1         14    14         14 
                      Communic          Synchro        Variation          Overlap  
Reduction       Tmin    0.0008     5     0.0000    14     0.0000    14     0.0000     3 
Reduction       Tmax    2.0865    13     0.0001     4     0.0001     4     0.0000    14 
Reduction       Tmid    0.8141           0.0001           0.0001           0.0000       
Shadow          Tmin    0.0229    13     0.0012     8     0.0004     6     0.0000     1 
Shadow          Tmax    0.1802     6     0.3001    13     0.5163    13     0.0001     8 
Shadow          Tmid    0.1136           0.1493           0.2126           0.0000       
--- The execution characteristics --- 
                                1          2          3          4          5          6          7          8          9         10         11         12         13         14 
Lost time                  3.5984     3.6144     3.7157     3.7083     3.7036     3.7056     3.7217     3.7317     5.1082     5.0987     5.1580     5.2390     5.3452     5.2804 
User insufficient par.     3.0364     3.0400     3.0287     3.0258     3.0259     3.0256     3.0263     3.0308     3.0773     3.0728     3.0814     3.0824     3.0881     3.0904 
Sys.insufficient par.      0.3190     0.3204     0.4970     0.4983     0.4979     0.4976     0.4978     0.4974     0.2758     0.2794     0.2567     0.2612     0.1457     0.1476 
Idle time                  0.0000     0.0008     0.0000     0.0011     0.0005     0.0005     0.0013     0.0003     0.0020     0.0020     0.0020     0.0020     0.0020     0.0020 
Communication              0.2430     0.2531     0.1900     0.1831     0.1792     0.1819     0.1962     0.2031     1.7531     1.7445     1.8179     1.8934     2.1094     2.0404 
Synchronization            0.2075     0.2073     0.0067     0.0056     0.0656     0.0659     0.0016     0.0013     0.2422     0.2422     0.2336     0.2127     0.3002     0.2993 
Variation                  0.2953     0.2957     0.0182     0.0133     0.0007     0.0005     0.0097     0.0116     0.2922     0.2943     0.3676     0.3659     0.5163     0.4959 
Overlap                    0.0000     0.0000     0.0000     0.0000     0.0000     0.0000     0.0001     0.0001     0.0000     0.0000     0.0000     0.0000     0.0000     0.0000 
Load imbalance             0.0000     0.0160     0.1173     0.1099     0.1052     0.1072     0.1233     0.1333     1.5098     1.5003     1.5597     1.6406     1.7468     1.6820 
Execution time            11.0590    11.0582    11.0590    11.0579    11.0585    11.0585    11.0577    11.0587    11.0570    11.0570    11.0570    11.0570    11.0570    11.0570 
User CPU time              7.4361     7.4200     7.3051     7.3124     7.3171     7.3151     7.2990     7.2891     5.9296     5.9388     5.8812     5.7999     5.7026     5.7673 
Sys. CPU time              0.0245     0.0246     0.0382     0.0383     0.0383     0.0383     0.0383     0.0383     0.0212     0.0215     0.0197     0.0201     0.0112     0.0114 
Processors                     14         14         14         14         14         14         14         14         14         14         14         14         14         14 
           Communication          
Reduction                  0.1827     0.1928     0.0211     0.0134     0.0008     0.0017     0.0241     0.0292     1.6328     1.6264     1.7548     1.8315     2.0865     1.9997 
Shadow                     0.0603     0.0604     0.1689     0.1698     0.1784     0.1802     0.1721     0.1739     0.1203     0.1182     0.0631     0.0619     0.0229     0.0407 
           Synchronization        
Reduction                  0.0001     0.0001     0.0001     0.0001     0.0001     0.0001     0.0001     0.0001     0.0001     0.0001     0.0000     0.0001     0.0000     0.0000 
Shadow                     0.2074     0.2072     0.0066     0.0055     0.0655     0.0658     0.0015     0.0012     0.2421     0.2422     0.2335     0.2126     0.3001     0.2992 
           Variation              
Reduction                  0.0001     0.0001     0.0001     0.0001     0.0001     0.0001     0.0001     0.0001     0.0001     0.0001     0.0001     0.0001     0.0001     0.0000 
Shadow                     0.2952     0.2957     0.0181     0.0132     0.0007     0.0004     0.0096     0.0115     0.2921     0.2942     0.3676     0.3659     0.5163     0.4959 
           Overlap                
Reduction                  0.0000     0.0000     0.0000     0.0000     0.0000     0.0000     0.0000     0.0000     0.0000     0.0000     0.0000     0.0000     0.0000     0.0000 
Shadow                     0.0000     0.0000     0.0000     0.0000     0.0000     0.0000     0.0001     0.0001     0.0000     0.0000     0.0000     0.0000     0.0000     0.0000 


-------------------------------------------------------------------------
INTERVAL ( NLINE=42 SOURCE=jac3d.c ) LEVEL=1 SEQ EXE_COUNT=1
--- The main characteristics --- 
Parallelization efficiency      0.8318 
Execution time                  7.6009 
Processors                          14
Threads amount                      14
Total time                    106.4121
Productive time                88.5165 ( CPU= 88.1790 Sys= 0.3375 I/O= 0.0000 )
Lost  time                     17.8956 
   Insufficient parallelism     4.5121 ( User= 0.1248 Sys= 4.3874 )
   Communication               12.9884 ( Real_sync= 0.0000 Starts= 0.0000 )
   Idle time                    0.3950
Load imbalance                  9.8543
Synchronization                 2.0914
Time variation                  2.9774
Overlap                         0.0002
                  Nop   Communic    Synchro  Variation    Overlap 
Reduction          20    11.3974     0.0009     0.0010     0.0000 
Shadow             20     1.5910     2.0905     2.9764     0.0001 
--- The comparative characteristics --- 
                              Tmin N proc      Tmax N proc      Tmid
Lost time                   0.5744     1     2.2397    13     1.2783 
User insufficient par.      0.0066     5     0.0142     2     0.0089 
Sys.insufficient par.       0.1043    13     0.4535     4     0.3134 
Idle time                   0.0000    10     0.0478     2     0.0282 
Communication               0.1792     5     2.1094    13     0.9277 
Synchronization             0.0013     8     0.3002    13     0.1494 
Variation                   0.0005     6     0.5163    13     0.2127 
Overlap                     0.0000     3     0.0001     8     0.0000 
Load imbalance              0.0000     1     1.6654    13     0.7039 
Execution time              7.5531     2     7.6009    10     7.5726 
User CPU time               5.3531    13     7.0054     1     6.2985 
Sys. CPU time               0.0080    13     0.0349     4     0.0241 
Processors                      14     1         14    14         14 
                      Communic          Synchro        Variation          Overlap  
Reduction       Tmin    0.0008     5     0.0000    14     0.0000    14     0.0000     3 
Reduction       Tmax    2.0865    13     0.0001     4     0.0001     4     0.0000    14 
Reduction       Tmid    0.8141           0.0001           0.0001           0.0000       
Shadow          Tmin    0.0229    13     0.0012     8     0.0004     6     0.0000     1 
Shadow          Tmax    0.1802     6     0.3001    13     0.5163    13     0.0001     8 
Shadow          Tmid    0.1136           0.1493           0.2126           0.0000       
--- The execution characteristics --- 
                                1          2          3          4          5          6          7          8          9         10         11         12         13         14 
Lost time                  0.5744     0.5908     0.6905     0.6861     0.6811     0.6835     0.6977     0.7069     2.0015     1.9896     2.0483     2.1314     2.2397     2.1741 
User insufficient par.     0.0106     0.0142     0.0087     0.0068     0.0066     0.0067     0.0067     0.0104     0.0098     0.0067     0.0103     0.0090     0.0099     0.0084 
Sys.insufficient par.      0.2741     0.2756     0.4520     0.4535     0.4530     0.4525     0.4534     0.4525     0.2357     0.2383     0.2164     0.2199     0.1043     0.1061 
Idle time                  0.0467     0.0478     0.0398     0.0426     0.0423     0.0425     0.0414     0.0409     0.0029     0.0000     0.0037     0.0091     0.0162     0.0191 
Communication              0.2430     0.2531     0.1900     0.1831     0.1792     0.1819     0.1962     0.2031     1.7531     1.7445     1.8179     1.8934     2.1094     2.0404 
Synchronization            0.2075     0.2073     0.0067     0.0056     0.0656     0.0659     0.0016     0.0013     0.2422     0.2422     0.2336     0.2127     0.3002     0.2993 
Variation                  0.2953     0.2957     0.0182     0.0133     0.0007     0.0005     0.0097     0.0116     0.2922     0.2943     0.3676     0.3659     0.5163     0.4959 
Overlap                    0.0000     0.0000     0.0000     0.0000     0.0000     0.0000     0.0001     0.0001     0.0000     0.0000     0.0000     0.0000     0.0000     0.0000 
Load imbalance             0.0000     0.0164     0.1161     0.1117     0.1067     0.1092     0.1233     0.1325     1.4271     1.4152     1.4740     1.5571     1.6654     1.5997 
Execution time             7.5541     7.5531     7.5611     7.5583     7.5586     7.5584     7.5595     7.5599     7.5980     7.6009     7.5971     7.5918     7.5847     7.5817 
User CPU time              7.0054     6.9888     6.8756     6.8799     6.8849     6.8825     6.8683     6.8592     5.5812     5.5930     5.5359     5.4525     5.3531     5.4186 
Sys. CPU time              0.0211     0.0212     0.0348     0.0349     0.0348     0.0348     0.0349     0.0348     0.0181     0.0183     0.0166     0.0169     0.0080     0.0082 
Processors                     14         14         14         14         14         14         14         14         14         14         14         14         14         14 
           Communication          
Reduction                  0.1827     0.1928     0.0211     0.0134     0.0008     0.0017     0.0241     0.0292     1.6328     1.6264     1.7548     1.8315     2.0865     1.9997 
Shadow                     0.0603     0.0604     0.1689     0.1698     0.1784     0.1802     0.1721     0.1739     0.1203     0.1182     0.0631     0.0619     0.0229     0.0407 
           Synchronization        
Reduction                  0.0001     0.0001     0.0001     0.0001     0.0001     0.0001     0.0001     0.0001     0.0001     0.0001     0.0000     0.0001     0.0000     0.0000 
Shadow                     0.2074     0.2072     0.0066     0.0055     0.0655     0.0658     0.0015     0.0012     0.2421     0.2422     0.2335     0.2126     0.3001     0.2992 
           Variation              
Reduction                  0.0001     0.0001     0.0001     0.0001     0.0001     0.0001     0.0001     0.0001     0.0001     0.0001     0.0001     0.0001     0.0001     0.0000 
Shadow                     0.2952     0.2957     0.0181     0.0132     0.0007     0.0004     0.0096     0.0115     0.2921     0.2942     0.3676     0.3659     0.5163     0.4959 
           Overlap                
Reduction                  0.0000     0.0000     0.0000     0.0000     0.0000     0.0000     0.0000     0.0000     0.0000     0.0000     0.0000     0.0000     0.0000     0.0000 
Shadow                     0.0000     0.0000     0.0000     0.0000     0.0000     0.0000     0.0001     0.0001     0.0000     0.0000     0.0000     0.0000     0.0000     0.0000 


-------------------------------------------------------------------------
Name (number) and performance time of processors
DVM(1) 1.028826
DVM(2) 1.028633
DVM(3) 1.028996
DVM(4) 1.029335
DVM(5) 1.028792
DVM(6) 1.028756
DVM(7) 1.028790
DVM(8) 1.028813
DVM(9) 1.029341
DVM(10) 1.029206
DVM(11) 1.028942
DVM(12) 1.028909
DVM(13) 1.028892
DVM(14) 1.028968
min - DVM(2) 1.028633; max - DVM(9) 1.029341; mid - 1.028943
