Processor system=5*3*1
Statistics has been accumulated on DVM-system version 5.0, platform DVM
Analyzer is executing on DVM-system version 5.0, platform DVM
-------------------------------------------------------------------------
INTERVAL ( NLINE=20 SOURCE=jac3d.c ) LEVEL=0  EXE_COUNT=1
--- The main characteristics --- 
Parallelization efficiency      0.6453 
Execution time                  9.9773 
Processors                          15
Threads amount                      15
Total time                    149.6589
Productive time                96.5736 ( CPU= 96.4046 Sys= 0.1690 I/O= 0.0000 )
Lost  time                     53.0853 
   Insufficient parallelism    40.9173 ( User= 38.5514 Sys= 2.3658 )
   Communication               12.1388 ( Real_sync= 0.0000 Starts= 0.0000 )
   Idle time                    0.0293
Load imbalance                 11.2791
Synchronization                 3.2961
Time variation                  3.3061
Overlap                         0.0002
                  Nop   Communic    Synchro  Variation    Overlap 
Reduction          20    10.5147     0.0012     0.0011     0.0000 
Shadow             20     1.6241     3.2949     3.3049     0.0002 
--- The comparative characteristics --- 
                              Tmin N proc      Tmax N proc      Tmid
Lost time                   2.7871     3     4.9340    13     3.5390 
User insufficient par.      2.5481     8     2.6096    13     2.5701 
Sys.insufficient par.       0.0885    15     0.2913     8     0.1577 
Idle time                   0.0000     3     0.0042    14     0.0020 
Communication               0.1172     3     2.2312    13     0.8093 
Synchronization             0.0009     8     0.3161    13     0.2197 
Variation                   0.0009     8     0.3562    15     0.2204 
Overlap                     0.0000     3     0.0001     8     0.0000 
Load imbalance              0.0000     3     2.1469    13     0.7519 
Execution time              9.9730    14     9.9773     3     9.9753 
User CPU time               5.0368    13     7.1817     3     6.4270 
Sys. CPU time               0.0063    15     0.0208     8     0.0113 
Processors                      15     1         15    15         15 
                      Communic          Synchro        Variation          Overlap  
Reduction       Tmin    0.0010     5     0.0000    10     0.0000    10     0.0000     3 
Reduction       Tmax    2.1366    13     0.0001     8     0.0001     8     0.0000    10 
Reduction       Tmid    0.7010           0.0001           0.0001           0.0000       
Shadow          Tmin    0.0385    15     0.0007     8     0.0008     8     0.0000     1 
Shadow          Tmax    0.2085    11     0.3161    13     0.3561    15     0.0001     8 
Shadow          Tmid    0.1083           0.2197           0.2203           0.0000       
--- The execution characteristics --- 
                                1          2          3          4          5          6          7          8          9         10         11         12         13         14         15 
Lost time                  2.8536     2.8538     2.7871     2.8756     3.0519     2.8239     2.8647     3.0473     2.8892     2.9650     4.7469     4.7275     4.9340     4.8409     4.8239 
User insufficient par.     2.5575     2.5513     2.5515     2.5510     2.5564     2.5503     2.5526     2.5481     2.5505     2.5561     2.5979     2.6030     2.6096     2.6064     2.6092 
Sys.insufficient par.      0.1207     0.1449     0.1184     0.1590     0.2902     0.1547     0.1502     0.2913     0.1698     0.1740     0.1891     0.1159     0.0898     0.1093     0.0885 
Idle time                  0.0019     0.0000     0.0000     0.0000     0.0000     0.0000     0.0025     0.0016     0.0000     0.0027     0.0042     0.0042     0.0036     0.0042     0.0042 
Communication              0.1735     0.1575     0.1172     0.1657     0.2053     0.1188     0.1595     0.2063     0.1689     0.2322     1.9556     2.0043     2.2312     2.1209     2.1219 
Synchronization            0.2623     0.2458     0.2702     0.2172     0.0044     0.2373     0.2382     0.0009     0.2139     0.2057     0.1940     0.2835     0.3161     0.2935     0.3130 
Variation                  0.3124     0.2172     0.3085     0.2263     0.0047     0.2536     0.2507     0.0009     0.2119     0.2180     0.0950     0.2889     0.2994     0.2623     0.3562 
Overlap                    0.0000     0.0000     0.0000     0.0000     0.0000     0.0000     0.0000     0.0001     0.0000     0.0000     0.0000     0.0000     0.0000     0.0000     0.0000 
Load imbalance             0.0665     0.0667     0.0000     0.0886     0.2648     0.0368     0.0776     0.2602     0.1021     0.1779     1.9598     1.9404     2.1469     2.0538     2.0368 
Execution time             9.9754     9.9773     9.9773     9.9773     9.9772     9.9772     9.9748     9.9757     9.9773     9.9745     9.9730     9.9730     9.9737     9.9730     9.9730 
User CPU time              7.1151     7.1131     7.1817     7.0903     6.9046     7.1423     7.1018     6.9092     7.0760     6.9998     5.2169     5.2415     5.0368     5.1285     5.1470 
Sys. CPU time              0.0086     0.0104     0.0085     0.0114     0.0207     0.0111     0.0107     0.0208     0.0121     0.0124     0.0135     0.0083     0.0064     0.0078     0.0063 
Processors                     15         15         15         15         15         15         15         15         15         15         15         15         15         15         15 
           Communication          
Reduction                  0.1190     0.0347     0.0570     0.0676     0.0010     0.0431     0.0765     0.0011     0.0680     0.1413     1.7472     1.9270     2.1366     2.0112     2.0834 
Shadow                     0.0545     0.1228     0.0602     0.0981     0.2043     0.0757     0.0830     0.2052     0.1009     0.0909     0.2085     0.0773     0.0946     0.1097     0.0385 
           Synchronization        
Reduction                  0.0001     0.0001     0.0001     0.0001     0.0001     0.0001     0.0001     0.0001     0.0001     0.0000     0.0001     0.0001     0.0001     0.0001     0.0001 
Shadow                     0.2622     0.2457     0.2701     0.2171     0.0043     0.2373     0.2382     0.0007     0.2138     0.2057     0.1939     0.2834     0.3161     0.2934     0.3129 
           Variation              
Reduction                  0.0001     0.0001     0.0001     0.0001     0.0001     0.0001     0.0001     0.0001     0.0001     0.0000     0.0001     0.0001     0.0001     0.0001     0.0001 
Shadow                     0.3123     0.2171     0.3084     0.2263     0.0046     0.2535     0.2506     0.0008     0.2118     0.2180     0.0949     0.2888     0.2994     0.2622     0.3561 
           Overlap                
Reduction                  0.0000     0.0000     0.0000     0.0000     0.0000     0.0000     0.0000     0.0000     0.0000     0.0000     0.0000     0.0000     0.0000     0.0000     0.0000 
Shadow                     0.0000     0.0000     0.0000     0.0000     0.0000     0.0000     0.0000     0.0001     0.0000     0.0000     0.0000     0.0000     0.0000     0.0000     0.0000 


-------------------------------------------------------------------------
INTERVAL ( NLINE=42 SOURCE=jac3d.c ) LEVEL=1 SEQ EXE_COUNT=1
--- The main characteristics --- 
Parallelization efficiency      0.8639 
Execution time                  7.0518 
Processors                          15
Threads amount                      15
Total time                    105.7766
Productive time                91.3838 ( CPU= 91.2624 Sys= 0.1214 I/O= 0.0000 )
Lost  time                     14.3928 
   Insufficient parallelism     1.8525 ( User= 0.1533 Sys= 1.6992 )
   Communication               12.1388 ( Real_sync= 0.0000 Starts= 0.0000 )
   Idle time                    0.4015
Load imbalance                 10.8905
Synchronization                 3.2961
Time variation                  3.3061
Overlap                         0.0002
                  Nop   Communic    Synchro  Variation    Overlap 
Reduction          20    10.5147     0.0012     0.0011     0.0000 
Shadow             20     1.6241     3.2949     3.3049     0.0002 
--- The comparative characteristics --- 
                              Tmin N proc      Tmax N proc      Tmid
Lost time                   0.2335     3     2.3036    13     0.9595 
User insufficient par.      0.0077     9     0.0159     5     0.0102 
Sys.insufficient par.       0.0481    15     0.2451     8     0.1133 
Idle time                   0.0000    11     0.0367     1     0.0268 
Communication               0.1172     3     2.2312    13     0.8093 
Synchronization             0.0009     8     0.3161    13     0.2197 
Variation                   0.0009     8     0.3562    15     0.2204 
Overlap                     0.0000     3     0.0001     8     0.0000 
Load imbalance              0.0000     3     2.0701    13     0.7260 
Execution time              7.0151     1     7.0518    11     7.0250 
User CPU time               4.7447    13     6.8132     3     6.0842 
Sys. CPU time               0.0034    15     0.0175     8     0.0081 
Processors                      15     1         15    15         15 
                      Communic          Synchro        Variation          Overlap  
Reduction       Tmin    0.0010     5     0.0000    10     0.0000    10     0.0000     3 
Reduction       Tmax    2.1366    13     0.0001     8     0.0001     8     0.0000    10 
Reduction       Tmid    0.7010           0.0001           0.0001           0.0000       
Shadow          Tmin    0.0385    15     0.0007     8     0.0008     8     0.0000     1 
Shadow          Tmax    0.2085    11     0.3161    13     0.3561    15     0.0001     8 
Shadow          Tmid    0.1083           0.2197           0.2203           0.0000       
--- The execution characteristics --- 
                                1          2          3          4          5          6          7          8          9         10         11         12         13         14         15 
Lost time                  0.2991     0.2993     0.2335     0.3212     0.4985     0.2715     0.3108     0.4946     0.3345     0.4101     2.1153     2.0963     2.3036     2.2101     2.1943 
User insufficient par.     0.0144     0.0091     0.0092     0.0079     0.0159     0.0084     0.0101     0.0088     0.0077     0.0130     0.0122     0.0096     0.0088     0.0094     0.0087 
Sys.insufficient par.      0.0746     0.0985     0.0719     0.1127     0.2437     0.1081     0.1047     0.2451     0.1234     0.1287     0.1474     0.0746     0.0486     0.0691     0.0481 
Idle time                  0.0367     0.0342     0.0352     0.0350     0.0336     0.0361     0.0365     0.0343     0.0346     0.0362     0.0000     0.0077     0.0151     0.0106     0.0157 
Communication              0.1735     0.1575     0.1172     0.1657     0.2053     0.1188     0.1595     0.2063     0.1689     0.2322     1.9556     2.0043     2.2312     2.1209     2.1219 
Synchronization            0.2623     0.2458     0.2702     0.2172     0.0044     0.2373     0.2382     0.0009     0.2139     0.2057     0.1940     0.2835     0.3161     0.2935     0.3130 
Variation                  0.3124     0.2172     0.3085     0.2263     0.0047     0.2536     0.2507     0.0009     0.2119     0.2180     0.0950     0.2889     0.2994     0.2623     0.3562 
Overlap                    0.0000     0.0000     0.0000     0.0000     0.0000     0.0000     0.0000     0.0001     0.0000     0.0000     0.0000     0.0000     0.0000     0.0000     0.0000 
Load imbalance             0.0657     0.0659     0.0000     0.0877     0.2650     0.0380     0.0773     0.2611     0.1010     0.1766     1.8818     1.8628     2.0701     1.9766     1.9608 
Execution time             7.0151     7.0176     7.0166     7.0167     7.0182     7.0157     7.0153     7.0174     7.0172     7.0156     7.0518     7.0440     7.0367     7.0411     7.0361 
User CPU time              6.7473     6.7454     6.8132     6.7225     6.5359     6.7726     6.7335     6.5397     6.7084     6.6325     4.9260     4.9501     4.7447     4.8367     4.8541 
Sys. CPU time              0.0053     0.0070     0.0051     0.0080     0.0174     0.0077     0.0075     0.0175     0.0088     0.0092     0.0105     0.0053     0.0035     0.0049     0.0034 
Processors                     15         15         15         15         15         15         15         15         15         15         15         15         15         15         15 
           Communication          
Reduction                  0.1190     0.0347     0.0570     0.0676     0.0010     0.0431     0.0765     0.0011     0.0680     0.1413     1.7472     1.9270     2.1366     2.0112     2.0834 
Shadow                     0.0545     0.1228     0.0602     0.0981     0.2043     0.0757     0.0830     0.2052     0.1009     0.0909     0.2085     0.0773     0.0946     0.1097     0.0385 
           Synchronization        
Reduction                  0.0001     0.0001     0.0001     0.0001     0.0001     0.0001     0.0001     0.0001     0.0001     0.0000     0.0001     0.0001     0.0001     0.0001     0.0001 
Shadow                     0.2622     0.2457     0.2701     0.2171     0.0043     0.2373     0.2382     0.0007     0.2138     0.2057     0.1939     0.2834     0.3161     0.2934     0.3129 
           Variation              
Reduction                  0.0001     0.0001     0.0001     0.0001     0.0001     0.0001     0.0001     0.0001     0.0001     0.0000     0.0001     0.0001     0.0001     0.0001     0.0001 
Shadow                     0.3123     0.2171     0.3084     0.2263     0.0046     0.2535     0.2506     0.0008     0.2118     0.2180     0.0949     0.2888     0.2994     0.2622     0.3561 
           Overlap                
Reduction                  0.0000     0.0000     0.0000     0.0000     0.0000     0.0000     0.0000     0.0000     0.0000     0.0000     0.0000     0.0000     0.0000     0.0000     0.0000 
Shadow                     0.0000     0.0000     0.0000     0.0000     0.0000     0.0000     0.0000     0.0001     0.0000     0.0000     0.0000     0.0000     0.0000     0.0000     0.0000 


-------------------------------------------------------------------------
Name (number) and performance time of processors
DVM(1) 1.028625
DVM(2) 1.028439
DVM(3) 1.028935
DVM(4) 1.029216
DVM(5) 1.029001
DVM(6) 1.029003
DVM(7) 1.028504
DVM(8) 1.028506
DVM(9) 1.028673
DVM(10) 1.028685
DVM(11) 1.028841
DVM(12) 1.028824
DVM(13) 1.028823
DVM(14) 1.028840
DVM(15) 0.539766
min - DVM(15) 0.539766; max - DVM(4) 1.029216; mid - 0.996179
