Processor system=1*5*4
Statistics has been accumulated on DVM-system version 5.0, platform DVM
Analyzer is executing on DVM-system version 5.0, platform DVM
-------------------------------------------------------------------------
INTERVAL ( NLINE=20 SOURCE=jac3d.c ) LEVEL=0  EXE_COUNT=2
--- The main characteristics --- 
Parallelization efficiency      0.5774 
Execution time                  9.1737 
Processors                          20
Threads amount                      20
Total time                    183.4736
Productive time               105.9374 ( CPU= 105.2203 Sys= 0.7171 I/O= 0.0000 )
Lost  time                     77.5362 
   Insufficient parallelism    67.5556 ( User= 53.9306 Sys= 13.6250 )
   Communication                9.9232 ( Real_sync= 0.0000 Starts= 0.0000 )
   Idle time                    0.0573
Load imbalance                  6.6966
Synchronization                 5.1420
Time variation                  9.3759
Overlap                         0.0003
                  Nop   Communic    Synchro  Variation    Overlap 
Reduction          21     7.8418     0.0016     0.0015     0.0001 
Shadow             21     2.0814     5.1404     9.3744     0.0002 
--- The comparative characteristics --- 
                              Tmin N proc      Tmax N proc      Tmid
Lost time                   3.5420    12     4.1635     9     3.8768 
User insufficient par.      2.6770    18     2.7491     1     2.6965 
Sys.insufficient par.       0.2358    17     1.1453    14     0.6812 
Idle time                   0.0000    12     0.0046     3     0.0029 
Communication               0.0827     2     1.1809     9     0.4962 
Synchronization             0.0049    10     0.4380    20     0.2571 
Variation                   0.0029    14     1.0148    17     0.4688 
Overlap                     0.0000     1     0.0001    10     0.0000 
Load imbalance              0.0000    12     0.6215     9     0.3348 
Execution time              9.1691     3     9.1737    12     9.1708 
User CPU time               4.9967     9     5.6103    12     5.2610 
Sys. CPU time               0.0124    17     0.0603    14     0.0359 
Processors                      20     1         20    20         20 
                      Communic          Synchro        Variation          Overlap  
Reduction       Tmin    0.0011    14     0.0000     8     0.0000    20     0.0000     1 
Reduction       Tmax    1.1506     9     0.0002     6     0.0001    14     0.0000     8 
Reduction       Tmid    0.3921           0.0001           0.0001           0.0000       
Shadow          Tmin    0.0251     1     0.0048    10     0.0028    14     0.0000     1 
Shadow          Tmax    0.2411    20     0.4380    20     1.0148    17     0.0001    10 
Shadow          Tmid    0.1041           0.2570           0.4687           0.0000       
--- The execution characteristics --- 
                                1          2          3          4          5          6          7          8          9         10         11         12         13         14         15         16         17         18         19         20 
Lost time                  3.9258     3.8222     3.8309     3.6428     4.0214     3.9158     3.9094     3.8033     4.1635     3.9653     3.8146     3.5420     3.8385     3.9137     3.8359     3.6742     4.1327     3.9396     4.0007     3.8437 
User insufficient par.     2.7491     2.6808     2.6839     2.6954     2.7222     2.6798     2.6790     2.6945     2.7213     2.6787     2.6788     2.6951     2.7204     2.6797     2.6829     2.6904     2.7301     2.6770     2.6899     2.7017 
Sys.insufficient par.      0.2401     1.0542     0.9503     0.3672     0.2516     1.1244     1.0089     0.4116     0.2566     1.1351     1.0061     0.4057     0.2595     1.1453     0.9926     0.4010     0.2358     1.0470     0.9512     0.3807 
Idle time                  0.0046     0.0046     0.0046     0.0031     0.0046     0.0023     0.0023     0.0004     0.0046     0.0019     0.0046     0.0000     0.0015     0.0045     0.0015     0.0027     0.0012     0.0039     0.0008     0.0035 
Communication              0.9320     0.0827     0.1922     0.5770     1.0431     0.1093     0.2191     0.6968     1.1809     0.1496     0.1251     0.4412     0.8570     0.0842     0.1588     0.5801     1.1656     0.2118     0.3588     0.7579 
Synchronization            0.4204     0.0758     0.1897     0.4371     0.4028     0.0177     0.1343     0.4012     0.4010     0.0049     0.1574     0.4068     0.4044     0.0133     0.1523     0.4098     0.4178     0.0724     0.1850     0.4380 
Variation                  1.0130     0.1227     0.2009     0.6690     0.9902     0.0314     0.1560     0.6258     0.9869     0.0157     0.1372     0.6543     0.9834     0.0029     0.1601     0.6485     1.0148     0.1227     0.1915     0.6486 
Overlap                    0.0000     0.0000     0.0000     0.0000     0.0000     0.0000     0.0000     0.0000     0.0000     0.0001     0.0000     0.0000     0.0000     0.0001     0.0000     0.0000     0.0000     0.0000     0.0000     0.0000 
Load imbalance             0.3839     0.2803     0.2890     0.1008     0.4794     0.3739     0.3674     0.2614     0.6215     0.4233     0.2726     0.0000     0.2965     0.3718     0.2939     0.1322     0.5907     0.3977     0.4587     0.3017 
Execution time             9.1691     9.1691     9.1691     9.1706     9.1691     9.1714     9.1713     9.1733     9.1691     9.1717     9.1691     9.1737     9.1721     9.1691     9.1721     9.1710     9.1725     9.1698     9.1729     9.1702 
User CPU time              5.2352     5.2960     5.2927     5.5116     5.1390     5.1987     5.2112     5.3487     4.9967     5.1486     5.3061     5.6103     5.3215     5.1997     5.2855     5.4784     5.0286     5.1789     5.1230     5.3099 
Sys. CPU time              0.0126     0.0555     0.0500     0.0193     0.0132     0.0592     0.0531     0.0217     0.0135     0.0597     0.0530     0.0214     0.0137     0.0603     0.0522     0.0211     0.0124     0.0551     0.0501     0.0200 
Processors                     20         20         20         20         20         20         20         20         20         20         20         20         20         20         20         20         20         20         20         20 
           Communication          
Reduction                  0.9070     0.0286     0.1017     0.3432     1.0130     0.0328     0.1471     0.4650     1.1506     0.0690     0.0311     0.2308     0.8223     0.0011     0.0733     0.3619     1.1385     0.1477     0.2605     0.5168 
Shadow                     0.0251     0.0541     0.0905     0.2338     0.0302     0.0765     0.0720     0.2319     0.0303     0.0806     0.0940     0.2105     0.0347     0.0831     0.0855     0.2181     0.0271     0.0641     0.0983     0.2411 
           Synchronization        
Reduction                  0.0001     0.0001     0.0001     0.0001     0.0000     0.0002     0.0001     0.0000     0.0000     0.0001     0.0001     0.0001     0.0000     0.0001     0.0001     0.0001     0.0000     0.0001     0.0001     0.0000 
Shadow                     0.4203     0.0757     0.1896     0.4370     0.4028     0.0176     0.1342     0.4012     0.4010     0.0048     0.1573     0.4067     0.4044     0.0131     0.1522     0.4097     0.4178     0.0723     0.1850     0.4380 
           Variation              
Reduction                  0.0001     0.0001     0.0001     0.0001     0.0000     0.0001     0.0001     0.0000     0.0000     0.0001     0.0001     0.0001     0.0000     0.0001     0.0001     0.0001     0.0000     0.0001     0.0001     0.0000 
Shadow                     1.0129     0.1226     0.2007     0.6689     0.9902     0.0313     0.1559     0.6258     0.9869     0.0156     0.1371     0.6542     0.9834     0.0028     0.1601     0.6485     1.0148     0.1227     0.1915     0.6486 
           Overlap                
Reduction                  0.0000     0.0000     0.0000     0.0000     0.0000     0.0000     0.0000     0.0000     0.0000     0.0000     0.0000     0.0000     0.0000     0.0000     0.0000     0.0000     0.0000     0.0000     0.0000     0.0000 
Shadow                     0.0000     0.0000     0.0000     0.0000     0.0000     0.0000     0.0000     0.0000     0.0000     0.0001     0.0000     0.0000     0.0000     0.0001     0.0000     0.0000     0.0000     0.0000     0.0000     0.0000 


-------------------------------------------------------------------------
INTERVAL ( NLINE=42 SOURCE=jac3d.c ) LEVEL=1 SEQ EXE_COUNT=2
--- The main characteristics --- 
Parallelization efficiency      0.8119 
Execution time                  6.1678 
Processors                          20
Threads amount                      20
Total time                    123.3565
Productive time               100.1545 ( CPU= 99.4929 Sys= 0.6616 I/O= 0.0000 )
Lost  time                     23.2020 
   Insufficient parallelism    12.8911 ( User= 0.3211 Sys= 12.5699 )
   Communication                9.9232 ( Real_sync= 0.0000 Starts= 0.0000 )
   Idle time                    0.3877
Load imbalance                  6.6088
Synchronization                 5.1420
Time variation                  9.3759
Overlap                         0.0003
                  Nop   Communic    Synchro  Variation    Overlap 
Reduction          21     7.8418     0.0016     0.0015     0.0001 
Shadow             21     2.0814     5.1404     9.3744     0.0002 
--- The comparative characteristics --- 
                              Tmin N proc      Tmax N proc      Tmid
Lost time                   0.8297    12     1.4483     9     1.1601 
User insufficient par.      0.0102    16     0.0419     1     0.0161 
Sys.insufficient par.       0.1829    17     1.0918    14     0.6285 
Idle time                   0.0000     2     0.0520    17     0.0194 
Communication               0.0827     2     1.1809     9     0.4962 
Synchronization             0.0049    10     0.4380    20     0.2571 
Variation                   0.0029    14     1.0148    17     0.4688 
Overlap                     0.0000     1     0.0001    10     0.0000 
Load imbalance              0.0000    12     0.6186     9     0.3304 
Execution time              6.1158    17     6.1678     2     6.1484 
User CPU time               4.7087     9     5.3196    12     4.9746 
Sys. CPU time               0.0096    17     0.0575    14     0.0331 
Processors                      20     1         20    20         20 
                      Communic          Synchro        Variation          Overlap  
Reduction       Tmin    0.0011    14     0.0000     8     0.0000    20     0.0000     1 
Reduction       Tmax    1.1506     9     0.0002     6     0.0001    14     0.0000     8 
Reduction       Tmid    0.3921           0.0001           0.0001           0.0000       
Shadow          Tmin    0.0251     1     0.0048    10     0.0028    14     0.0000     1 
Shadow          Tmax    0.2411    20     0.4380    20     1.0148    17     0.0001    10 
Shadow          Tmid    0.1041           0.2570           0.4687           0.0000       
--- The execution characteristics --- 
                                1          2          3          4          5          6          7          8          9         10         11         12         13         14         15         16         17         18         19         20 
Lost time                  1.2086     1.1024     1.1115     0.9244     1.3062     1.1980     1.1943     1.0876     1.4483     1.2507     1.0975     0.8297     1.1254     1.1977     1.1226     0.9565     1.4155     1.2195     1.2809     1.1246 
User insufficient par.     0.0419     0.0155     0.0187     0.0140     0.0114     0.0163     0.0112     0.0134     0.0118     0.0147     0.0135     0.0176     0.0155     0.0187     0.0145     0.0102     0.0150     0.0125     0.0180     0.0167 
Sys.insufficient par.      0.1867     1.0043     0.8971     0.3152     0.2025     1.0708     0.9553     0.3578     0.2056     1.0813     0.9523     0.3520     0.2058     1.0918     0.9392     0.3482     0.1829     0.9942     0.8985     0.3285 
Idle time                  0.0480     0.0000     0.0035     0.0181     0.0492     0.0017     0.0087     0.0195     0.0499     0.0051     0.0066     0.0188     0.0471     0.0029     0.0102     0.0180     0.0520     0.0011     0.0056     0.0216 
Communication              0.9320     0.0827     0.1922     0.5770     1.0431     0.1093     0.2191     0.6968     1.1809     0.1496     0.1251     0.4412     0.8570     0.0842     0.1588     0.5801     1.1656     0.2118     0.3588     0.7579 
Synchronization            0.4204     0.0758     0.1897     0.4371     0.4028     0.0177     0.1343     0.4012     0.4010     0.0049     0.1574     0.4068     0.4044     0.0133     0.1523     0.4098     0.4178     0.0724     0.1850     0.4380 
Variation                  1.0130     0.1227     0.2009     0.6690     0.9902     0.0314     0.1560     0.6258     0.9869     0.0157     0.1372     0.6543     0.9834     0.0029     0.1601     0.6485     1.0148     0.1227     0.1915     0.6486 
Overlap                    0.0000     0.0000     0.0000     0.0000     0.0000     0.0000     0.0000     0.0000     0.0000     0.0001     0.0000     0.0000     0.0000     0.0001     0.0000     0.0000     0.0000     0.0000     0.0000     0.0000 
Load imbalance             0.3789     0.2728     0.2818     0.0947     0.4766     0.3684     0.3646     0.2579     0.6186     0.4210     0.2679     0.0000     0.2958     0.3680     0.2930     0.1269     0.5858     0.3899     0.4512     0.2949 
Execution time             6.1198     6.1678     6.1643     6.1497     6.1186     6.1662     6.1591     6.1483     6.1179     6.1627     6.1612     6.1490     6.1207     6.1649     6.1577     6.1498     6.1158     6.1667     6.1623     6.1462 
User CPU time              4.9494     5.0125     5.0091     5.2269     4.8509     4.9134     4.9232     5.0614     4.7087     4.8602     5.0202     5.3196     5.0316     4.9127     4.9957     5.1930     4.7427     4.8960     4.8396     5.0259 
Sys. CPU time              0.0098     0.0529     0.0472     0.0166     0.0107     0.0564     0.0503     0.0188     0.0108     0.0569     0.0501     0.0185     0.0108     0.0575     0.0494     0.0183     0.0096     0.0523     0.0473     0.0173 
Processors                     20         20         20         20         20         20         20         20         20         20         20         20         20         20         20         20         20         20         20         20 
           Communication          
Reduction                  0.9070     0.0286     0.1017     0.3432     1.0130     0.0328     0.1471     0.4650     1.1506     0.0690     0.0311     0.2308     0.8223     0.0011     0.0733     0.3619     1.1385     0.1477     0.2605     0.5168 
Shadow                     0.0251     0.0541     0.0905     0.2338     0.0302     0.0765     0.0720     0.2319     0.0303     0.0806     0.0940     0.2105     0.0347     0.0831     0.0855     0.2181     0.0271     0.0641     0.0983     0.2411 
           Synchronization        
Reduction                  0.0001     0.0001     0.0001     0.0001     0.0000     0.0002     0.0001     0.0000     0.0000     0.0001     0.0001     0.0001     0.0000     0.0001     0.0001     0.0001     0.0000     0.0001     0.0001     0.0000 
Shadow                     0.4203     0.0757     0.1896     0.4370     0.4028     0.0176     0.1342     0.4012     0.4010     0.0048     0.1573     0.4067     0.4044     0.0131     0.1522     0.4097     0.4178     0.0723     0.1850     0.4380 
           Variation              
Reduction                  0.0001     0.0001     0.0001     0.0001     0.0000     0.0001     0.0001     0.0000     0.0000     0.0001     0.0001     0.0001     0.0000     0.0001     0.0001     0.0001     0.0000     0.0001     0.0001     0.0000 
Shadow                     1.0129     0.1226     0.2007     0.6689     0.9902     0.0313     0.1559     0.6258     0.9869     0.0156     0.1371     0.6542     0.9834     0.0028     0.1601     0.6485     1.0148     0.1227     0.1915     0.6486 
           Overlap                
Reduction                  0.0000     0.0000     0.0000     0.0000     0.0000     0.0000     0.0000     0.0000     0.0000     0.0000     0.0000     0.0000     0.0000     0.0000     0.0000     0.0000     0.0000     0.0000     0.0000     0.0000 
Shadow                     0.0000     0.0000     0.0000     0.0000     0.0000     0.0000     0.0000     0.0000     0.0000     0.0001     0.0000     0.0000     0.0000     0.0001     0.0000     0.0000     0.0000     0.0000     0.0000     0.0000 


-------------------------------------------------------------------------
Name (number) and performance time of processors
DVM(1) 1.028906
DVM(2) 1.028639
DVM(3) 1.028649
DVM(4) 1.028813
DVM(5) 1.028482
DVM(6) 1.028436
DVM(7) 1.028932
DVM(8) 1.028861
DVM(9) 1.029243
DVM(10) 1.029235
DVM(11) 1.029332
DVM(12) 1.029284
DVM(13) 1.028823
DVM(14) 1.029021
DVM(15) 1.028861
DVM(16) 1.028995
DVM(17) 1.028239
DVM(18) 1.033790
DVM(19) 1.029663
DVM(20) 1.035324
min - DVM(17) 1.028239; max - DVM(20) 1.035324; mid - 1.029476
