Processor system=4*1*5
Statistics has been accumulated on DVM-system version 5.0, platform DVM
Analyzer is executing on DVM-system version 5.0, platform DVM
-------------------------------------------------------------------------
INTERVAL ( NLINE=20 SOURCE=jac3d.c ) LEVEL=0  EXE_COUNT=2
--- The main characteristics --- 
Parallelization efficiency      0.6345 
Execution time                 10.3044 
Processors                          20
Threads amount                      20
Total time                    206.0887
Productive time               130.7679 ( CPU= 130.0526 Sys= 0.7153 I/O= 0.0000 )
Lost  time                     75.3208 
   Insufficient parallelism    63.8402 ( User= 50.2492 Sys= 13.5910 )
   Communication               11.4382 ( Real_sync= 0.0000 Starts= 0.0000 )
   Idle time                    0.0423
Load imbalance                  6.0032
Synchronization                 2.5469
Time variation                  5.2639
Overlap                         0.0002
                  Nop   Communic    Synchro  Variation    Overlap 
Reduction          21     9.4803     0.0025     0.0024     0.0001 
Shadow             21     1.9579     2.5444     5.2615     0.0001 
--- The comparative characteristics --- 
                              Tmin N proc      Tmax N proc      Tmid
Lost time                   3.4659     2     4.4359    16     3.7660 
User insufficient par.      2.4918     4     2.5612     1     2.5125 
Sys.insufficient par.       0.2602     1     0.9263     7     0.6796 
Idle time                   0.0000    17     0.0051    20     0.0021 
Communication               0.0927     3     1.6148    16     0.5719 
Synchronization             0.0023    13     0.2993    20     0.1273 
Variation                   0.0130    13     0.7713    16     0.2632 
Overlap                     0.0000     2     0.0000    13     0.0000 
Load imbalance              0.0000     2     0.9700    16     0.3002 
Execution time             10.2994    20    10.3044    17    10.3023 
User CPU time               5.8548    16     6.7925     2     6.5026 
Sys. CPU time               0.0137     1     0.0488     7     0.0358 
Processors                      20     1         20    20         20 
                      Communic          Synchro        Variation          Overlap  
Reduction       Tmin    0.0010    12     0.0000    20     0.0000    20     0.0000     2 
Reduction       Tmax    1.5872    16     0.0002    12     0.0002    14     0.0000     5 
Reduction       Tmid    0.4740           0.0001           0.0001           0.0000       
Shadow          Tmin    0.0276    16     0.0021    13     0.0128    13     0.0000     1 
Shadow          Tmax    0.2309     5     0.2993    20     0.7713    16     0.0000    13 
Shadow          Tmid    0.0979           0.1272           0.2631           0.0000       
--- The execution characteristics --- 
                                1          2          3          4          5          6          7          8          9         10         11         12         13         14         15         16         17         18         19         20 
Lost time                  4.1395     3.4659     3.4743     3.4772     3.7122     4.2704     3.5862     3.7488     3.7287     3.8518     3.9175     3.5067     3.5202     3.5237     3.7750     4.4359     3.5922     3.7821     3.7759     4.0364 
User insufficient par.     2.5612     2.4946     2.4940     2.4918     2.5146     2.5444     2.5004     2.5022     2.5001     2.5129     2.5418     2.4942     2.4951     2.4967     2.5155     2.5581     2.5021     2.5039     2.5011     2.5245 
Sys.insufficient par.      0.2602     0.8753     0.8868     0.8856     0.4295     0.2702     0.9263     0.9202     0.9214     0.4433     0.2733     0.9161     0.9261     0.9167     0.4407     0.2615     0.8696     0.8656     0.8809     0.4217 
Idle time                  0.0029     0.0008     0.0008     0.0026     0.0023     0.0038     0.0003     0.0005     0.0010     0.0031     0.0041     0.0036     0.0013     0.0013     0.0034     0.0015     0.0000     0.0018     0.0021     0.0051 
Communication              1.3152     0.0952     0.0927     0.0973     0.7658     1.4520     0.1593     0.3259     0.3061     0.8925     1.0983     0.0928     0.0976     0.1090     0.8154     1.6148     0.2206     0.4108     0.3918     1.0852 
Synchronization            0.2817     0.0292     0.0238     0.0267     0.2848     0.2739     0.0045     0.0107     0.0101     0.2710     0.2716     0.0148     0.0023     0.0140     0.2762     0.2907     0.0472     0.0583     0.0559     0.2993 
Variation                  0.7696     0.0798     0.0690     0.0692     0.3926     0.7582     0.0172     0.0293     0.0279     0.3856     0.7525     0.0209     0.0130     0.0260     0.3905     0.7713     0.0936     0.1049     0.0890     0.4039 
Overlap                    0.0000     0.0000     0.0000     0.0000     0.0000     0.0000     0.0000     0.0000     0.0000     0.0000     0.0000     0.0000     0.0000     0.0000     0.0000     0.0000     0.0000     0.0000     0.0000     0.0000 
Load imbalance             0.6737     0.0000     0.0084     0.0114     0.2463     0.8045     0.1204     0.2829     0.2628     0.3860     0.4517     0.0408     0.0543     0.0578     0.3091     0.9700     0.1263     0.3162     0.3100     0.5706 
Execution time            10.3015    10.3037    10.3037    10.3018    10.3021    10.3006    10.3041    10.3039    10.3034    10.3013    10.3003    10.3008    10.3031    10.3031    10.3010    10.3029    10.3044    10.3026    10.3024    10.2994 
User CPU time              6.1512     6.7925     6.7835     6.7806     6.5697     6.0198     6.6694     6.5072     6.5272     6.4293     6.3725     6.7495     6.7355     6.7325     6.5062     5.8548     6.6665     6.4768     6.4822     6.2458 
Sys. CPU time              0.0137     0.0461     0.0467     0.0466     0.0226     0.0142     0.0488     0.0484     0.0485     0.0233     0.0144     0.0482     0.0487     0.0482     0.0232     0.0138     0.0458     0.0456     0.0464     0.0222 
Processors                     20         20         20         20         20         20         20         20         20         20         20         20         20         20         20         20         20         20         20         20 
           Communication          
Reduction                  1.2828     0.0202     0.0187     0.0226     0.5348     1.4184     0.0731     0.2460     0.2263     0.6675     1.0634     0.0010     0.0114     0.0226     0.5962     1.5872     0.1515     0.3488     0.3308     0.8570 
Shadow                     0.0324     0.0750     0.0741     0.0746     0.2309     0.0336     0.0862     0.0799     0.0798     0.2250     0.0349     0.0918     0.0862     0.0864     0.2192     0.0276     0.0691     0.0620     0.0610     0.2283 
           Synchronization        
Reduction                  0.0001     0.0002     0.0002     0.0002     0.0001     0.0001     0.0001     0.0001     0.0001     0.0001     0.0001     0.0002     0.0002     0.0002     0.0001     0.0001     0.0001     0.0001     0.0001     0.0000 
Shadow                     0.2816     0.0291     0.0236     0.0265     0.2847     0.2738     0.0044     0.0106     0.0100     0.2709     0.2715     0.0146     0.0021     0.0138     0.2761     0.2906     0.0471     0.0583     0.0559     0.2993 
           Variation              
Reduction                  0.0001     0.0002     0.0002     0.0002     0.0001     0.0001     0.0001     0.0001     0.0001     0.0001     0.0001     0.0002     0.0002     0.0002     0.0001     0.0001     0.0001     0.0001     0.0001     0.0000 
Shadow                     0.7695     0.0796     0.0688     0.0690     0.3925     0.7581     0.0171     0.0292     0.0278     0.3855     0.7523     0.0207     0.0128     0.0258     0.3904     0.7713     0.0935     0.1048     0.0889     0.4039 
           Overlap                
Reduction                  0.0000     0.0000     0.0000     0.0000     0.0000     0.0000     0.0000     0.0000     0.0000     0.0000     0.0000     0.0000     0.0000     0.0000     0.0000     0.0000     0.0000     0.0000     0.0000     0.0000 
Shadow                     0.0000     0.0000     0.0000     0.0000     0.0000     0.0000     0.0000     0.0000     0.0000     0.0000     0.0000     0.0000     0.0000     0.0000     0.0000     0.0000     0.0000     0.0000     0.0000     0.0000 


-------------------------------------------------------------------------
INTERVAL ( NLINE=42 SOURCE=jac3d.c ) LEVEL=1 SEQ EXE_COUNT=2
--- The main characteristics --- 
Parallelization efficiency      0.8354 
Execution time                  7.4930 
Processors                          20
Threads amount                      20
Total time                    149.8606
Productive time               125.1959 ( CPU= 124.5347 Sys= 0.6611 I/O= 0.0000 )
Lost  time                     24.6648 
   Insufficient parallelism    12.8722 ( User= 0.3104 Sys= 12.5618 )
   Communication               11.4382 ( Real_sync= 0.0000 Starts= 0.0000 )
   Idle time                    0.3544
Load imbalance                  6.0492
Synchronization                 2.5469
Time variation                  5.2639
Overlap                         0.0002
                  Nop   Communic    Synchro  Variation    Overlap 
Reduction          21     9.4803     0.0025     0.0024     0.0001 
Shadow             21     1.9579     2.5444     5.2615     0.0001 
--- The comparative characteristics --- 
                              Tmin N proc      Tmax N proc      Tmid
Lost time                   0.9308     2     1.9007    16     1.2332 
User insufficient par.      0.0119     4     0.0317     1     0.0155 
Sys.insufficient par.       0.2091     1     0.8758    13     0.6281 
Idle time                   0.0000     2     0.0582    16     0.0177 
Communication               0.0927     3     1.6148    16     0.5719 
Synchronization             0.0023    13     0.2993    20     0.1273 
Variation                   0.0130    13     0.7713    16     0.2632 
Overlap                     0.0000     2     0.0000    13     0.0000 
Load imbalance              0.0000     2     0.9699    16     0.3025 
Execution time              7.4349    16     7.4930     2     7.4753 
User CPU time               5.5812    16     6.5189     2     6.2267 
Sys. CPU time               0.0110     1     0.0461    13     0.0331 
Processors                      20     1         20    20         20 
                      Communic          Synchro        Variation          Overlap  
Reduction       Tmin    0.0010    12     0.0000    20     0.0000    20     0.0000     2 
Reduction       Tmax    1.5872    16     0.0002    12     0.0002    14     0.0000     5 
Reduction       Tmid    0.4740           0.0001           0.0001           0.0000       
Shadow          Tmin    0.0276    16     0.0021    13     0.0128    13     0.0000     1 
Shadow          Tmax    0.2309     5     0.2993    20     0.7713    16     0.0000    13 
Shadow          Tmid    0.0979           0.1272           0.2631           0.0000       
--- The execution characteristics --- 
                                1          2          3          4          5          6          7          8          9         10         11         12         13         14         15         16         17         18         19         20 
Lost time                  1.6040     0.9308     0.9431     0.9443     1.1748     1.7359     1.0528     1.2159     1.1958     1.3165     1.3876     0.9931     0.9870     0.9915     1.2376     1.9007     1.0609     1.2481     1.2429     1.5013 
User insufficient par.     0.0317     0.0126     0.0127     0.0119     0.0157     0.0125     0.0173     0.0158     0.0150     0.0138     0.0137     0.0157     0.0123     0.0153     0.0140     0.0152     0.0164     0.0161     0.0142     0.0185 
Sys.insufficient par.      0.2091     0.8231     0.8344     0.8333     0.3791     0.2186     0.8737     0.8680     0.8689     0.3912     0.2232     0.8641     0.8758     0.8642     0.3919     0.2125     0.8169     0.8131     0.8284     0.3723 
Idle time                  0.0481     0.0000     0.0033     0.0018     0.0142     0.0528     0.0026     0.0063     0.0058     0.0190     0.0525     0.0205     0.0013     0.0029     0.0162     0.0582     0.0070     0.0081     0.0085     0.0252 
Communication              1.3152     0.0952     0.0927     0.0973     0.7658     1.4520     0.1593     0.3259     0.3061     0.8925     1.0983     0.0928     0.0976     0.1090     0.8154     1.6148     0.2206     0.4108     0.3918     1.0852 
Synchronization            0.2817     0.0292     0.0238     0.0267     0.2848     0.2739     0.0045     0.0107     0.0101     0.2710     0.2716     0.0148     0.0023     0.0140     0.2762     0.2907     0.0472     0.0583     0.0559     0.2993 
Variation                  0.7696     0.0798     0.0690     0.0692     0.3926     0.7582     0.0172     0.0293     0.0279     0.3856     0.7525     0.0209     0.0130     0.0260     0.3905     0.7713     0.0936     0.1049     0.0890     0.4039 
Overlap                    0.0000     0.0000     0.0000     0.0000     0.0000     0.0000     0.0000     0.0000     0.0000     0.0000     0.0000     0.0000     0.0000     0.0000     0.0000     0.0000     0.0000     0.0000     0.0000     0.0000 
Load imbalance             0.6733     0.0000     0.0124     0.0136     0.2440     0.8052     0.1221     0.2851     0.2651     0.3857     0.4569     0.0623     0.0563     0.0607     0.3068     0.9699     0.1301     0.3173     0.3122     0.5705 
Execution time             7.4450     7.4930     7.4897     7.4912     7.4788     7.4402     7.4904     7.4868     7.4873     7.4740     7.4405     7.4726     7.4917     7.4901     7.4768     7.4349     7.4860     7.4849     7.4846     7.4678 
User CPU time              5.8780     6.5189     6.5060     6.5048     6.2983     5.7456     6.3942     6.2314     6.2515     6.1560     6.0936     6.4545     6.4599     6.4561     6.2348     5.5812     6.3891     6.2022     6.2065     5.9721 
Sys. CPU time              0.0110     0.0433     0.0439     0.0439     0.0200     0.0115     0.0460     0.0457     0.0457     0.0206     0.0117     0.0455     0.0461     0.0455     0.0206     0.0112     0.0430     0.0428     0.0436     0.0196 
Processors                     20         20         20         20         20         20         20         20         20         20         20         20         20         20         20         20         20         20         20         20 
           Communication          
Reduction                  1.2828     0.0202     0.0187     0.0226     0.5348     1.4184     0.0731     0.2460     0.2263     0.6675     1.0634     0.0010     0.0114     0.0226     0.5962     1.5872     0.1515     0.3488     0.3308     0.8570 
Shadow                     0.0324     0.0750     0.0741     0.0746     0.2309     0.0336     0.0862     0.0799     0.0798     0.2250     0.0349     0.0918     0.0862     0.0864     0.2192     0.0276     0.0691     0.0620     0.0610     0.2283 
           Synchronization        
Reduction                  0.0001     0.0002     0.0002     0.0002     0.0001     0.0001     0.0001     0.0001     0.0001     0.0001     0.0001     0.0002     0.0002     0.0002     0.0001     0.0001     0.0001     0.0001     0.0001     0.0000 
Shadow                     0.2816     0.0291     0.0236     0.0265     0.2847     0.2738     0.0044     0.0106     0.0100     0.2709     0.2715     0.0146     0.0021     0.0138     0.2761     0.2906     0.0471     0.0583     0.0559     0.2993 
           Variation              
Reduction                  0.0001     0.0002     0.0002     0.0002     0.0001     0.0001     0.0001     0.0001     0.0001     0.0001     0.0001     0.0002     0.0002     0.0002     0.0001     0.0001     0.0001     0.0001     0.0001     0.0000 
Shadow                     0.7695     0.0796     0.0688     0.0690     0.3925     0.7581     0.0171     0.0292     0.0278     0.3855     0.7523     0.0207     0.0128     0.0258     0.3904     0.7713     0.0935     0.1048     0.0889     0.4039 
           Overlap                
Reduction                  0.0000     0.0000     0.0000     0.0000     0.0000     0.0000     0.0000     0.0000     0.0000     0.0000     0.0000     0.0000     0.0000     0.0000     0.0000     0.0000     0.0000     0.0000     0.0000     0.0000 
Shadow                     0.0000     0.0000     0.0000     0.0000     0.0000     0.0000     0.0000     0.0000     0.0000     0.0000     0.0000     0.0000     0.0000     0.0000     0.0000     0.0000     0.0000     0.0000     0.0000     0.0000 


-------------------------------------------------------------------------
Name (number) and performance time of processors
DVM(1) 1.028889
DVM(2) 1.028521
DVM(3) 1.028436
DVM(4) 1.043808
DVM(5) 1.053643
DVM(6) 1.027973
DVM(7) 1.028935
DVM(8) 1.028894
DVM(9) 1.030401
DVM(10) 1.028843
DVM(11) 1.029315
DVM(12) 1.029260
DVM(13) 1.028459
DVM(14) 1.037179
DVM(15) 1.029551
DVM(16) 1.029534
DVM(17) 1.030349
DVM(18) 1.030515
DVM(19) 1.030058
DVM(20) 1.029306
min - DVM(6) 1.027973; max - DVM(5) 1.053643; mid - 1.031593
