Processor system=5*1*3
Statistics has been accumulated on DVM-system version 5.0, platform DVM
Analyzer is executing on DVM-system version 5.0, platform DVM
-------------------------------------------------------------------------
INTERVAL ( NLINE=20 SOURCE=jac3d.c ) LEVEL=0  EXE_COUNT=1
--- The main characteristics --- 
Parallelization efficiency      0.5922 
Execution time                 10.3872 
Processors                          15
Threads amount                      15
Total time                    155.8077
Productive time                92.2769 ( CPU= 91.7170 Sys= 0.5599 I/O= 0.0000 )
Lost  time                     63.5308 
   Insufficient parallelism    47.4104 ( User= 39.5723 Sys= 7.8381 )
   Communication               16.0898 ( Real_sync= 0.0000 Starts= 0.0000 )
   Idle time                    0.0305
Load imbalance                 13.4273
Synchronization                 9.4030
Time variation                 14.2342
Overlap                         0.0003
                  Nop   Communic    Synchro  Variation    Overlap 
Reduction          20    13.7528     0.0010     0.0010     0.0001 
Shadow             20     2.3370     9.4020    14.2333     0.0002 
--- The comparative characteristics --- 
                              Tmin N proc      Tmax N proc      Tmid
Lost time                   3.3402     4     5.7223    13     4.2354 
User insufficient par.      2.6128     5     2.6950    13     2.6382 
Sys.insufficient par.       0.1503    13     1.3977     5     0.5225 
Idle time                   0.0000     6     0.0038    14     0.0020 
Communication               0.1499     2     2.8739    13     1.0727 
Synchronization             0.0001     5     0.8097    13     0.6269 
Variation                   0.0001     5     1.4440    13     0.9489 
Overlap                     0.0000     1     0.0002     5     0.0000 
Load imbalance              0.0000     4     2.3821    13     0.8952 
Execution time             10.3834    14    10.3872     6    10.3851 
User CPU time               4.6541    13     7.0212     4     6.1145 
Sys. CPU time               0.0107    13     0.0998     5     0.0373 
Processors                      15     1         15    15         15 
                      Communic          Synchro        Variation          Overlap  
Reduction       Tmin    0.0003     5     0.0000    10     0.0000    10     0.0000     1 
Reduction       Tmax    2.8244    13     0.0001     5     0.0001     5     0.0000    10 
Reduction       Tmid    0.9169           0.0001           0.0001           0.0000       
Shadow          Tmin    0.0272    14     0.0000     5     0.0000     5     0.0000     1 
Shadow          Tmax    0.5106     6     0.8096    15     1.4439    13     0.0002     5 
Shadow          Tmid    0.1558           0.6268           0.9489           0.0000       
--- The execution characteristics --- 
                                1          2          3          4          5          6          7          8          9         10         11         12         13         14         15 
Lost time                  3.6043     3.8028     3.5169     3.3402     4.2066     3.7066     3.5702     4.1097     3.6006     3.4044     5.1293     5.2359     5.7223     5.2620     5.3190 
User insufficient par.     2.6416     2.6186     2.6155     2.6206     2.6128     2.6157     2.6355     2.6161     2.6144     2.6261     2.6504     2.6696     2.6950     2.6678     2.6725 
Sys.insufficient par.      0.2453     1.0340     0.4213     0.3608     1.3977     0.4986     0.2682     1.2450     0.4667     0.3568     0.5519     0.2176     0.1503     0.4281     0.1956 
Idle time                  0.0013     0.0003     0.0018     0.0016     0.0005     0.0000     0.0024     0.0008     0.0010     0.0028     0.0038     0.0038     0.0030     0.0038     0.0037 
Communication              0.7161     0.1499     0.4782     0.3572     0.1955     0.5923     0.6641     0.2479     0.5185     0.4186     1.9231     2.3449     2.8739     2.1624     2.4472 
Synchronization            0.7547     0.3833     0.7241     0.7237     0.0001     0.7192     0.7369     0.2042     0.7079     0.7270     0.6161     0.8025     0.8097     0.6840     0.8097 
Variation                  1.3717     0.4797     0.8818     1.2308     0.0001     0.6180     1.3373     0.1668     0.7896     1.2430     0.8845     1.2868     1.4440     1.1699     1.3302 
Overlap                    0.0000     0.0000     0.0000     0.0000     0.0002     0.0000     0.0000     0.0000     0.0000     0.0000     0.0000     0.0000     0.0000     0.0000     0.0000 
Load imbalance             0.2640     0.4625     0.1767     0.0000     0.8663     0.3663     0.2300     0.7695     0.2604     0.0642     1.7890     1.8956     2.3821     1.9218     1.9788 
Execution time            10.3859    10.3869    10.3853    10.3856    10.3867    10.3872    10.3847    10.3864    10.3862    10.3844    10.3834    10.3834    10.3841    10.3834    10.3834 
User CPU time              6.7654     6.5106     6.8402     7.0212     6.0808     6.6450     6.7978     6.1885     6.7532     6.9573     5.2185     5.1358     4.6541     5.0946     5.0542 
Sys. CPU time              0.0175     0.0739     0.0301     0.0258     0.0998     0.0356     0.0192     0.0889     0.0333     0.0255     0.0394     0.0155     0.0107     0.0306     0.0140 
Processors                     15         15         15         15         15         15         15         15         15         15         15         15         15         15         15 
           Communication          
Reduction                  0.6882     0.0745     0.1494     0.3131     0.0003     0.0817     0.6282     0.0617     0.1463     0.3825     1.7285     2.2083     2.8244     2.1352     2.3305 
Shadow                     0.0279     0.0754     0.3289     0.0441     0.1952     0.5106     0.0359     0.1861     0.3722     0.0361     0.1947     0.1366     0.0495     0.0272     0.1167 
           Synchronization        
Reduction                  0.0001     0.0001     0.0001     0.0000     0.0001     0.0001     0.0000     0.0001     0.0001     0.0000     0.0001     0.0001     0.0001     0.0000     0.0000 
Shadow                     0.7546     0.3832     0.7240     0.7236     0.0000     0.7192     0.7369     0.2041     0.7078     0.7269     0.6160     0.8024     0.8096     0.6839     0.8096 
           Variation              
Reduction                  0.0001     0.0001     0.0001     0.0000     0.0001     0.0001     0.0000     0.0001     0.0001     0.0000     0.0001     0.0001     0.0001     0.0000     0.0000 
Shadow                     1.3716     0.4796     0.8817     1.2308     0.0000     0.6179     1.3373     0.1667     0.7895     1.2429     0.8845     1.2867     1.4439     1.1699     1.3302 
           Overlap                
Reduction                  0.0000     0.0000     0.0000     0.0000     0.0000     0.0000     0.0000     0.0000     0.0000     0.0000     0.0000     0.0000     0.0000     0.0000     0.0000 
Shadow                     0.0000     0.0000     0.0000     0.0000     0.0002     0.0000     0.0000     0.0000     0.0000     0.0000     0.0000     0.0000     0.0000     0.0000     0.0000 


-------------------------------------------------------------------------
INTERVAL ( NLINE=42 SOURCE=jac3d.c ) LEVEL=1 SEQ EXE_COUNT=1
--- The main characteristics --- 
Parallelization efficiency      0.7834 
Execution time                  7.4041 
Processors                          15
Threads amount                      15
Total time                    111.0610
Productive time                87.0039 ( CPU= 86.4921 Sys= 0.5119 I/O= 0.0000 )
Lost  time                     24.0570 
   Insufficient parallelism     7.3687 ( User= 0.2024 Sys= 7.1663 )
   Communication               16.0898 ( Real_sync= 0.0000 Starts= 0.0000 )
   Idle time                    0.5985
Load imbalance                 13.0624
Synchronization                 9.4030
Time variation                 14.2342
Overlap                         0.0003
                  Nop   Communic    Synchro  Variation    Overlap 
Reduction          20    13.7528     0.0010     0.0010     0.0001 
Shadow             20     2.3370     9.4020    14.2333     0.0002 
--- The comparative characteristics --- 
                              Tmin N proc      Tmax N proc      Tmid
Lost time                   0.7330     4     3.0404    13     1.6038 
User insufficient par.      0.0090    15     0.0175     1     0.0135 
Sys.insufficient par.       0.1098    13     1.3510     5     0.4778 
Idle time                   0.0000    11     0.0669     1     0.0399 
Communication               0.1499     2     2.8739    13     1.0727 
Synchronization             0.0001     5     0.8097    13     0.6269 
Variation                   0.0001     5     1.4440    13     0.9489 
Overlap                     0.0000     1     0.0002     5     0.0000 
Load imbalance              0.0000     4     2.3075    13     0.8708 
Execution time              7.3372     1     7.4041    11     7.3642 
User CPU time               4.3558    13     6.6486     4     5.7661 
Sys. CPU time               0.0078    13     0.0965     5     0.0341 
Processors                      15     1         15    15         15 
                      Communic          Synchro        Variation          Overlap  
Reduction       Tmin    0.0003     5     0.0000    10     0.0000    10     0.0000     1 
Reduction       Tmax    2.8244    13     0.0001     5     0.0001     5     0.0000    10 
Reduction       Tmid    0.9169           0.0001           0.0001           0.0000       
Shadow          Tmin    0.0272    14     0.0000     5     0.0000     5     0.0000     1 
Shadow          Tmax    0.5106     6     0.8096    15     1.4439    13     0.0002     5 
Shadow          Tmid    0.1558           0.6268           0.9489           0.0000       
--- The execution characteristics --- 
                                1          2          3          4          5          6          7          8          9         10         11         12         13         14         15 
Lost time                  0.9993     1.1971     0.9115     0.7330     1.6015     1.1017     0.9644     1.5036     0.9945     0.7970     2.4440     2.5520     3.0404     2.5794     2.6376 
User insufficient par.     0.0175     0.0156     0.0138     0.0139     0.0169     0.0153     0.0135     0.0164     0.0130     0.0159     0.0108     0.0103     0.0096     0.0108     0.0090 
Sys.insufficient par.      0.1988     0.9874     0.3751     0.3145     1.3510     0.4519     0.2226     1.1983     0.4202     0.3115     0.5100     0.1753     0.1098     0.3868     0.1530 
Idle time                  0.0669     0.0442     0.0444     0.0474     0.0381     0.0422     0.0642     0.0411     0.0427     0.0511     0.0000     0.0215     0.0471     0.0193     0.0283 
Communication              0.7161     0.1499     0.4782     0.3572     0.1955     0.5923     0.6641     0.2479     0.5185     0.4186     1.9231     2.3449     2.8739     2.1624     2.4472 
Synchronization            0.7547     0.3833     0.7241     0.7237     0.0001     0.7192     0.7369     0.2042     0.7079     0.7270     0.6161     0.8025     0.8097     0.6840     0.8097 
Variation                  1.3717     0.4797     0.8818     1.2308     0.0001     0.6180     1.3373     0.1668     0.7896     1.2430     0.8845     1.2868     1.4440     1.1699     1.3302 
Overlap                    0.0000     0.0000     0.0000     0.0000     0.0002     0.0000     0.0000     0.0000     0.0000     0.0000     0.0000     0.0000     0.0000     0.0000     0.0000 
Load imbalance             0.2664     0.4641     0.1785     0.0000     0.8685     0.3687     0.2314     0.7707     0.2615     0.0641     1.7110     1.8190     2.3075     1.8464     1.9046 
Execution time             7.3372     7.3599     7.3597     7.3566     7.3660     7.3618     7.3399     7.3630     7.3613     7.3530     7.4041     7.3826     7.3569     7.3847     7.3757 
User CPU time              6.3905     6.1365     6.4658     6.6486     5.7060     6.2701     6.4238     5.8148     6.3796     6.5848     4.9236     4.8395     4.3558     4.7971     4.7556 
Sys. CPU time              0.0142     0.0705     0.0268     0.0225     0.0965     0.0323     0.0159     0.0856     0.0300     0.0223     0.0364     0.0125     0.0078     0.0276     0.0109 
Processors                     15         15         15         15         15         15         15         15         15         15         15         15         15         15         15 
           Communication          
Reduction                  0.6882     0.0745     0.1494     0.3131     0.0003     0.0817     0.6282     0.0617     0.1463     0.3825     1.7285     2.2083     2.8244     2.1352     2.3305 
Shadow                     0.0279     0.0754     0.3289     0.0441     0.1952     0.5106     0.0359     0.1861     0.3722     0.0361     0.1947     0.1366     0.0495     0.0272     0.1167 
           Synchronization        
Reduction                  0.0001     0.0001     0.0001     0.0000     0.0001     0.0001     0.0000     0.0001     0.0001     0.0000     0.0001     0.0001     0.0001     0.0000     0.0000 
Shadow                     0.7546     0.3832     0.7240     0.7236     0.0000     0.7192     0.7369     0.2041     0.7078     0.7269     0.6160     0.8024     0.8096     0.6839     0.8096 
           Variation              
Reduction                  0.0001     0.0001     0.0001     0.0000     0.0001     0.0001     0.0000     0.0001     0.0001     0.0000     0.0001     0.0001     0.0001     0.0000     0.0000 
Shadow                     1.3716     0.4796     0.8817     1.2308     0.0000     0.6179     1.3373     0.1667     0.7895     1.2429     0.8845     1.2867     1.4439     1.1699     1.3302 
           Overlap                
Reduction                  0.0000     0.0000     0.0000     0.0000     0.0000     0.0000     0.0000     0.0000     0.0000     0.0000     0.0000     0.0000     0.0000     0.0000     0.0000 
Shadow                     0.0000     0.0000     0.0000     0.0000     0.0002     0.0000     0.0000     0.0000     0.0000     0.0000     0.0000     0.0000     0.0000     0.0000     0.0000 


-------------------------------------------------------------------------
Name (number) and performance time of processors
DVM(1) 1.029215
DVM(2) 1.028913
DVM(3) 1.028748
DVM(4) 1.028880
DVM(5) 1.028949
DVM(6) 1.029001
DVM(7) 1.028654
DVM(8) 1.028653
DVM(9) 1.029140
DVM(10) 1.029156
DVM(11) 1.028943
DVM(12) 1.028959
DVM(13) 1.028895
DVM(14) 1.028911
DVM(15) 0.540813
min - DVM(15) 0.540813; max - DVM(1) 1.029215; mid - 0.996389
