Processor system=2*8*1
Statistics has been accumulated on DVM-system version 5.0, platform DVM
Analyzer is executing on DVM-system version 5.0, platform DVM
-------------------------------------------------------------------------
INTERVAL ( NLINE=20 SOURCE=jac3d.c ) LEVEL=0  EXE_COUNT=1
--- The main characteristics --- 
Parallelization efficiency      0.6230 
Execution time                  8.8204 
Processors                          16
Threads amount                      16
Total time                    141.1258
Productive time                87.9213 ( CPU= 87.6926 Sys= 0.2287 I/O= 0.0000 )
Lost  time                     53.2045 
   Insufficient parallelism    42.7471 ( User= 39.3163 Sys= 3.4307 )
   Communication               10.4043 ( Real_sync= 0.0000 Starts= 0.0000 )
   Idle time                    0.0531
Load imbalance                  7.4363
Synchronization                 2.1708
Time variation                  1.7717
Overlap                         0.0003
                  Nop   Communic    Synchro  Variation    Overlap 
Reduction          20     8.2208     0.0011     0.0011     0.0001 
Shadow             20     2.1835     2.1696     1.7706     0.0002 
--- The comparative characteristics --- 
                              Tmin N proc      Tmax N proc      Tmid
Lost time                   2.8605     1     4.5969    16     3.3253 
User insufficient par.      2.4417     6     2.4922    16     2.4573 
Sys.insufficient par.       0.0896    16     0.2833     3     0.2144 
Idle time                   0.0000    11     0.0077    13     0.0033 
Communication               0.1602     4     2.0074    16     0.6503 
Synchronization             0.0001     7     0.2902    16     0.1357 
Variation                   0.0002     7     0.2975     9     0.1107 
Overlap                     0.0000     1     0.0002     7     0.0000 
Load imbalance              0.0000     1     1.7364    16     0.4648 
Execution time              8.8126    13     8.8204    11     8.8170 
User CPU time               4.2175    16     5.9528     1     5.4808 
Sys. CPU time               0.0060    16     0.0189     3     0.0143 
Processors                      16     1         16    16         16 
                      Communic          Synchro        Variation          Overlap  
Reduction       Tmin    0.0003     4     0.0000    11     0.0000     9     0.0000     1 
Reduction       Tmax    1.9175    16     0.0001     2     0.0001     6     0.0000     9 
Reduction       Tmid    0.5138           0.0001           0.0001           0.0000       
Shadow          Tmin    0.0502     9     0.0000     7     0.0001     7     0.0000     1 
Shadow          Tmax    0.1951     8     0.2901    16     0.2975     9     0.0002     7 
Shadow          Tmid    0.1365           0.1356           0.1107           0.0000       
--- The execution characteristics --- 
                                1          2          3          4          5          6          7          8          9         10         11         12         13         14         15         16 
Lost time                  2.8605     2.8911     2.9345     2.8815     2.9241     2.8871     2.9417     2.8679     2.9317     2.9912     2.9982     2.9036     4.4949     4.5176     4.5821     4.5969 
User insufficient par.     2.4567     2.4453     2.4477     2.4434     2.4476     2.4417     2.4426     2.4493     2.4599     2.4473     2.4510     2.4432     2.4823     2.4825     2.4838     2.4922 
Sys.insufficient par.      0.1058     0.2806     0.2833     0.2731     0.2786     0.2797     0.2758     0.1129     0.1063     0.2760     0.2740     0.2741     0.1650     0.1773     0.1787     0.0896 
Idle time                  0.0039     0.0003     0.0009     0.0049     0.0009     0.0041     0.0036     0.0009     0.0009     0.0009     0.0000     0.0009     0.0077     0.0077     0.0077     0.0077 
Communication              0.2942     0.1648     0.2026     0.1602     0.1969     0.1616     0.2197     0.3049     0.3645     0.2671     0.2732     0.1853     1.8399     1.8501     1.9119     2.0074 
Synchronization            0.2692     0.0536     0.0692     0.0608     0.0608     0.0670     0.0001     0.2746     0.2720     0.0557     0.0745     0.0572     0.2018     0.1834     0.1806     0.2902 
Variation                  0.2953     0.0404     0.0393     0.0306     0.0312     0.0386     0.0002     0.1450     0.2975     0.0429     0.0436     0.0320     0.1586     0.1763     0.1328     0.2674 
Overlap                    0.0000     0.0000     0.0000     0.0000     0.0000     0.0000     0.0002     0.0000     0.0000     0.0000     0.0000     0.0000     0.0000     0.0000     0.0000     0.0000 
Load imbalance             0.0000     0.0305     0.0740     0.0210     0.0635     0.0266     0.0812     0.0074     0.0711     0.1307     0.1377     0.0431     1.6344     1.6571     1.7216     1.7364 
Execution time             8.8165     8.8201     8.8195     8.8155     8.8195     8.8162     8.8168     8.8195     8.8194     8.8195     8.8204     8.8194     8.8126     8.8126     8.8126     8.8126 
User CPU time              5.9528     5.9106     5.8669     5.9207     5.8777     5.9146     5.8602     5.9449     5.8816     5.8108     5.8039     5.8985     4.3144     4.2909     4.2263     4.2175 
Sys. CPU time              0.0071     0.0187     0.0189     0.0182     0.0186     0.0186     0.0184     0.0075     0.0071     0.0184     0.0183     0.0183     0.0110     0.0118     0.0119     0.0060 
Processors                     16         16         16         16         16         16         16         16         16         16         16         16         16         16         16         16 
           Communication          
Reduction                  0.2423     0.0177     0.0548     0.0003     0.0409     0.0104     0.0299     0.1098     0.3144     0.1171     0.1220     0.0259     1.7073     1.7453     1.7653     1.9175 
Shadow                     0.0518     0.1471     0.1477     0.1599     0.1560     0.1512     0.1898     0.1951     0.0502     0.1500     0.1513     0.1594     0.1326     0.1048     0.1466     0.0899 
           Synchronization        
Reduction                  0.0001     0.0001     0.0001     0.0001     0.0001     0.0001     0.0001     0.0000     0.0000     0.0001     0.0000     0.0001     0.0001     0.0001     0.0001     0.0000 
Shadow                     0.2691     0.0535     0.0691     0.0607     0.0608     0.0669     0.0000     0.2745     0.2720     0.0557     0.0745     0.0571     0.2018     0.1833     0.1805     0.2901 
           Variation              
Reduction                  0.0001     0.0001     0.0001     0.0001     0.0001     0.0001     0.0001     0.0000     0.0000     0.0001     0.0000     0.0001     0.0001     0.0001     0.0001     0.0000 
Shadow                     0.2953     0.0403     0.0392     0.0305     0.0311     0.0385     0.0001     0.1450     0.2975     0.0428     0.0436     0.0319     0.1586     0.1762     0.1327     0.2674 
           Overlap                
Reduction                  0.0000     0.0000     0.0000     0.0000     0.0000     0.0000     0.0000     0.0000     0.0000     0.0000     0.0000     0.0000     0.0000     0.0000     0.0000     0.0000 
Shadow                     0.0000     0.0000     0.0000     0.0000     0.0000     0.0000     0.0002     0.0000     0.0000     0.0000     0.0000     0.0000     0.0000     0.0000     0.0000     0.0000 


-------------------------------------------------------------------------
INTERVAL ( NLINE=42 SOURCE=jac3d.c ) LEVEL=1 SEQ EXE_COUNT=1
--- The main characteristics --- 
Parallelization efficiency      0.8578 
Execution time                  6.0285 
Processors                          16
Threads amount                      16
Total time                     96.4553
Productive time                82.7389 ( CPU= 82.5595 Sys= 0.1794 I/O= 0.0000 )
Lost  time                     13.7164 
   Insufficient parallelism     2.8959 ( User= 0.2051 Sys= 2.6908 )
   Communication               10.4043 ( Real_sync= 0.0000 Starts= 0.0000 )
   Idle time                    0.4162
Load imbalance                  7.1697
Synchronization                 2.1708
Time variation                  1.7717
Overlap                         0.0003
                  Nop   Communic    Synchro  Variation    Overlap 
Reduction          20     8.2208     0.0011     0.0011     0.0001 
Shadow             20     2.1835     2.1696     1.7706     0.0002 
--- The comparative characteristics --- 
                              Tmin N proc      Tmax N proc      Tmid
Lost time                   0.4092     1     2.0780    16     0.8573 
User insufficient par.      0.0094    13     0.0180     1     0.0128 
Sys.insufficient par.       0.0475    16     0.2352     3     0.1682 
Idle time                   0.0000    13     0.0411     9     0.0260 
Communication               0.1602     4     2.0074    16     0.6503 
Synchronization             0.0001     7     0.2902    16     0.1357 
Variation                   0.0002     7     0.2975     9     0.1107 
Overlap                     0.0000     1     0.0002     7     0.0000 
Load imbalance              0.0000     1     1.6688    16     0.4481 
Execution time              5.9874     9     6.0285    13     6.0024 
User CPU time               3.9473    16     5.6154     1     5.1600 
Sys. CPU time               0.0032    16     0.0157     3     0.0112 
Processors                      16     1         16    16         16 
                      Communic          Synchro        Variation          Overlap  
Reduction       Tmin    0.0003     4     0.0000    11     0.0000     9     0.0000     1 
Reduction       Tmax    1.9175    16     0.0001     2     0.0001     6     0.0000     9 
Reduction       Tmid    0.5138           0.0001           0.0001           0.0000       
Shadow          Tmin    0.0502     9     0.0000     7     0.0001     7     0.0000     1 
Shadow          Tmax    0.1951     8     0.2901    16     0.2975     9     0.0002     7 
Shadow          Tmid    0.1365           0.1356           0.1107           0.0000       
--- The execution characteristics --- 
                                1          2          3          4          5          6          7          8          9         10         11         12         13         14         15         16 
Lost time                  0.4092     0.4416     0.4830     0.4332     0.4720     0.4387     0.4895     0.4194     0.4805     0.5421     0.5456     0.4535     1.9725     1.9970     2.0607     2.0780 
User insufficient par.     0.0180     0.0120     0.0138     0.0133     0.0134     0.0121     0.0124     0.0149     0.0163     0.0130     0.0147     0.0106     0.0094     0.0111     0.0095     0.0103 
Sys.insufficient par.      0.0584     0.2322     0.2352     0.2269     0.2308     0.2322     0.2281     0.0648     0.0586     0.2279     0.2259     0.2261     0.1232     0.1356     0.1374     0.0475 
Idle time                  0.0386     0.0325     0.0314     0.0329     0.0308     0.0329     0.0293     0.0347     0.0411     0.0341     0.0318     0.0314     0.0000     0.0001     0.0019     0.0128 
Communication              0.2942     0.1648     0.2026     0.1602     0.1969     0.1616     0.2197     0.3049     0.3645     0.2671     0.2732     0.1853     1.8399     1.8501     1.9119     2.0074 
Synchronization            0.2692     0.0536     0.0692     0.0608     0.0608     0.0670     0.0001     0.2746     0.2720     0.0557     0.0745     0.0572     0.2018     0.1834     0.1806     0.2902 
Variation                  0.2953     0.0404     0.0393     0.0306     0.0312     0.0386     0.0002     0.1450     0.2975     0.0429     0.0436     0.0320     0.1586     0.1763     0.1328     0.2674 
Overlap                    0.0000     0.0000     0.0000     0.0000     0.0000     0.0000     0.0002     0.0000     0.0000     0.0000     0.0000     0.0000     0.0000     0.0000     0.0000     0.0000 
Load imbalance             0.0000     0.0324     0.0738     0.0240     0.0628     0.0295     0.0804     0.0102     0.0713     0.1329     0.1365     0.0443     1.5634     1.5878     1.6515     1.6688 
Execution time             5.9898     5.9959     5.9971     5.9956     5.9976     5.9956     5.9992     5.9937     5.9874     5.9943     5.9967     5.9971     6.0285     6.0284     6.0266     6.0157 
User CPU time              5.6154     5.5714     5.5298     5.5801     5.5411     5.5743     5.5237     5.6048     5.5440     5.4712     5.4678     5.5599     4.0477     4.0224     3.9586     3.9473 
Sys. CPU time              0.0039     0.0155     0.0157     0.0151     0.0154     0.0155     0.0152     0.0043     0.0039     0.0152     0.0151     0.0151     0.0082     0.0090     0.0092     0.0032 
Processors                     16         16         16         16         16         16         16         16         16         16         16         16         16         16         16         16 
           Communication          
Reduction                  0.2423     0.0177     0.0548     0.0003     0.0409     0.0104     0.0299     0.1098     0.3144     0.1171     0.1220     0.0259     1.7073     1.7453     1.7653     1.9175 
Shadow                     0.0518     0.1471     0.1477     0.1599     0.1560     0.1512     0.1898     0.1951     0.0502     0.1500     0.1513     0.1594     0.1326     0.1048     0.1466     0.0899 
           Synchronization        
Reduction                  0.0001     0.0001     0.0001     0.0001     0.0001     0.0001     0.0001     0.0000     0.0000     0.0001     0.0000     0.0001     0.0001     0.0001     0.0001     0.0000 
Shadow                     0.2691     0.0535     0.0691     0.0607     0.0608     0.0669     0.0000     0.2745     0.2720     0.0557     0.0745     0.0571     0.2018     0.1833     0.1805     0.2901 
           Variation              
Reduction                  0.0001     0.0001     0.0001     0.0001     0.0001     0.0001     0.0001     0.0000     0.0000     0.0001     0.0000     0.0001     0.0001     0.0001     0.0001     0.0000 
Shadow                     0.2953     0.0403     0.0392     0.0305     0.0311     0.0385     0.0001     0.1450     0.2975     0.0428     0.0436     0.0319     0.1586     0.1762     0.1327     0.2674 
           Overlap                
Reduction                  0.0000     0.0000     0.0000     0.0000     0.0000     0.0000     0.0000     0.0000     0.0000     0.0000     0.0000     0.0000     0.0000     0.0000     0.0000     0.0000 
Shadow                     0.0000     0.0000     0.0000     0.0000     0.0000     0.0000     0.0002     0.0000     0.0000     0.0000     0.0000     0.0000     0.0000     0.0000     0.0000     0.0000 


-------------------------------------------------------------------------
Name (number) and performance time of processors
DVM(1) 1.029084
DVM(2) 1.029012
DVM(3) 1.029163
DVM(4) 1.029159
DVM(5) 1.029016
DVM(6) 1.028988
DVM(7) 1.028789
DVM(8) 1.028752
DVM(9) 1.029039
DVM(10) 1.029000
DVM(11) 1.028747
DVM(12) 1.028654
DVM(13) 1.029005
DVM(14) 1.028998
DVM(15) 1.028862
DVM(16) 1.028940
min - DVM(12) 1.028654; max - DVM(3) 1.029163; mid - 1.028950
