Processor system=4*4*4
Statistics has been accumulated on DVM-system version 5.0, platform DVM
Analyzer is executing on DVM-system version 5.0, platform DVM
-------------------------------------------------------------------------
INTERVAL ( NLINE=16 SOURCE=adi.c ) LEVEL=0  EXE_COUNT=1
--- The main characteristics --- 
Parallelization efficiency      0.1693 
Execution time                 18.1941 
Processors                          64
Threads amount                      64
Total time                   1164.4221
Productive time               197.0927 ( CPU= 195.9493 Sys= 1.1435 I/O= 0.0000 )
Lost  time                    967.3293 
   Insufficient parallelism    81.8016 ( User= 9.7623 Sys= 72.0392 )
   Communication              883.2431 ( Real_sync= 0.0000 Starts= 0.0000 )
   Idle time                    2.2847
Load imbalance                121.1974
Synchronization              2326.8635
Time variation               2550.9393
Overlap                         0.0665
                  Nop   Communic    Synchro  Variation    Overlap 
Reduction         100   276.6856   116.2095   116.2161     0.0005 
Shadow            900   606.5575  2210.6540  2434.7232     0.0660 
--- The comparative characteristics --- 
                              Tmin N proc      Tmax N proc      Tmid
Lost time                  13.2208    17    16.1240    64    15.1145 
User insufficient par.      0.0819    45     0.3630     1     0.1525 
Sys.insufficient par.       0.4276    64     2.0648     3     1.1256 
Idle time                   0.0000     9     0.0722    48     0.0357 
Communication              11.9647    17    15.4988    64    13.8007 
Synchronization            20.2542    63    61.2546     1    36.3572 
Variation                  20.2565    64    71.3710     1    39.8584 
Overlap                     0.0000     1     0.0144    55     0.0010 
Load imbalance              0.0000    17     2.9032    64     1.8937 
Execution time             18.1218    48    18.1941     9    18.1584 
User CPU time               2.0633    64     4.9566    17     3.0617 
Sys. CPU time               0.0068    64     0.0328     3     0.0179 
Processors                      64     1         64    64         64 
                      Communic          Synchro        Variation          Overlap  
Reduction       Tmin    2.0928    48     1.0561     8     1.0562     8     0.0000     1 
Reduction       Tmax    9.3013     1     2.0046     9     2.0047     9     0.0001    60 
Reduction       Tmid    4.3232           1.8158           1.8159           0.0000       
Shadow          Tmin    2.7873     1    18.6373    63    18.9851    64     0.0000     1 
Shadow          Tmax   13.3454    48    59.3417     1    69.4579     1     0.0144    55 
Shadow          Tmid    9.4775          34.5415          38.0425           0.0010       
--- The execution characteristics --- 
                                1          2          3          4          5          6          7          8          9         10         11         12         13         14         15         16         17         18         19         20         21         22         23         24         25         26         27         28         29         30         31         32         33         34         35         36         37         38         39         40         41         42         43         44         45         46         47         48         49         50         51         52         53         54         55         56         57         58         59         60         61         62         63         64 
Lost time                 13.6317    14.2436    14.3031    14.8004    13.6432    15.0266    14.9786    15.3917    14.4943    15.2732    15.4545    15.3339    14.7709    15.5256    15.5893    15.6219    13.2208    14.2237    14.6164    14.5326    14.0507    14.8809    15.1721    15.4774    14.3417    15.0486    15.4749    15.5942    15.0044    15.3967    15.2724    15.9413    13.9650    14.6766    14.5802    15.0940    14.3035    15.0430    15.4500    15.4503    15.2141    15.1152    15.6614    15.7849    15.5352    15.5164    15.6868    16.0909    13.8967    14.9333    15.0279    15.5325    15.1467    15.6302    15.6924    15.9057    15.2872    15.3093    15.8167    15.9499    15.4539    16.0242    16.0996    16.1240 
User insufficient par.     0.3630     0.1924     0.1646     0.1877     0.1817     0.1492     0.1883     0.1746     0.1825     0.2323     0.1134     0.1605     0.1519     0.1429     0.1199     0.1669     0.1664     0.1523     0.1311     0.1583     0.1326     0.2083     0.1209     0.1672     0.1337     0.1518     0.1447     0.2158     0.1444     0.1764     0.2362     0.1756     0.2102     0.1739     0.1737     0.1431     0.1204     0.1240     0.1575     0.1673     0.1192     0.1701     0.0864     0.1159     0.0819     0.1215     0.0958     0.1356     0.1153     0.1771     0.1568     0.0998     0.1056     0.1747     0.1176     0.1128     0.1269     0.1603     0.1020     0.1048     0.1174     0.1393     0.1145     0.1531 
Sys.insufficient par.      1.1497     1.7806     2.0648     1.4250     1.0217     1.6859     1.7650     1.1026     1.0024     1.7270     1.5160     1.0105     0.7511     1.2781     1.1296     0.9293     1.0489     1.8459     1.7737     1.2655     0.9806     1.7046     1.5382     1.1958     0.9162     1.5810     1.3167     0.8633     0.7754     1.2763     1.2448     0.8129     1.0410     1.5485     1.6364     1.1485     0.7497     1.4207     1.5540     0.9816     0.5722     1.5158     1.0068     0.7402     0.7470     0.8892     0.9915     0.4447     0.7587     1.5619     1.1193     0.8709     0.8006     1.3144     0.8848     0.6495     0.5528     1.1292     0.8745     0.6563     0.5111     0.6803     0.7804     0.4276 
Idle time                  0.0303     0.0303     0.0216     0.0185     0.0098     0.0459     0.0315     0.0292     0.0000     0.0299     0.0324     0.0388     0.0441     0.0421     0.0364     0.0072     0.0408     0.0364     0.0400     0.0511     0.0473     0.0490     0.0530     0.0380     0.0379     0.0258     0.0463     0.0574     0.0017     0.0390     0.0163     0.0250     0.0344     0.0014     0.0177     0.0410     0.0351     0.0329     0.0339     0.0098     0.0461     0.0262     0.0638     0.0687     0.0534     0.0532     0.0600     0.0722     0.0421     0.0091     0.0341     0.0496     0.0523     0.0438     0.0421     0.0641     0.0161     0.0173     0.0461     0.0461     0.0167     0.0425     0.0156     0.0446 
Communication             12.0886    12.2403    12.0522    13.1691    12.4300    13.1456    12.9938    14.0853    13.3094    13.2840    13.7928    14.1241    13.8238    14.0625    14.3034    14.5185    11.9647    12.1891    12.6717    13.0577    12.8902    12.9190    13.4599    14.0764    13.2539    13.2901    13.9673    14.4577    14.0829    13.9049    13.7752    14.9278    12.6794    12.9528    12.7524    13.7613    13.3982    13.4654    13.7045    14.2917    14.4765    13.4032    14.5044    14.8601    14.6528    14.4525    14.5395    15.4382    12.9807    13.1852    13.7177    14.5122    14.1882    14.0973    14.6479    15.0793    14.5914    14.0026    14.7941    15.1428    14.8087    15.1622    15.1891    15.4988 
Synchronization           61.2546    56.8982    50.7325    51.2946    54.1541    49.0732    45.8165    44.6016    50.6026    47.4937    43.4265    43.2434    48.6604    46.5880    43.6465    41.7414    50.3513    47.0988    41.3268    42.2513    45.3714    40.5353    37.1414    37.4090    41.3690    38.0010    35.1679    34.5915    39.8019    36.7253    33.6689    33.2455    41.3362    38.0331    33.1040    34.1878    36.6652    31.1554    28.8873    29.2418    34.0069    28.5747    27.5235    27.0661    32.6902    28.5233    25.4220    26.0335    34.8312    31.1510    27.1196    28.2073    30.4523    25.7114    24.1533    24.7261    28.6286    22.8538    21.1857    20.8721    26.9335    23.6771    20.2542    20.3710 
Variation                 71.3710    64.2684    56.6940    55.8683    62.6241    55.3285    50.5719    48.2128    57.1463    52.4180    46.7077    45.5278    54.4587    50.6061    46.2213    43.5048    58.9409    53.4503    45.8463    45.8391    51.9534    45.2632    40.1550    39.2230    47.0896    41.9902    37.4576    35.7137    44.2880    39.8116    35.8284    33.7590    48.3042    43.0761    36.9592    36.6613    42.0437    34.8831    31.1806    30.4974    38.1609    31.9340    28.7591    27.5529    35.9031    30.5599    26.4854    25.7720    40.5455    35.0254    29.5245    29.3563    34.6094    28.5258    25.3909    25.0666    32.0546    25.2532    21.8697    20.9409    29.9783    24.9943    20.6754    20.2565 
Overlap                    0.0000     0.0000     0.0000     0.0000     0.0000     0.0000     0.0001     0.0002     0.0002     0.0001     0.0002     0.0002     0.0002     0.0001     0.0000     0.0003     0.0003     0.0001     0.0006     0.0003     0.0000     0.0017     0.0001     0.0006     0.0000     0.0002     0.0004     0.0006     0.0001     0.0002     0.0004     0.0009     0.0049     0.0001     0.0002     0.0008     0.0001     0.0004     0.0004     0.0003     0.0004     0.0002     0.0008     0.0013     0.0006     0.0011     0.0004     0.0012     0.0003     0.0007     0.0139     0.0008     0.0003     0.0081     0.0144     0.0007     0.0002     0.0006     0.0014     0.0009     0.0007     0.0012     0.0010     0.0002 
Load imbalance             0.4109     1.0228     1.0823     1.5796     0.4224     1.8058     1.7578     2.1709     1.2735     2.0524     2.2337     2.1131     1.5501     2.3048     2.3685     2.4011     0.0000     1.0029     1.3956     1.3118     0.8299     1.6601     1.9513     2.2566     1.1209     1.8278     2.2541     2.3734     1.7836     2.1759     2.0516     2.7205     0.7442     1.4558     1.3594     1.8731     1.0827     1.8222     2.2291     2.2295     1.9933     1.8944     2.4406     2.5641     2.3144     2.2956     2.4660     2.8701     0.6759     1.7124     1.8071     2.3117     1.9259     2.4093     2.4716     2.6849     2.0664     2.0885     2.5959     2.7291     2.2331     2.8034     2.8788     2.9032 
Execution time            18.1637    18.1638    18.1725    18.1756    18.1843    18.1482    18.1626    18.1649    18.1941    18.1642    18.1617    18.1553    18.1500    18.1520    18.1577    18.1869    18.1533    18.1577    18.1541    18.1430    18.1468    18.1451    18.1411    18.1561    18.1562    18.1683    18.1478    18.1367    18.1924    18.1551    18.1778    18.1691    18.1597    18.1927    18.1764    18.1531    18.1590    18.1612    18.1601    18.1843    18.1480    18.1679    18.1303    18.1254    18.1407    18.1409    18.1341    18.1218    18.1520    18.1850    18.1599    18.1445    18.1418    18.1503    18.1520    18.1300    18.1780    18.1768    18.1480    18.1480    18.1774    18.1516    18.1785    18.1495 
User CPU time              4.5441     3.9223     3.8582     3.3711     4.5347     3.1408     3.1875     2.7849     3.6839     2.8934     2.7155     2.8441     3.4113     2.6482     2.5869     2.5574     4.9566     3.9411     3.5495     3.6414     4.1278     3.2862     2.9976     2.6977     3.8379     3.1204     2.6982     2.5862     3.1774     2.7771     2.9019     2.2399     4.2125     3.4929     3.5879     3.0819     3.8787     3.1285     2.7195     2.7282     2.9709     3.0548     2.5167     2.3975     2.6470     2.6635     2.4915     2.0962     4.2853     3.2361     3.1484     2.6478     3.0346     2.5431     2.4877     2.2781     2.8981     2.8669     2.3635     2.2337     2.7321     2.1591     2.0821     2.0633 
Sys. CPU time              0.0182     0.0283     0.0328     0.0226     0.0162     0.0268     0.0280     0.0175     0.0159     0.0274     0.0241     0.0160     0.0119     0.0203     0.0179     0.0148     0.0166     0.0293     0.0282     0.0201     0.0156     0.0271     0.0244     0.0190     0.0145     0.0251     0.0209     0.0137     0.0123     0.0203     0.0198     0.0129     0.0165     0.0246     0.0260     0.0182     0.0119     0.0226     0.0247     0.0156     0.0091     0.0241     0.0160     0.0117     0.0119     0.0141     0.0157     0.0071     0.0120     0.0248     0.0178     0.0138     0.0127     0.0209     0.0140     0.0103     0.0088     0.0179     0.0139     0.0104     0.0081     0.0108     0.0124     0.0068 
Processors                     64         64         64         64         64         64         64         64         64         64         64         64         64         64         64         64         64         64         64         64         64         64         64         64         64         64         64         64         64         64         64         64         64         64         64         64         64         64         64         64         64         64         64         64         64         64         64         64         64         64         64         64         64         64         64         64         64         64         64         64         64         64         64         64 
           Communication          
Reduction                  9.3013     6.8069     5.1435     4.6299     7.9774     6.5109     4.9017     4.6460     6.8554     5.1726     4.1011     3.3240     6.7163     5.1528     3.9081     3.2268     7.6204     5.7073     4.3578     3.6025     6.5348     4.7245     3.4801     2.8229     5.9860     4.3925     3.2177     2.5380     5.5625     4.0715     2.9547     2.3549     6.6322     5.0527     3.8088     3.0654     5.8452     4.3113     3.0015     2.3984     5.6132     3.7677     2.8132     2.2893     4.8548     3.4965     2.5756     2.0928     5.7462     4.1301     3.1387     2.6378     5.3022     4.0337     2.9868     2.3487     5.0278     3.4687     2.5246     2.1195     4.8323     3.5105     2.6284     2.3284 
Shadow                     2.7873     5.4334     6.9086     8.5392     4.4526     6.6346     8.0920     9.4393     6.4540     8.1115     9.6917    10.8001     7.1075     8.9097    10.3953    11.2917     4.3443     6.4819     8.3139     9.4553     6.3554     8.1945     9.9799    11.2535     7.2679     8.8976    10.7496    11.9197     8.5204     9.8335    10.8205    12.5729     6.0472     7.9001     8.9436    10.6959     7.5530     9.1541    10.7030    11.8933     8.8633     9.6355    11.6913    12.5708     9.7980    10.9559    11.9639    13.3454     7.2345     9.0551    10.5791    11.8744     8.8860    10.0636    11.6611    12.7306     9.5636    10.5339    12.2695    13.0233     9.9765    11.6517    12.5606    13.1705 
           Synchronization        
Reduction                  1.9129     1.8931     1.8839     1.6842     1.6608     1.3425     1.6060     1.0561     2.0046     1.9463     1.8627     1.8263     1.9384     1.8936     1.9657     1.8819     1.9552     1.9960     1.9703     1.9589     1.9805     1.9788     1.9526     1.8671     1.9734     1.9145     1.8730     1.7821     1.9281     1.9312     1.8811     1.7627     1.9287     1.9174     1.9015     1.7795     1.9392     1.8681     1.8876     1.7033     1.8949     1.9436     1.8789     1.6621     1.9856     1.9257     1.7553     1.5400     1.9611     1.9183     1.8296     1.6703     1.9353     1.8738     1.8760     1.7140     1.9049     1.7379     1.6388     1.3021     1.6501     1.7327     1.6170     1.2714 
Shadow                    59.3417    55.0051    48.8486    49.6104    52.4933    47.7307    44.2105    43.5455    48.5980    45.5474    41.5638    41.4172    46.7219    44.6943    41.6808    39.8595    48.3961    45.1028    39.3565    40.2925    43.3909    38.5565    35.1888    35.5419    39.3956    36.0865    33.2949    32.8094    37.8738    34.7942    31.7877    31.4828    39.4075    36.1158    31.2025    32.4083    34.7260    29.2873    26.9997    27.5386    32.1120    26.6311    25.6446    25.4040    30.7046    26.5976    23.6668    24.4935    32.8701    29.2327    25.2901    26.5370    28.5171    23.8376    22.2772    23.0120    26.7236    21.1159    19.5468    19.5700    25.2834    21.9444    18.6373    19.0996 
           Variation              
Reduction                  1.9131     1.8932     1.8840     1.6843     1.6609     1.3426     1.6061     1.0562     2.0047     1.9464     1.8628     1.8264     1.9386     1.8937     1.9658     1.8820     1.9553     1.9961     1.9704     1.9590     1.9806     1.9789     1.9527     1.8672     1.9735     1.9146     1.8731     1.7822     1.9282     1.9313     1.8812     1.7629     1.9288     1.9175     1.9016     1.7796     1.9393     1.8682     1.8878     1.7034     1.8950     1.9437     1.8790     1.6622     1.9858     1.9258     1.7554     1.5401     1.9613     1.9184     1.8296     1.6703     1.9354     1.8739     1.8762     1.7141     1.9051     1.7380     1.6389     1.3022     1.6502     1.7329     1.6170     1.2715 
Shadow                    69.4579    62.3752    54.8100    54.1840    60.9632    53.9859    48.9658    47.1566    55.1416    50.4716    44.8449    43.7014    52.5202    48.7123    44.2555    41.6228    56.9856    51.4543    43.8759    43.8801    49.9728    43.2843    38.2023    37.3558    45.1160    40.0757    35.5845    33.9315    42.3597    37.8803    33.9471    31.9962    46.3754    41.1586    35.0576    34.8817    40.1044    33.0149    29.2929    28.7940    36.2659    29.9904    26.8802    25.8907    33.9173    28.6341    24.7301    24.2318    38.5842    33.1070    27.6949    27.6860    32.6740    26.6518    23.5148    23.3525    30.1495    23.5152    20.2307    19.6387    28.3281    23.2614    19.0584    18.9851 
           Overlap                
Reduction                  0.0000     0.0000     0.0000     0.0000     0.0000     0.0000     0.0000     0.0000     0.0000     0.0000     0.0000     0.0000     0.0000     0.0000     0.0000     0.0000     0.0000     0.0000     0.0000     0.0000     0.0000     0.0000     0.0000     0.0000     0.0000     0.0000     0.0000     0.0000     0.0000     0.0000     0.0000     0.0000     0.0000     0.0000     0.0000     0.0000     0.0000     0.0000     0.0000     0.0000     0.0000     0.0000     0.0000     0.0000     0.0000     0.0000     0.0000     0.0001     0.0000     0.0000     0.0000     0.0000     0.0000     0.0000     0.0000     0.0000     0.0000     0.0000     0.0000     0.0001     0.0000     0.0000     0.0000     0.0001 
Shadow                     0.0000     0.0000     0.0000     0.0000     0.0000     0.0000     0.0001     0.0002     0.0002     0.0001     0.0002     0.0002     0.0001     0.0000     0.0000     0.0003     0.0003     0.0001     0.0006     0.0003     0.0000     0.0017     0.0001     0.0006     0.0000     0.0002     0.0004     0.0006     0.0001     0.0002     0.0004     0.0009     0.0049     0.0001     0.0002     0.0007     0.0001     0.0004     0.0004     0.0003     0.0004     0.0002     0.0008     0.0013     0.0006     0.0011     0.0003     0.0012     0.0003     0.0007     0.0139     0.0007     0.0003     0.0081     0.0144     0.0006     0.0002     0.0006     0.0014     0.0008     0.0007     0.0012     0.0010     0.0001 


-------------------------------------------------------------------------
INTERVAL ( NLINE=34 SOURCE=adi.c ) LEVEL=1 SEQ EXE_COUNT=1
--- The main characteristics --- 
Parallelization efficiency      0.1695 
Execution time                 18.0972 
Processors                          64
Threads amount                      64
Total time                   1158.2200
Productive time               196.3193 ( CPU= 195.1800 Sys= 1.1393 I/O= 0.0000 )
Lost  time                    961.9008 
   Insufficient parallelism    77.6670 ( User= 5.8943 Sys= 71.7728 )
   Communication              883.2431 ( Real_sync= 0.0000 Starts= 0.0000 )
   Idle time                    0.9906
Load imbalance                120.3679
Synchronization              2326.8635
Time variation               2550.9393
Overlap                         0.0665
                  Nop   Communic    Synchro  Variation    Overlap 
Reduction         100   276.6856   116.2095   116.2161     0.0005 
Shadow            900   606.5575  2210.6540  2434.7232     0.0660 
--- The comparative characteristics --- 
                              Tmin N proc      Tmax N proc      Tmid
Lost time                  13.1490    17    16.0361    64    15.0297 
User insufficient par.      0.0404    61     0.3060     1     0.0921 
Sys.insufficient par.       0.4251    64     2.0606     3     1.1214 
Idle time                   0.0000    63     0.0377    14     0.0155 
Communication              11.9647    17    15.4988    64    13.8007 
Synchronization            20.2542    63    61.2546     1    36.3572 
Variation                  20.2565    64    71.3710     1    39.8584 
Overlap                     0.0000     1     0.0144    55     0.0010 
Load imbalance              0.0000    17     2.8872    64     1.8807 
Execution time             18.0595    14    18.0972    63    18.0817 
User CPU time               2.0543    64     4.9316    17     3.0497 
Sys. CPU time               0.0067    64     0.0327     3     0.0178 
Processors                      64     1         64    64         64 
                      Communic          Synchro        Variation          Overlap  
Reduction       Tmin    2.0928    48     1.0561     8     1.0562     8     0.0000     1 
Reduction       Tmax    9.3013     1     2.0046     9     2.0047     9     0.0001    60 
Reduction       Tmid    4.3232           1.8158           1.8159           0.0000       
Shadow          Tmin    2.7873     1    18.6373    63    18.9851    64     0.0000     1 
Shadow          Tmax   13.3454    48    59.3417     1    69.4579     1     0.0144    55 
Shadow          Tmid    9.4775          34.5415          38.0425           0.0010       
--- The execution characteristics --- 
                                1          2          3          4          5          6          7          8          9         10         11         12         13         14         15         16         17         18         19         20         21         22         23         24         25         26         27         28         29         30         31         32         33         34         35         36         37         38         39         40         41         42         43         44         45         46         47         48         49         50         51         52         53         54         55         56         57         58         59         60         61         62         63         64 
Lost time                 13.5434    14.1548    14.2143    14.7345    13.5545    14.9486    14.8897    15.3030    14.4059    15.1846    15.3783    15.2454    14.6827    15.4530    15.5013    15.5344    13.1490    14.1359    14.5284    14.4439    13.9625    14.7932    15.0848    15.4064    14.2537    14.9636    15.3978    15.5049    14.9169    15.3089    15.1849    15.8526    13.8759    14.5883    14.4921    15.0241    14.2273    14.9711    15.3803    15.3619    15.1248    15.0263    15.5716    15.6951    15.4455    15.4273    15.5971    16.0010    13.8184    14.8458    14.9486    15.4431    15.0757    15.5499    15.6037    15.8159    15.2003    15.2227    15.7276    15.8611    15.3666    15.9472    16.0127    16.0361 
User insufficient par.     0.3060     0.1177     0.0930     0.1250     0.0992     0.0943     0.1352     0.1050     0.0937     0.1602     0.0656     0.0964     0.1029     0.0781     0.0631     0.0682     0.1313     0.0842     0.0792     0.1041     0.0857     0.1431     0.0804     0.1112     0.0800     0.0747     0.1103     0.1655     0.0543     0.1007     0.1535     0.0879     0.1518     0.0766     0.0997     0.0966     0.0751     0.0624     0.1173     0.0780     0.0714     0.0816     0.0580     0.0800     0.0419     0.0530     0.0629     0.1009     0.0754     0.0818     0.1110     0.0443     0.0836     0.1118     0.0740     0.0734     0.0515     0.0736     0.0549     0.0437     0.0404     0.0766     0.0456     0.0962 
Sys.insufficient par.      1.1421     1.7763     2.0606     1.4194     1.0179     1.6829     1.7571     1.0985     0.9955     1.7197     1.5124     1.0037     0.7479     1.2747     1.1261     0.9272     1.0457     1.8413     1.7702     1.2620     0.9791     1.7008     1.5366     1.1909     0.9126     1.5775     1.3130     0.8596     0.7719     1.2734     1.2425     0.8109     1.0375     1.5384     1.6326     1.1455     0.7461     1.4132     1.5505     0.9702     0.5689     1.5123     1.0009     0.7380     0.7421     0.8843     0.9860     0.4414     0.7549     1.5584     1.1126     0.8662     0.7967     1.3109     0.8788     0.6453     0.5495     1.1262     0.8706     0.6541     0.5094     0.6782     0.7780     0.4251 
Idle time                  0.0067     0.0206     0.0085     0.0210     0.0074     0.0259     0.0036     0.0142     0.0073     0.0206     0.0075     0.0213     0.0081     0.0377     0.0087     0.0205     0.0073     0.0212     0.0072     0.0200     0.0074     0.0303     0.0079     0.0278     0.0073     0.0213     0.0073     0.0221     0.0078     0.0299     0.0137     0.0260     0.0072     0.0205     0.0073     0.0207     0.0079     0.0301     0.0081     0.0220     0.0079     0.0292     0.0083     0.0170     0.0087     0.0376     0.0088     0.0205     0.0074     0.0204     0.0074     0.0204     0.0072     0.0299     0.0030     0.0179     0.0079     0.0204     0.0080     0.0205     0.0081     0.0302     0.0000     0.0160 
Communication             12.0886    12.2403    12.0522    13.1691    12.4300    13.1456    12.9938    14.0853    13.3094    13.2840    13.7928    14.1241    13.8238    14.0625    14.3034    14.5185    11.9647    12.1891    12.6717    13.0577    12.8902    12.9190    13.4599    14.0764    13.2539    13.2901    13.9673    14.4577    14.0829    13.9049    13.7752    14.9278    12.6794    12.9528    12.7524    13.7613    13.3982    13.4654    13.7045    14.2917    14.4765    13.4032    14.5044    14.8601    14.6528    14.4525    14.5395    15.4382    12.9807    13.1852    13.7177    14.5122    14.1882    14.0973    14.6479    15.0793    14.5914    14.0026    14.7941    15.1428    14.8087    15.1622    15.1891    15.4988 
Synchronization           61.2546    56.8982    50.7325    51.2946    54.1541    49.0732    45.8165    44.6016    50.6026    47.4937    43.4265    43.2434    48.6604    46.5880    43.6465    41.7414    50.3513    47.0988    41.3268    42.2513    45.3714    40.5353    37.1414    37.4090    41.3690    38.0010    35.1679    34.5915    39.8019    36.7253    33.6689    33.2455    41.3362    38.0331    33.1040    34.1878    36.6652    31.1554    28.8873    29.2418    34.0069    28.5747    27.5235    27.0661    32.6902    28.5233    25.4220    26.0335    34.8312    31.1510    27.1196    28.2073    30.4523    25.7114    24.1533    24.7261    28.6286    22.8538    21.1857    20.8721    26.9335    23.6771    20.2542    20.3710 
Variation                 71.3710    64.2684    56.6940    55.8683    62.6241    55.3285    50.5719    48.2128    57.1463    52.4180    46.7077    45.5278    54.4587    50.6061    46.2213    43.5048    58.9409    53.4503    45.8463    45.8391    51.9534    45.2632    40.1550    39.2230    47.0896    41.9902    37.4576    35.7137    44.2880    39.8116    35.8284    33.7590    48.3042    43.0761    36.9592    36.6613    42.0437    34.8831    31.1806    30.4974    38.1609    31.9340    28.7591    27.5529    35.9031    30.5599    26.4854    25.7720    40.5455    35.0254    29.5245    29.3563    34.6094    28.5258    25.3909    25.0666    32.0546    25.2532    21.8697    20.9409    29.9783    24.9943    20.6754    20.2565 
Overlap                    0.0000     0.0000     0.0000     0.0000     0.0000     0.0000     0.0001     0.0002     0.0002     0.0001     0.0002     0.0002     0.0002     0.0001     0.0000     0.0003     0.0003     0.0001     0.0006     0.0003     0.0000     0.0017     0.0001     0.0006     0.0000     0.0002     0.0004     0.0006     0.0001     0.0002     0.0004     0.0009     0.0049     0.0001     0.0002     0.0008     0.0001     0.0004     0.0004     0.0003     0.0004     0.0002     0.0008     0.0013     0.0006     0.0011     0.0004     0.0012     0.0003     0.0007     0.0139     0.0008     0.0003     0.0081     0.0144     0.0007     0.0002     0.0006     0.0014     0.0009     0.0007     0.0012     0.0010     0.0002 
Load imbalance             0.3945     1.0059     1.0654     1.5856     0.4056     1.7997     1.7407     2.1540     1.2569     2.0356     2.2293     2.0965     1.5337     2.3040     2.3523     2.3855     0.0000     0.9869     1.3794     1.2949     0.8135     1.6443     1.9359     2.2575     1.1047     1.8146     2.2488     2.3560     1.7679     2.1600     2.0360     2.7037     0.7269     1.4394     1.3431     1.8751     1.0783     1.8222     2.2314     2.2129     1.9758     1.8774     2.4227     2.5461     2.2965     2.2784     2.4481     2.8520     0.6694     1.6969     1.7997     2.2941     1.9268     2.4010     2.4548     2.6669     2.0513     2.0738     2.5787     2.7122     2.2176     2.7982     2.8637     2.8872 
Execution time            18.0905    18.0766    18.0886    18.0762    18.0898    18.0713    18.0936    18.0830    18.0899    18.0766    18.0897    18.0759    18.0891    18.0595    18.0885    18.0767    18.0899    18.0760    18.0899    18.0772    18.0898    18.0669    18.0892    18.0694    18.0899    18.0759    18.0899    18.0751    18.0894    18.0673    18.0835    18.0712    18.0900    18.0767    18.0899    18.0765    18.0893    18.0671    18.0891    18.0752    18.0893    18.0680    18.0888    18.0802    18.0885    18.0596    18.0884    18.0767    18.0898    18.0768    18.0898    18.0768    18.0900    18.0673    18.0942    18.0793    18.0893    18.0768    18.0892    18.0767    18.0891    18.0670    18.0972    18.0812 
User CPU time              4.5356     3.9141     3.8501     3.3401     4.5265     3.1218     3.1796     2.7768     3.6755     2.8853     2.6949     2.8358     3.4027     2.6240     2.5780     2.5481     4.9316     3.9321     3.5407     3.6333     4.1192     3.2769     2.9880     2.6718     3.8290     3.1086     2.6786     2.5786     3.1680     2.7681     2.8925     2.2317     4.2048     3.4845     3.5792     3.0549     3.8581     3.1036     2.6923     2.7199     2.9634     3.0468     2.5097     2.3904     2.6399     2.6558     2.4845     2.0892     4.2669     3.2266     3.1309     2.6404     3.0088     2.5265     2.4795     2.2711     2.8882     2.8566     2.3557     2.2257     2.7225     2.1393     2.0722     2.0543 
Sys. CPU time              0.0181     0.0282     0.0327     0.0225     0.0162     0.0267     0.0279     0.0174     0.0158     0.0273     0.0240     0.0159     0.0119     0.0202     0.0179     0.0147     0.0166     0.0292     0.0281     0.0200     0.0155     0.0270     0.0244     0.0189     0.0145     0.0250     0.0208     0.0136     0.0123     0.0202     0.0197     0.0129     0.0165     0.0244     0.0259     0.0182     0.0118     0.0224     0.0246     0.0154     0.0090     0.0240     0.0159     0.0117     0.0118     0.0140     0.0157     0.0070     0.0120     0.0247     0.0177     0.0137     0.0126     0.0208     0.0139     0.0102     0.0087     0.0179     0.0138     0.0104     0.0081     0.0108     0.0123     0.0067 
Processors                     64         64         64         64         64         64         64         64         64         64         64         64         64         64         64         64         64         64         64         64         64         64         64         64         64         64         64         64         64         64         64         64         64         64         64         64         64         64         64         64         64         64         64         64         64         64         64         64         64         64         64         64         64         64         64         64         64         64         64         64         64         64         64         64 
           Communication          
Reduction                  9.3013     6.8069     5.1435     4.6299     7.9774     6.5109     4.9017     4.6460     6.8554     5.1726     4.1011     3.3240     6.7163     5.1528     3.9081     3.2268     7.6204     5.7073     4.3578     3.6025     6.5348     4.7245     3.4801     2.8229     5.9860     4.3925     3.2177     2.5380     5.5625     4.0715     2.9547     2.3549     6.6322     5.0527     3.8088     3.0654     5.8452     4.3113     3.0015     2.3984     5.6132     3.7677     2.8132     2.2893     4.8548     3.4965     2.5756     2.0928     5.7462     4.1301     3.1387     2.6378     5.3022     4.0337     2.9868     2.3487     5.0278     3.4687     2.5246     2.1195     4.8323     3.5105     2.6284     2.3284 
Shadow                     2.7873     5.4334     6.9086     8.5392     4.4526     6.6346     8.0920     9.4393     6.4540     8.1115     9.6917    10.8001     7.1075     8.9097    10.3953    11.2917     4.3443     6.4819     8.3139     9.4553     6.3554     8.1945     9.9799    11.2535     7.2679     8.8976    10.7496    11.9197     8.5204     9.8335    10.8205    12.5729     6.0472     7.9001     8.9436    10.6959     7.5530     9.1541    10.7030    11.8933     8.8633     9.6355    11.6913    12.5708     9.7980    10.9559    11.9639    13.3454     7.2345     9.0551    10.5791    11.8744     8.8860    10.0636    11.6611    12.7306     9.5636    10.5339    12.2695    13.0233     9.9765    11.6517    12.5606    13.1705 
           Synchronization        
Reduction                  1.9129     1.8931     1.8839     1.6842     1.6608     1.3425     1.6060     1.0561     2.0046     1.9463     1.8627     1.8263     1.9384     1.8936     1.9657     1.8819     1.9552     1.9960     1.9703     1.9589     1.9805     1.9788     1.9526     1.8671     1.9734     1.9145     1.8730     1.7821     1.9281     1.9312     1.8811     1.7627     1.9287     1.9174     1.9015     1.7795     1.9392     1.8681     1.8876     1.7033     1.8949     1.9436     1.8789     1.6621     1.9856     1.9257     1.7553     1.5400     1.9611     1.9183     1.8296     1.6703     1.9353     1.8738     1.8760     1.7140     1.9049     1.7379     1.6388     1.3021     1.6501     1.7327     1.6170     1.2714 
Shadow                    59.3417    55.0051    48.8486    49.6104    52.4933    47.7307    44.2105    43.5455    48.5980    45.5474    41.5638    41.4172    46.7219    44.6943    41.6808    39.8595    48.3961    45.1028    39.3565    40.2925    43.3909    38.5565    35.1888    35.5419    39.3956    36.0865    33.2949    32.8094    37.8738    34.7942    31.7877    31.4828    39.4075    36.1158    31.2025    32.4083    34.7260    29.2873    26.9997    27.5386    32.1120    26.6311    25.6446    25.4040    30.7046    26.5976    23.6668    24.4935    32.8701    29.2327    25.2901    26.5370    28.5171    23.8376    22.2772    23.0120    26.7236    21.1159    19.5468    19.5700    25.2834    21.9444    18.6373    19.0996 
           Variation              
Reduction                  1.9131     1.8932     1.8840     1.6843     1.6609     1.3426     1.6061     1.0562     2.0047     1.9464     1.8628     1.8264     1.9386     1.8937     1.9658     1.8820     1.9553     1.9961     1.9704     1.9590     1.9806     1.9789     1.9527     1.8672     1.9735     1.9146     1.8731     1.7822     1.9282     1.9313     1.8812     1.7629     1.9288     1.9175     1.9016     1.7796     1.9393     1.8682     1.8878     1.7034     1.8950     1.9437     1.8790     1.6622     1.9858     1.9258     1.7554     1.5401     1.9613     1.9184     1.8296     1.6703     1.9354     1.8739     1.8762     1.7141     1.9051     1.7380     1.6389     1.3022     1.6502     1.7329     1.6170     1.2715 
Shadow                    69.4579    62.3752    54.8100    54.1840    60.9632    53.9859    48.9658    47.1566    55.1416    50.4716    44.8449    43.7014    52.5202    48.7123    44.2555    41.6228    56.9856    51.4543    43.8759    43.8801    49.9728    43.2843    38.2023    37.3558    45.1160    40.0757    35.5845    33.9315    42.3597    37.8803    33.9471    31.9962    46.3754    41.1586    35.0576    34.8817    40.1044    33.0149    29.2929    28.7940    36.2659    29.9904    26.8802    25.8907    33.9173    28.6341    24.7301    24.2318    38.5842    33.1070    27.6949    27.6860    32.6740    26.6518    23.5148    23.3525    30.1495    23.5152    20.2307    19.6387    28.3281    23.2614    19.0584    18.9851 
           Overlap                
Reduction                  0.0000     0.0000     0.0000     0.0000     0.0000     0.0000     0.0000     0.0000     0.0000     0.0000     0.0000     0.0000     0.0000     0.0000     0.0000     0.0000     0.0000     0.0000     0.0000     0.0000     0.0000     0.0000     0.0000     0.0000     0.0000     0.0000     0.0000     0.0000     0.0000     0.0000     0.0000     0.0000     0.0000     0.0000     0.0000     0.0000     0.0000     0.0000     0.0000     0.0000     0.0000     0.0000     0.0000     0.0000     0.0000     0.0000     0.0000     0.0001     0.0000     0.0000     0.0000     0.0000     0.0000     0.0000     0.0000     0.0000     0.0000     0.0000     0.0000     0.0001     0.0000     0.0000     0.0000     0.0001 
Shadow                     0.0000     0.0000     0.0000     0.0000     0.0000     0.0000     0.0001     0.0002     0.0002     0.0001     0.0002     0.0002     0.0001     0.0000     0.0000     0.0003     0.0003     0.0001     0.0006     0.0003     0.0000     0.0017     0.0001     0.0006     0.0000     0.0002     0.0004     0.0006     0.0001     0.0002     0.0004     0.0009     0.0049     0.0001     0.0002     0.0007     0.0001     0.0004     0.0004     0.0003     0.0004     0.0002     0.0008     0.0013     0.0006     0.0011     0.0003     0.0012     0.0003     0.0007     0.0139     0.0007     0.0003     0.0081     0.0144     0.0006     0.0002     0.0006     0.0014     0.0008     0.0007     0.0012     0.0010     0.0001 


-------------------------------------------------------------------------
Name (number) and performance time of processors
DVM(1) 4.102598
DVM(2) 4.115654
DVM(3) 4.112535
DVM(4) 4.132032
DVM(5) 3.085972
DVM(6) 3.092813
DVM(7) 3.087618
DVM(8) 3.084718
DVM(9) 3.080325
DVM(10) 3.076809
DVM(11) 3.078680
DVM(12) 3.063465
DVM(13) 3.082646
DVM(14) 3.087055
DVM(15) 3.097862
DVM(16) 3.072545
DVM(17) 3.085749
DVM(18) 3.087211
DVM(19) 3.092071
DVM(20) 3.086798
DVM(21) 4.096409
DVM(22) 4.091065
DVM(23) 4.098436
DVM(24) 4.110221
DVM(25) 3.079522
DVM(26) 3.072617
DVM(27) 3.062159
DVM(28) 3.068820
DVM(29) 3.070118
DVM(30) 3.065879
DVM(31) 3.066039
DVM(32) 3.066246
DVM(33) 3.094288
DVM(34) 3.110418
DVM(35) 3.114848
DVM(36) 3.083858
DVM(37) 3.065962
DVM(38) 3.065826
DVM(39) 3.092814
DVM(40) 3.068812
DVM(41) 4.108260
DVM(42) 4.104174
DVM(43) 4.100000
DVM(44) 4.122322
DVM(45) 3.060966
DVM(46) 3.070175
DVM(47) 3.070939
DVM(48) 3.070719
DVM(49) 3.081104
DVM(50) 3.080264
DVM(51) 3.081093
DVM(52) 3.086696
DVM(53) 3.073190
DVM(54) 3.091013
DVM(55) 3.098414
DVM(56) 3.067325
DVM(57) 3.087065
DVM(58) 3.074239
DVM(59) 3.100785
DVM(60) 3.067501
DVM(61) 4.083432
DVM(62) 4.078339
DVM(63) 4.079247
DVM(64) 4.109107
min - DVM(45) 3.060966; max - DVM(4) 4.132032; mid - 3.335873
