Processor system=3*2*3
Statistics has been accumulated on DVM-system version 5.0, platform DVM
Analyzer is executing on DVM-system version 5.0, platform DVM
-------------------------------------------------------------------------
INTERVAL ( NLINE=16 SOURCE=adi.c ) LEVEL=0  EXE_COUNT=2
--- The main characteristics --- 
Parallelization efficiency      0.3835 
Execution time                 17.8003 
Processors                          18
Threads amount                      18
Total time                    320.4046
Productive time               122.8716 ( CPU= 121.8852 Sys= 0.9864 I/O= 0.0000 )
Lost  time                    197.5329 
   Insufficient parallelism    17.6150 ( User= 0.8467 Sys= 16.7684 )
   Communication              179.8786 ( Real_sync= 0.0000 Starts= 0.0000 )
   Idle time                    0.0393
Load imbalance                 30.6852
Synchronization               347.1731
Time variation                434.0494
Overlap                         0.0211
                  Nop   Communic    Synchro  Variation    Overlap 
Reduction         100    59.5417     0.0101     0.0101     0.0006 
Shadow            901   120.3369   347.1630   434.0393     0.0205 
--- The comparative characteristics --- 
                              Tmin N proc      Tmax N proc      Tmid
Lost time                   9.2693     7    12.6171    18    10.9741 
User insufficient par.      0.0357    16     0.0620     1     0.0470 
Sys.insufficient par.       0.3036    18     1.9547     2     0.9316 
Idle time                   0.0000     6     0.0043    13     0.0022 
Communication               8.4745     7    12.2582    18     9.9933 
Synchronization             3.0731    18    42.8741     1    19.2874 
Variation                   3.4423    18    52.6946     1    24.1139 
Overlap                     0.0000     2     0.0045    11     0.0012 
Load imbalance              0.0000     7     3.3478    18     1.7047 
Execution time             17.7960    13    17.8003     6    17.7981 
User CPU time               5.1653    18     8.4870     7     6.7714 
Sys. CPU time               0.0179    18     0.1150     2     0.0548 
Processors                      18     1         18    18         18 
                      Communic          Synchro        Variation          Overlap  
Reduction       Tmin    0.0016    12     0.0001    13     0.0001    13     0.0000     2 
Reduction       Tmax    7.2972     1     0.0010    12     0.0010    12     0.0002    13 
Reduction       Tmid    3.3079           0.0006           0.0006           0.0000       
Shadow          Tmin    1.3498     1     3.0721    18     3.4414    18     0.0000     1 
Shadow          Tmax   11.4150    12    42.8736     1    52.6941     1     0.0045    11 
Shadow          Tmid    6.6854          19.2868          24.1133           0.0011       
--- The execution characteristics --- 
                                1          2          3          4          5          6          7          8          9         10         11         12         13         14         15         16         17         18 
Lost time                  9.9490    12.1819    11.8744     9.7764    10.3479    11.4346     9.2693    10.6475    10.4789    10.7483    10.8079    12.1225    10.1560    11.1546    10.9100    10.5481    12.5086    12.6171 
User insufficient par.     0.0620     0.0510     0.0561     0.0539     0.0500     0.0510     0.0444     0.0438     0.0440     0.0554     0.0502     0.0431     0.0364     0.0364     0.0386     0.0357     0.0436     0.0510 
Sys.insufficient par.      1.2367     1.9547     0.9279     0.8194     1.4506     0.7929     0.7470     1.5409     0.7623     0.7701     1.2355     0.6591     0.6077     1.2370     0.6441     0.5623     0.5165     0.3036 
Idle time                  0.0032     0.0009     0.0026     0.0023     0.0015     0.0000     0.0034     0.0006     0.0003     0.0020     0.0003     0.0037     0.0043     0.0029     0.0018     0.0012     0.0043     0.0043 
Communication              8.6470    10.1753    10.8879     8.9007     8.8458    10.5907     8.4745     9.0621     9.6724     9.9207     9.5220    11.4165     9.5077     9.8783    10.2256     9.9489    11.9442    12.2582 
Synchronization           42.8741    39.1546    37.5621    33.0346    28.7074    26.8578    24.3469    20.6177    20.1896    18.2746    13.9440    13.1521     7.9888     4.8316     3.7566     4.6761     4.1314     3.0731 
Variation                 52.6946    45.2378    41.5175    41.5546    34.0323    28.8689    33.1095    26.8154    24.3228    24.6022    17.5140    13.4593    14.6507     9.1702     6.2291    10.5387     6.2892     3.4423 
Overlap                    0.0000     0.0000     0.0000     0.0001     0.0000     0.0000     0.0019     0.0012     0.0020     0.0015     0.0045     0.0025     0.0002     0.0033     0.0000     0.0015     0.0023     0.0001 
Load imbalance             0.6796     2.9126     2.6051     0.5071     1.0786     2.1652     0.0000     1.3782     1.2096     1.4789     1.5386     2.8532     0.8867     1.8853     1.6407     1.2788     3.2392     3.3478 
Execution time            17.7971    17.7994    17.7976    17.7979    17.7988    17.8003    17.7968    17.7997    17.8000    17.7982    17.8000    17.7966    17.7960    17.7974    17.7985    17.7991    17.7960    17.7960 
User CPU time              7.7785     5.5034     5.8712     7.9757     7.3671     6.3190     8.4870     7.0621     7.2765     7.0067     6.9197     5.6390     7.6085     6.5729     6.8523     7.2191     5.2613     5.1653 
Sys. CPU time              0.0727     0.1150     0.0546     0.0482     0.0853     0.0466     0.0439     0.0906     0.0448     0.0453     0.0727     0.0388     0.0357     0.0728     0.0379     0.0331     0.0304     0.0179 
Processors                     18         18         18         18         18         18         18         18         18         18         18         18         18         18         18         18         18         18 
           Communication          
Reduction                  7.2972     5.1074     3.1640     6.0941     2.9258     0.9440     5.7539     3.8157     2.1060     4.7554     1.6568     0.0016     4.6013     2.6956     1.0194     4.1796     2.4849     0.9386 
Shadow                     1.3498     5.0679     7.7238     2.8065     5.9200     9.6467     2.7206     5.2464     7.5663     5.1653     7.8652    11.4150     4.9064     7.1827     9.2062     5.7693     9.4592    11.3196 
           Synchronization        
Reduction                  0.0005     0.0008     0.0007     0.0004     0.0006     0.0010     0.0002     0.0006     0.0007     0.0002     0.0003     0.0010     0.0001     0.0005     0.0008     0.0002     0.0007     0.0009 
Shadow                    42.8736    39.1539    37.5613    33.0342    28.7069    26.8568    24.3468    20.6171    20.1889    18.2744    13.9437    13.1510     7.9888     4.8311     3.7558     4.6758     4.1307     3.0721 
           Variation              
Reduction                  0.0005     0.0007     0.0007     0.0004     0.0006     0.0010     0.0001     0.0006     0.0007     0.0002     0.0003     0.0010     0.0001     0.0005     0.0008     0.0002     0.0007     0.0009 
Shadow                    52.6941    45.2370    41.5168    41.5542    34.0317    28.8680    33.1094    26.8148    24.3221    24.6020    17.5137    13.4584    14.6506     9.1697     6.2283    10.5385     6.2886     3.4414 
           Overlap                
Reduction                  0.0000     0.0000     0.0000     0.0000     0.0000     0.0000     0.0001     0.0000     0.0000     0.0001     0.0000     0.0000     0.0002     0.0000     0.0000     0.0001     0.0000     0.0000 
Shadow                     0.0000     0.0000     0.0000     0.0000     0.0000     0.0000     0.0018     0.0012     0.0020     0.0014     0.0045     0.0025     0.0000     0.0033     0.0000     0.0014     0.0023     0.0001 


-------------------------------------------------------------------------
INTERVAL ( NLINE=34 SOURCE=adi.c ) LEVEL=1 SEQ EXE_COUNT=2
--- The main characteristics --- 
Parallelization efficiency      0.3828 
Execution time                 17.7505 
Processors                          18
Threads amount                      18
Total time                    319.5087
Productive time               122.3181 ( CPU= 121.3446 Sys= 0.9735 I/O= 0.0000 )
Lost  time                    197.1906 
   Insufficient parallelism    17.3109 ( User= 0.7607 Sys= 16.5502 )
   Communication              179.8786 ( Real_sync= 0.0000 Starts= 0.0000 )
   Idle time                    0.0011
Load imbalance                 30.6668
Synchronization               347.1731
Time variation                434.0494
Overlap                         0.0211
                  Nop   Communic    Synchro  Variation    Overlap 
Reduction         100    59.5417     0.0101     0.0101     0.0006 
Shadow            901   120.3369   347.1630   434.0393     0.0205 
--- The comparative characteristics --- 
                              Tmin N proc      Tmax N proc      Tmid
Lost time                   9.2513     7    12.5901    18    10.9550 
User insufficient par.      0.0310    16     0.0592     1     0.0423 
Sys.insufficient par.       0.2936    18     1.9421     2     0.9195 
Idle time                   0.0000     1     0.0001    12     0.0001 
Communication               8.4745     7    12.2582    18     9.9933 
Synchronization             3.0731    18    42.8741     1    19.2874 
Variation                   3.4423    18    52.6946     1    24.1139 
Overlap                     0.0000     2     0.0045    11     0.0012 
Load imbalance              0.0000     7     3.3388    18     1.7037 
Execution time             17.7504    12    17.7505     1    17.7504 
User CPU time               5.1431    18     8.4559     7     6.7414 
Sys. CPU time               0.0173    18     0.1142     2     0.0541 
Processors                      18     1         18    18         18 
                      Communic          Synchro        Variation          Overlap  
Reduction       Tmin    0.0016    12     0.0001    13     0.0001    13     0.0000     2 
Reduction       Tmax    7.2972     1     0.0010    12     0.0010    12     0.0002    13 
Reduction       Tmid    3.3079           0.0006           0.0006           0.0000       
Shadow          Tmin    1.3498     1     3.0721    18     3.4414    18     0.0000     1 
Shadow          Tmax   11.4150    12    42.8736     1    52.6941     1     0.0045    11 
Shadow          Tmid    6.6854          19.2868          24.1133           0.0011       
--- The execution characteristics --- 
                                1          2          3          4          5          6          7          8          9         10         11         12         13         14         15         16         17         18 
Lost time                  9.9308    12.1641    11.8562     9.7582    10.3302    11.4164     9.2513    10.6298    10.4609    10.7300    10.7903    12.1041    10.1377    11.1367    10.8920    10.5301    12.4816    12.5901 
User insufficient par.     0.0592     0.0466     0.0531     0.0505     0.0463     0.0453     0.0419     0.0391     0.0387     0.0514     0.0452     0.0401     0.0339     0.0332     0.0345     0.0310     0.0324     0.0382 
Sys.insufficient par.      1.2246     1.9421     0.9152     0.8069     1.4380     0.7804     0.7349     1.5285     0.7498     0.7579     1.2230     0.6474     0.5961     1.2251     0.6318     0.5500     0.5049     0.2936 
Idle time                  0.0000     0.0001     0.0001     0.0001     0.0001     0.0001     0.0001     0.0001     0.0001     0.0001     0.0001     0.0001     0.0001     0.0001     0.0001     0.0001     0.0001     0.0001 
Communication              8.6470    10.1753    10.8879     8.9007     8.8458    10.5907     8.4745     9.0621     9.6724     9.9207     9.5220    11.4165     9.5077     9.8783    10.2256     9.9489    11.9442    12.2582 
Synchronization           42.8741    39.1546    37.5621    33.0346    28.7074    26.8578    24.3469    20.6177    20.1896    18.2746    13.9440    13.1521     7.9888     4.8316     3.7566     4.6761     4.1314     3.0731 
Variation                 52.6946    45.2378    41.5175    41.5546    34.0323    28.8689    33.1095    26.8154    24.3228    24.6022    17.5140    13.4593    14.6507     9.1702     6.2291    10.5387     6.2892     3.4423 
Overlap                    0.0000     0.0000     0.0000     0.0001     0.0000     0.0000     0.0019     0.0012     0.0020     0.0015     0.0045     0.0025     0.0002     0.0033     0.0000     0.0015     0.0023     0.0001 
Load imbalance             0.6795     2.9128     2.6049     0.5069     1.0788     2.1651     0.0000     1.3785     1.2096     1.4787     1.5389     2.8528     0.8864     1.8854     1.6407     1.2787     3.2303     3.3388 
Execution time            17.7505    17.7504    17.7504    17.7504    17.7504    17.7504    17.7504    17.7504    17.7504    17.7504    17.7504    17.7504    17.7504    17.7504    17.7504    17.7504    17.7504    17.7504 
User CPU time              7.7477     5.4721     5.8404     7.9448     7.3357     6.2882     8.4559     7.0308     7.2455     6.9759     6.8883     5.6083     7.5777     6.5417     6.8213     7.1881     5.2392     5.1431 
Sys. CPU time              0.0720     0.1142     0.0538     0.0475     0.0846     0.0459     0.0432     0.0899     0.0441     0.0446     0.0719     0.0381     0.0351     0.0721     0.0372     0.0324     0.0297     0.0173 
Processors                     18         18         18         18         18         18         18         18         18         18         18         18         18         18         18         18         18         18 
           Communication          
Reduction                  7.2972     5.1074     3.1640     6.0941     2.9258     0.9440     5.7539     3.8157     2.1060     4.7554     1.6568     0.0016     4.6013     2.6956     1.0194     4.1796     2.4849     0.9386 
Shadow                     1.3498     5.0679     7.7238     2.8065     5.9200     9.6467     2.7206     5.2464     7.5663     5.1653     7.8652    11.4150     4.9064     7.1827     9.2062     5.7693     9.4592    11.3196 
           Synchronization        
Reduction                  0.0005     0.0008     0.0007     0.0004     0.0006     0.0010     0.0002     0.0006     0.0007     0.0002     0.0003     0.0010     0.0001     0.0005     0.0008     0.0002     0.0007     0.0009 
Shadow                    42.8736    39.1539    37.5613    33.0342    28.7069    26.8568    24.3468    20.6171    20.1889    18.2744    13.9437    13.1510     7.9888     4.8311     3.7558     4.6758     4.1307     3.0721 
           Variation              
Reduction                  0.0005     0.0007     0.0007     0.0004     0.0006     0.0010     0.0001     0.0006     0.0007     0.0002     0.0003     0.0010     0.0001     0.0005     0.0008     0.0002     0.0007     0.0009 
Shadow                    52.6941    45.2370    41.5168    41.5542    34.0317    28.8680    33.1094    26.8148    24.3221    24.6020    17.5137    13.4584    14.6506     9.1697     6.2283    10.5385     6.2886     3.4414 
           Overlap                
Reduction                  0.0000     0.0000     0.0000     0.0000     0.0000     0.0000     0.0001     0.0000     0.0000     0.0001     0.0000     0.0000     0.0002     0.0000     0.0000     0.0001     0.0000     0.0000 
Shadow                     0.0000     0.0000     0.0000     0.0000     0.0000     0.0000     0.0018     0.0012     0.0020     0.0014     0.0045     0.0025     0.0000     0.0033     0.0000     0.0014     0.0023     0.0001 


-------------------------------------------------------------------------
Name (number) and performance time of processors
DVM(1) 1.028972
DVM(2) 1.028943
DVM(3) 1.029075
DVM(4) 1.029359
DVM(5) 1.028892
DVM(6) 1.028902
DVM(7) 1.029080
DVM(8) 1.029055
DVM(9) 1.028936
DVM(10) 1.028928
DVM(11) 1.029077
DVM(12) 1.029034
DVM(13) 1.028794
DVM(14) 1.028752
DVM(15) 1.029254
DVM(16) 1.029282
DVM(17) 1.028515
DVM(18) 1.029585
min - DVM(17) 1.028515; max - DVM(18) 1.029585; mid - 1.029024
