Processor system=3*3*3
Statistics has been accumulated on DVM-system version 5.0, platform DVM
Analyzer is executing on DVM-system version 5.0, platform DVM
-------------------------------------------------------------------------
INTERVAL ( NLINE=16 SOURCE=adi.c ) LEVEL=0  EXE_COUNT=1
--- The main characteristics --- 
Parallelization efficiency      0.2836 
Execution time                 19.0727 
Processors                          27
Threads amount                      27
Total time                    514.9616
Productive time               146.0368 ( CPU= 145.1456 Sys= 0.8912 I/O= 0.0000 )
Lost  time                    368.9248 
   Insufficient parallelism    25.7122 ( User= 2.5412 Sys= 23.1710 )
   Communication              343.1327 ( Real_sync= 0.0000 Starts= 0.0000 )
   Idle time                    0.0799
Load imbalance                 28.2249
Synchronization               813.9140
Time variation                949.3308
Overlap                         0.0439
                  Nop   Communic    Synchro  Variation    Overlap 
Reduction         101   131.1363    18.8458    18.8478     0.0005 
Shadow            901   211.9964   795.0682   930.4830     0.0433 
--- The comparative characteristics --- 
                              Tmin N proc      Tmax N proc      Tmid
Lost time                  12.6185    10    14.5298    26    13.6639 
User insufficient par.      0.0651    25     0.1837     1     0.0941 
Sys.insufficient par.       0.4836    25     1.5641     2     0.8582 
Idle time                   0.0000     1     0.0163    27     0.0030 
Communication              11.7685    10    13.7513    27    12.7086 
Synchronization            11.1387    27    55.8696     1    30.1450 
Variation                  11.3745    27    66.1983     1    35.1604 
Overlap                     0.0001    13     0.0181    21     0.0016 
Load imbalance              0.0000    10     1.9113    26     1.0454 
Execution time             19.0564    27    19.0727     1    19.0697 
User CPU time               4.5135    26     6.4248    10     5.3758 
Sys. CPU time               0.0186    25     0.0602     2     0.0330 
Processors                      27     1         27    27         27 
                      Communic          Synchro        Variation          Overlap  
Reduction       Tmin    1.0489    27     0.5574    15     0.5574    15     0.0000     1 
Reduction       Tmax   10.1685     1     0.7678     7     0.7679     7     0.0001    27 
Reduction       Tmid    4.8569           0.6980           0.6981           0.0000       
Shadow          Tmin    2.4057     1    10.5469    27    10.7827    27     0.0001    13 
Shadow          Tmax   12.7024    27    55.1080     1    65.4366     1     0.0180    21 
Shadow          Tmid    7.8517          29.4470          34.4623           0.0016       
--- The execution characteristics --- 
                                1          2          3          4          5          6          7          8          9         10         11         12         13         14         15         16         17         18         19         20         21         22         23         24         25         26         27 
Lost time                 13.5318    13.6328    13.2159    13.3864    13.4996    13.3316    13.6222    13.6950    14.1565    12.6185    13.5581    13.4345    13.3612    13.3944    13.3234    13.7647    14.1831    13.8024    13.4703    13.5483    13.9303    13.6144    13.9730    14.0163    14.0097    14.5298    14.3207 
User insufficient par.     0.1837     0.0887     0.1200     0.0957     0.1227     0.0804     0.0953     0.0895     0.0878     0.0874     0.0772     0.0834     0.1018     0.1087     0.0848     0.0826     0.1024     0.0933     0.0926     0.1059     0.1080     0.0716     0.0729     0.0942     0.0651     0.0799     0.0657 
Sys.insufficient par.      0.7738     1.5641     0.8404     0.7485     1.4015     0.9513     0.6141     1.1071     0.7375     0.7617     1.1902     0.9007     0.6461     1.2421     0.8572     0.5960     0.8883     0.6665     0.5395     1.2318     0.7469     0.6026     1.1077     0.7223     0.4836     0.7621     0.4874 
Idle time                  0.0000     0.0008     0.0007     0.0007     0.0000     0.0130     0.0008     0.0009     0.0008     0.0008     0.0009     0.0011     0.0009     0.0090     0.0008     0.0008     0.0008     0.0008     0.0007     0.0008     0.0009     0.0008     0.0007     0.0007     0.0130     0.0123     0.0163 
Communication             12.5742    11.9792    12.2549    12.5415    11.9753    12.2869    12.9120    12.4975    13.3303    11.7685    12.2898    12.4494    12.6124    12.0346    12.3806    13.0853    13.1917    13.0418    12.8374    12.2098    13.0745    12.9395    12.7917    13.1991    13.4480    13.6756    13.7513 
Synchronization           55.8696    49.2489    45.7172    47.4024    40.9814    37.5927    41.4170    35.9684    34.3377    39.9822    35.4321    30.6274    32.0985    26.9300    22.4161    28.2378    25.0018    20.9140    27.3668    22.8835    18.9029    20.6781    16.4045    12.3188    17.9146    16.1308    11.1387 
Variation                 66.1983    57.2943    51.6863    56.3897    47.7388    42.1681    48.5522    41.0577    36.7506    49.1064    41.4619    34.7732    39.0901    31.9064    25.1405    33.9196    28.3319    22.4333    34.3338    27.8704    21.3096    26.2381    19.9061    13.6911    22.3979    18.2101    11.3745 
Overlap                    0.0001     0.0013     0.0005     0.0002     0.0002     0.0008     0.0007     0.0009     0.0009     0.0004     0.0005     0.0005     0.0001     0.0003     0.0025     0.0007     0.0011     0.0017     0.0008     0.0012     0.0181     0.0014     0.0014     0.0028     0.0015     0.0029     0.0003 
Load imbalance             0.9133     1.0143     0.5974     0.7679     0.8810     0.7131     1.0037     1.0765     1.5379     0.0000     0.9396     0.8160     0.7427     0.7759     0.7049     1.1462     1.5646     1.1839     0.8518     0.9298     1.3118     0.9959     1.3545     1.3978     1.3912     1.9113     1.7022 
Execution time            19.0727    19.0718    19.0719    19.0719    19.0726    19.0596    19.0719    19.0718    19.0718    19.0718    19.0718    19.0716    19.0718    19.0636    19.0718    19.0718    19.0719    19.0718    19.0719    19.0718    19.0718    19.0719    19.0719    19.0719    19.0597    19.0604    19.0564 
User CPU time              5.5111     5.3797     5.8244     5.6575     5.5192     5.7045     5.4269     5.3350     4.8878     6.4248     5.4688     5.6035     5.6866     5.6305     5.7162     5.2851     4.8554     5.2446     5.5816     5.4770     5.1137     5.4350     5.0570     5.0286     5.0444     4.5135     4.7332 
Sys. CPU time              0.0298     0.0602     0.0323     0.0288     0.0539     0.0366     0.0236     0.0426     0.0284     0.0293     0.0458     0.0346     0.0249     0.0478     0.0330     0.0229     0.0342     0.0256     0.0208     0.0474     0.0287     0.0232     0.0426     0.0278     0.0186     0.0293     0.0187 
Processors                     27         27         27         27         27         27         27         27         27         27         27         27         27         27         27         27         27         27         27         27         27         27         27         27         27         27         27 
           Communication          
Reduction                 10.1685     7.4105     5.3098     8.7105     6.0264     3.9049     7.1809     4.7588     2.7979     8.0261     5.5696     3.6420     6.6917     4.1795     2.1531     5.8820     3.6584     1.6011     6.9705     4.3845     2.5442     5.6040     3.4264     1.6201     4.9957     2.8703     1.0489 
Shadow                     2.4057     4.5686     6.9451     3.8310     5.9489     8.3820     5.7311     7.7387    10.5324     3.7425     6.7202     8.8074     5.9207     7.8551    10.2275     7.2033     9.5333    11.4407     5.8669     7.8253    10.5303     7.3355     9.3653    11.5789     8.4523    10.8053    12.7024 
           Synchronization        
Reduction                  0.7616     0.7542     0.5715     0.6184     0.6369     0.6196     0.7678     0.7479     0.7224     0.7604     0.7586     0.7104     0.7260     0.7156     0.5574     0.7238     0.6945     0.6797     0.7311     0.7516     0.6666     0.7571     0.7421     0.6011     0.7328     0.7449     0.5917 
Shadow                    55.1080    48.4947    45.1458    46.7840    40.3445    36.9730    40.6492    35.2205    33.6153    39.2219    34.6736    29.9169    31.3725    26.2144    21.8588    27.5140    24.3073    20.2343    26.6357    22.1319    18.2364    19.9209    15.6623    11.7176    17.1819    15.3859    10.5469 
           Variation              
Reduction                  0.7617     0.7543     0.5715     0.6184     0.6369     0.6197     0.7679     0.7480     0.7224     0.7605     0.7586     0.7105     0.7261     0.7157     0.5574     0.7239     0.6946     0.6798     0.7312     0.7517     0.6666     0.7572     0.7422     0.6012     0.7328     0.7450     0.5918 
Shadow                    65.4366    56.5400    51.1148    55.7713    47.1019    41.5484    47.7843    40.3097    36.0282    48.3459    40.7032    34.0627    38.3640    31.1907    24.5831    33.1957    27.6373    21.7535    33.6026    27.1187    20.6429    25.4809    19.1638    13.0899    21.6650    17.4651    10.7827 
           Overlap                
Reduction                  0.0000     0.0000     0.0000     0.0000     0.0000     0.0000     0.0000     0.0000     0.0000     0.0000     0.0000     0.0000     0.0000     0.0000     0.0001     0.0000     0.0000     0.0000     0.0000     0.0000     0.0000     0.0000     0.0000     0.0001     0.0000     0.0000     0.0001 
Shadow                     0.0001     0.0013     0.0005     0.0002     0.0002     0.0008     0.0007     0.0009     0.0009     0.0004     0.0005     0.0004     0.0001     0.0003     0.0024     0.0007     0.0011     0.0017     0.0008     0.0012     0.0180     0.0014     0.0014     0.0027     0.0015     0.0028     0.0003 


-------------------------------------------------------------------------
INTERVAL ( NLINE=34 SOURCE=adi.c ) LEVEL=1 SEQ EXE_COUNT=1
--- The main characteristics --- 
Parallelization efficiency      0.2831 
Execution time                 19.0053 
Processors                          27
Threads amount                      27
Total time                    513.1440
Productive time               145.2889 ( CPU= 144.4049 Sys= 0.8840 I/O= 0.0000 )
Lost  time                    367.8551 
   Insufficient parallelism    24.6478 ( User= 1.6626 Sys= 22.9852 )
   Communication              343.1327 ( Real_sync= 0.0000 Starts= 0.0000 )
   Idle time                    0.0746
Load imbalance                 28.3430
Synchronization               813.9140
Time variation                949.3308
Overlap                         0.0439
                  Nop   Communic    Synchro  Variation    Overlap 
Reduction         101   131.1363    18.8458    18.8478     0.0005 
Shadow            901   211.9964   795.0682   930.4830     0.0433 
--- The comparative characteristics --- 
                              Tmin N proc      Tmax N proc      Tmid
Lost time                  12.5745    10    14.4845    26    13.6243 
User insufficient par.      0.0417    27     0.1445     1     0.0616 
Sys.insufficient par.       0.4770    25     1.5568     2     0.8513 
Idle time                   0.0000     9     0.0040    14     0.0028 
Communication              11.7685    10    13.7513    27    12.7086 
Synchronization            11.1387    27    55.8696     1    30.1450 
Variation                  11.3745    27    66.1983     1    35.1604 
Overlap                     0.0001    13     0.0181    21     0.0016 
Load imbalance              0.0000    10     1.9100    26     1.0497 
Execution time             19.0013    14    19.0053     9    19.0026 
User CPU time               4.4918    26     6.4019    10     5.3483 
Sys. CPU time               0.0183    25     0.0599     2     0.0327 
Processors                      27     1         27    27         27 
                      Communic          Synchro        Variation          Overlap  
Reduction       Tmin    1.0489    27     0.5574    15     0.5574    15     0.0000     1 
Reduction       Tmax   10.1685     1     0.7678     7     0.7679     7     0.0001    27 
Reduction       Tmid    4.8569           0.6980           0.6981           0.0000       
Shadow          Tmin    2.4057     1    10.5469    27    10.7827    27     0.0001    13 
Shadow          Tmax   12.7024    27    55.1080     1    65.4366     1     0.0180    21 
Shadow          Tmid    7.8517          29.4470          34.4623           0.0016       
--- The execution characteristics --- 
                                1          2          3          4          5          6          7          8          9         10         11         12         13         14         15         16         17         18         19         20         21         22         23         24         25         26         27 
Lost time                 13.4877    13.5890    13.1891    13.3431    13.4559    13.2938    13.5797    13.6513    14.1124    12.5745    13.5295    13.4051    13.3173    13.3524    13.2921    13.7205    14.1393    13.7615    13.4263    13.5014    13.8959    13.5848    13.9437    13.9725    13.9759    14.4845    14.2758 
User insufficient par.     0.1445     0.0531     0.0988     0.0553     0.0834     0.0630     0.0577     0.0491     0.0528     0.0501     0.0534     0.0566     0.0633     0.0798     0.0591     0.0441     0.0628     0.0559     0.0532     0.0638     0.0787     0.0464     0.0463     0.0531     0.0471     0.0496     0.0417 
Sys.insufficient par.      0.7661     1.5568     0.8324     0.7435     1.3943     0.9436     0.6070     1.1016     0.7293     0.7528     1.1832     0.8954     0.6386     1.2340     0.8493     0.5882     0.8818     0.6608     0.5326     1.2248     0.7398     0.5957     1.1021     0.7167     0.4770     0.7554     0.4823 
Idle time                  0.0028     0.0000     0.0030     0.0029     0.0029     0.0004     0.0030     0.0030     0.0000     0.0030     0.0030     0.0038     0.0029     0.0040     0.0030     0.0030     0.0030     0.0030     0.0030     0.0030     0.0029     0.0032     0.0037     0.0036     0.0039     0.0039     0.0004 
Communication             12.5742    11.9792    12.2549    12.5415    11.9753    12.2869    12.9120    12.4975    13.3303    11.7685    12.2898    12.4494    12.6124    12.0346    12.3806    13.0853    13.1917    13.0418    12.8374    12.2098    13.0745    12.9395    12.7917    13.1991    13.4480    13.6756    13.7513 
Synchronization           55.8696    49.2489    45.7172    47.4024    40.9814    37.5927    41.4170    35.9684    34.3377    39.9822    35.4321    30.6274    32.0985    26.9300    22.4161    28.2378    25.0018    20.9140    27.3668    22.8835    18.9029    20.6781    16.4045    12.3188    17.9146    16.1308    11.1387 
Variation                 66.1983    57.2943    51.6863    56.3897    47.7388    42.1681    48.5522    41.0577    36.7506    49.1064    41.4619    34.7732    39.0901    31.9064    25.1405    33.9196    28.3319    22.4333    34.3338    27.8704    21.3096    26.2381    19.9061    13.6911    22.3979    18.2101    11.3745 
Overlap                    0.0001     0.0013     0.0005     0.0002     0.0002     0.0008     0.0007     0.0009     0.0009     0.0004     0.0005     0.0005     0.0001     0.0003     0.0025     0.0007     0.0011     0.0017     0.0008     0.0012     0.0181     0.0014     0.0014     0.0028     0.0015     0.0029     0.0003 
Load imbalance             0.9131     1.0145     0.6146     0.7686     0.8814     0.7193     1.0052     1.0767     1.5379     0.0000     0.9550     0.8306     0.7428     0.7779     0.7175     1.1460     1.5647     1.1870     0.8518     0.9269     1.3214     1.0103     1.3692     1.3980     1.4014     1.9100     1.7013 
Execution time            19.0025    19.0053    19.0023    19.0024    19.0024    19.0049    19.0023    19.0023    19.0053    19.0023    19.0023    19.0016    19.0024    19.0013    19.0023    19.0023    19.0023    19.0023    19.0023    19.0023    19.0024    19.0022    19.0017    19.0017    19.0015    19.0014    19.0049 
User CPU time              5.4882     5.3564     5.7842     5.6336     5.4958     5.6752     5.4023     5.3117     4.8649     6.4019     5.4303     5.5658     5.6635     5.6055     5.6806     5.2622     4.8322     5.2184     5.5585     5.4568     5.0810     5.3976     5.0192     5.0052     5.0111     4.4918     4.7110 
Sys. CPU time              0.0295     0.0599     0.0320     0.0286     0.0536     0.0363     0.0233     0.0424     0.0280     0.0290     0.0455     0.0344     0.0246     0.0475     0.0327     0.0226     0.0339     0.0254     0.0205     0.0471     0.0285     0.0229     0.0424     0.0276     0.0183     0.0291     0.0186 
Processors                     27         27         27         27         27         27         27         27         27         27         27         27         27         27         27         27         27         27         27         27         27         27         27         27         27         27         27 
           Communication          
Reduction                 10.1685     7.4105     5.3098     8.7105     6.0264     3.9049     7.1809     4.7588     2.7979     8.0261     5.5696     3.6420     6.6917     4.1795     2.1531     5.8820     3.6584     1.6011     6.9705     4.3845     2.5442     5.6040     3.4264     1.6201     4.9957     2.8703     1.0489 
Shadow                     2.4057     4.5686     6.9451     3.8310     5.9489     8.3820     5.7311     7.7387    10.5324     3.7425     6.7202     8.8074     5.9207     7.8551    10.2275     7.2033     9.5333    11.4407     5.8669     7.8253    10.5303     7.3355     9.3653    11.5789     8.4523    10.8053    12.7024 
           Synchronization        
Reduction                  0.7616     0.7542     0.5715     0.6184     0.6369     0.6196     0.7678     0.7479     0.7224     0.7604     0.7586     0.7104     0.7260     0.7156     0.5574     0.7238     0.6945     0.6797     0.7311     0.7516     0.6666     0.7571     0.7421     0.6011     0.7328     0.7449     0.5917 
Shadow                    55.1080    48.4947    45.1458    46.7840    40.3445    36.9730    40.6492    35.2205    33.6153    39.2219    34.6736    29.9169    31.3725    26.2144    21.8588    27.5140    24.3073    20.2343    26.6357    22.1319    18.2364    19.9209    15.6623    11.7176    17.1819    15.3859    10.5469 
           Variation              
Reduction                  0.7617     0.7543     0.5715     0.6184     0.6369     0.6197     0.7679     0.7480     0.7224     0.7605     0.7586     0.7105     0.7261     0.7157     0.5574     0.7239     0.6946     0.6798     0.7312     0.7517     0.6666     0.7572     0.7422     0.6012     0.7328     0.7450     0.5918 
Shadow                    65.4366    56.5400    51.1148    55.7713    47.1019    41.5484    47.7843    40.3097    36.0282    48.3459    40.7032    34.0627    38.3640    31.1907    24.5831    33.1957    27.6373    21.7535    33.6026    27.1187    20.6429    25.4809    19.1638    13.0899    21.6650    17.4651    10.7827 
           Overlap                
Reduction                  0.0000     0.0000     0.0000     0.0000     0.0000     0.0000     0.0000     0.0000     0.0000     0.0000     0.0000     0.0000     0.0000     0.0000     0.0001     0.0000     0.0000     0.0000     0.0000     0.0000     0.0000     0.0000     0.0000     0.0001     0.0000     0.0000     0.0001 
Shadow                     0.0001     0.0013     0.0005     0.0002     0.0002     0.0008     0.0007     0.0009     0.0009     0.0004     0.0005     0.0004     0.0001     0.0003     0.0024     0.0007     0.0011     0.0017     0.0008     0.0012     0.0180     0.0014     0.0014     0.0027     0.0015     0.0028     0.0003 


-------------------------------------------------------------------------
Name (number) and performance time of processors
DVM(1) 2.058923
DVM(2) 2.062028
DVM(3) 2.052499
DVM(4) 2.066005
DVM(5) 2.058527
DVM(6) 2.062034
DVM(7) 2.400520
DVM(8) 1.029474
DVM(9) 1.028968
DVM(10) 1.028988
DVM(11) 1.028565
DVM(12) 1.037594
DVM(13) 1.028703
DVM(14) 1.028560
DVM(15) 1.029230
DVM(16) 1.029191
DVM(17) 1.029394
DVM(18) 1.029498
DVM(19) 1.029516
DVM(20) 1.037778
DVM(21) 2.044987
DVM(22) 2.040712
DVM(23) 2.048627
DVM(24) 2.057929
DVM(25) 2.044718
DVM(26) 2.049032
DVM(27) 2.396655
min - DVM(14) 1.028560; max - DVM(7) 2.400520; mid - 1.586617
