Processor system=4*4
Statistics has been accumulated on DVM-system version 5.0, platform DVM
Analyzer is executing on DVM-system version 5.0, platform DVM
-------------------------------------------------------------------------
INTERVAL ( NLINE=12 SOURCE=rb.c ) LEVEL=0  EXE_COUNT=1
--- The main characteristics --- 
Parallelization efficiency      0.9301 
Execution time                  0.8945 
Processors                          16
Threads amount                      16
Total time                     14.3118
Productive time                13.3112 ( CPU= 13.2885 Sys= 0.0228 I/O= 0.0000 )
Lost  time                      1.0006 
   Insufficient parallelism     0.4134 ( User= 0.0720 Sys= 0.3414 )
   Communication                0.5182 ( Real_sync= 0.0000 Starts= 0.0000 )
   Idle time                    0.0690
Load imbalance                  0.4780
Synchronization                 0.3231
Time variation                  0.1200
Overlap                         0.0001
                  Nop   Communic    Synchro  Variation    Overlap 
Reduction          10     0.2638     0.0004     0.0005     0.0000 
Shadow             20     0.2544     0.3227     0.1195     0.0000 
--- The comparative characteristics --- 
                              Tmin N proc      Tmax N proc      Tmid
Lost time                   0.0327     4     0.1513    13     0.0625 
User insufficient par.      0.0035    14     0.0059    13     0.0045 
Sys.insufficient par.       0.0173    13     0.0255     7     0.0213 
Idle time                   0.0000     4     0.0130    14     0.0043 
Communication               0.0042     6     0.1157    13     0.0324 
Synchronization             0.0031     7     0.0639    13     0.0202 
Variation                   0.0013     3     0.0148    13     0.0075 
Overlap                     0.0000     1     0.0000     3     0.0000 
Load imbalance              0.0000     4     0.1186    13     0.0299 
Execution time              0.8815    14     0.8945     4     0.8902 
User CPU time               0.7421    13     0.8605     4     0.8305 
Sys. CPU time               0.0012    13     0.0017     7     0.0014 
Processors                      16     1         16    16         16 
                      Communic          Synchro        Variation          Overlap  
Reduction       Tmin    0.0009     3     0.0000    16     0.0000    16     0.0000     1 
Reduction       Tmax    0.0625    13     0.0000     7     0.0000    10     0.0000    16 
Reduction       Tmid    0.0165           0.0000           0.0000           0.0000       
Shadow          Tmin    0.0022     1     0.0030     7     0.0013     3     0.0000     1 
Shadow          Tmax    0.0532    13     0.0638    13     0.0148    13     0.0000     3 
Shadow          Tmid    0.0159           0.0202           0.0075           0.0000       
--- The execution characteristics --- 
                                1          2          3          4          5          6          7          8          9         10         11         12         13         14         15         16 
Lost time                  0.0361     0.0341     0.0363     0.0327     0.0364     0.0342     0.0353     0.0374     0.0380     0.0359     0.0350     0.0360     0.1513     0.1401     0.1407     0.1413 
User insufficient par.     0.0035     0.0049     0.0047     0.0053     0.0038     0.0055     0.0045     0.0049     0.0035     0.0048     0.0046     0.0049     0.0059     0.0035     0.0037     0.0038 
Sys.insufficient par.      0.0193     0.0229     0.0252     0.0202     0.0195     0.0242     0.0255     0.0199     0.0193     0.0237     0.0252     0.0207     0.0173     0.0202     0.0201     0.0184 
Idle time                  0.0039     0.0009     0.0009     0.0000     0.0035     0.0003     0.0009     0.0009     0.0043     0.0009     0.0009     0.0009     0.0124     0.0130     0.0124     0.0127 
Communication              0.0094     0.0054     0.0055     0.0071     0.0095     0.0042     0.0043     0.0117     0.0109     0.0065     0.0042     0.0095     0.1157     0.1035     0.1045     0.1063 
Synchronization            0.0109     0.0060     0.0036     0.0068     0.0110     0.0039     0.0031     0.0102     0.0110     0.0053     0.0035     0.0100     0.0639     0.0572     0.0558     0.0610 
Variation                  0.0126     0.0068     0.0013     0.0037     0.0113     0.0050     0.0032     0.0037     0.0125     0.0062     0.0034     0.0055     0.0148     0.0091     0.0074     0.0136 
Overlap                    0.0000     0.0000     0.0000     0.0000     0.0000     0.0000     0.0000     0.0000     0.0000     0.0000     0.0000     0.0000     0.0000     0.0000     0.0000     0.0000 
Load imbalance             0.0034     0.0014     0.0036     0.0000     0.0037     0.0015     0.0026     0.0047     0.0054     0.0032     0.0024     0.0034     0.1186     0.1074     0.1080     0.1086 
Execution time             0.8906     0.8936     0.8936     0.8945     0.8910     0.8942     0.8936     0.8936     0.8902     0.8936     0.8936     0.8935     0.8821     0.8815     0.8821     0.8818 
User CPU time              0.8571     0.8589     0.8565     0.8605     0.8568     0.8587     0.8575     0.8558     0.8552     0.8570     0.8578     0.8571     0.7421     0.7531     0.7525     0.7520 
Sys. CPU time              0.0013     0.0015     0.0017     0.0013     0.0013     0.0016     0.0017     0.0013     0.0013     0.0016     0.0017     0.0014     0.0012     0.0013     0.0013     0.0012 
Processors                     16         16         16         16         16         16         16         16         16         16         16         16         16         16         16         16 
           Communication          
Reduction                  0.0072     0.0030     0.0009     0.0010     0.0058     0.0019     0.0018     0.0022     0.0082     0.0039     0.0017     0.0028     0.0625     0.0515     0.0523     0.0572 
Shadow                     0.0022     0.0024     0.0046     0.0061     0.0037     0.0023     0.0026     0.0095     0.0027     0.0026     0.0026     0.0067     0.0532     0.0519     0.0522     0.0492 
           Synchronization        
Reduction                  0.0000     0.0000     0.0000     0.0000     0.0000     0.0000     0.0000     0.0000     0.0000     0.0000     0.0000     0.0000     0.0000     0.0000     0.0000     0.0000 
Shadow                     0.0109     0.0059     0.0036     0.0068     0.0110     0.0038     0.0030     0.0102     0.0109     0.0053     0.0035     0.0100     0.0638     0.0572     0.0558     0.0610 
           Variation              
Reduction                  0.0000     0.0000     0.0000     0.0000     0.0000     0.0000     0.0000     0.0000     0.0000     0.0000     0.0000     0.0000     0.0000     0.0000     0.0000     0.0000 
Shadow                     0.0125     0.0068     0.0013     0.0037     0.0113     0.0049     0.0031     0.0037     0.0124     0.0062     0.0034     0.0054     0.0148     0.0091     0.0073     0.0136 
           Overlap                
Reduction                  0.0000     0.0000     0.0000     0.0000     0.0000     0.0000     0.0000     0.0000     0.0000     0.0000     0.0000     0.0000     0.0000     0.0000     0.0000     0.0000 
Shadow                     0.0000     0.0000     0.0000     0.0000     0.0000     0.0000     0.0000     0.0000     0.0000     0.0000     0.0000     0.0000     0.0000     0.0000     0.0000     0.0000 


-------------------------------------------------------------------------
INTERVAL ( NLINE=37 SOURCE=rb.c ) LEVEL=1 SEQ EXE_COUNT=1
--- The main characteristics --- 
Parallelization efficiency      0.9395 
Execution time                  0.8573 
Processors                          16
Threads amount                      16
Total time                     13.7167
Productive time                12.8870 ( CPU= 12.8714 Sys= 0.0156 I/O= 0.0000 )
Lost  time                      0.8297 
   Insufficient parallelism     0.2717 ( User= 0.0383 Sys= 0.2334 )
   Communication                0.5182 ( Real_sync= 0.0000 Starts= 0.0000 )
   Idle time                    0.0398
Load imbalance                  0.4409
Synchronization                 0.3231
Time variation                  0.1200
Overlap                         0.0001
                  Nop   Communic    Synchro  Variation    Overlap 
Reduction          10     0.2638     0.0004     0.0005     0.0000 
Shadow             20     0.2544     0.3227     0.1195     0.0000 
--- The comparative characteristics --- 
                              Tmin N proc      Tmax N proc      Tmid
Lost time                   0.0243     4     0.1339    13     0.0519 
User insufficient par.      0.0019     4     0.0039    13     0.0024 
Sys.insufficient par.       0.0115     1     0.0175     7     0.0146 
Idle time                   0.0000    15     0.0035     9     0.0025 
Communication               0.0042     6     0.1157    13     0.0324 
Synchronization             0.0031     7     0.0639    13     0.0202 
Variation                   0.0013     3     0.0148    13     0.0075 
Overlap                     0.0000     1     0.0000     3     0.0000 
Load imbalance              0.0000     4     0.1096    13     0.0276 
Execution time              0.8538     9     0.8573    15     0.8548 
User CPU time               0.7224    13     0.8322     4     0.8045 
Sys. CPU time               0.0008     1     0.0012     7     0.0010 
Processors                      16     1         16    16         16 
                      Communic          Synchro        Variation          Overlap  
Reduction       Tmin    0.0009     3     0.0000    16     0.0000    16     0.0000     1 
Reduction       Tmax    0.0625    13     0.0000     7     0.0000    10     0.0000    16 
Reduction       Tmid    0.0165           0.0000           0.0000           0.0000       
Shadow          Tmin    0.0022     1     0.0030     7     0.0013     3     0.0000     1 
Shadow          Tmax    0.0532    13     0.0638    13     0.0148    13     0.0000     3 
Shadow          Tmid    0.0159           0.0202           0.0075           0.0000       
--- The execution characteristics --- 
                                1          2          3          4          5          6          7          8          9         10         11         12         13         14         15         16 
Lost time                  0.0274     0.0256     0.0278     0.0243     0.0277     0.0258     0.0268     0.0290     0.0293     0.0274     0.0265     0.0275     0.1339     0.1227     0.1233     0.1247 
User insufficient par.     0.0030     0.0020     0.0019     0.0019     0.0030     0.0023     0.0020     0.0022     0.0031     0.0023     0.0020     0.0021     0.0039     0.0023     0.0022     0.0022 
Sys.insufficient par.      0.0115     0.0150     0.0172     0.0121     0.0119     0.0162     0.0175     0.0119     0.0118     0.0156     0.0174     0.0127     0.0140     0.0169     0.0166     0.0150 
Idle time                  0.0035     0.0032     0.0032     0.0031     0.0034     0.0031     0.0030     0.0032     0.0035     0.0030     0.0029     0.0031     0.0004     0.0001     0.0000     0.0011 
Communication              0.0094     0.0054     0.0055     0.0071     0.0095     0.0042     0.0043     0.0117     0.0109     0.0065     0.0042     0.0095     0.1157     0.1035     0.1045     0.1063 
Synchronization            0.0109     0.0060     0.0036     0.0068     0.0110     0.0039     0.0031     0.0102     0.0110     0.0053     0.0035     0.0100     0.0639     0.0572     0.0558     0.0610 
Variation                  0.0126     0.0068     0.0013     0.0037     0.0113     0.0050     0.0032     0.0037     0.0125     0.0062     0.0034     0.0055     0.0148     0.0091     0.0074     0.0136 
Overlap                    0.0000     0.0000     0.0000     0.0000     0.0000     0.0000     0.0000     0.0000     0.0000     0.0000     0.0000     0.0000     0.0000     0.0000     0.0000     0.0000 
Load imbalance             0.0031     0.0013     0.0035     0.0000     0.0034     0.0015     0.0025     0.0047     0.0050     0.0030     0.0022     0.0032     0.1096     0.0984     0.0990     0.1004 
Execution time             0.8538     0.8541     0.8541     0.8542     0.8539     0.8542     0.8543     0.8541     0.8538     0.8543     0.8544     0.8542     0.8569     0.8572     0.8573     0.8562 
User CPU time              0.8291     0.8307     0.8283     0.8322     0.8288     0.8304     0.8293     0.8275     0.8272     0.8289     0.8297     0.8290     0.7224     0.7334     0.7328     0.7316 
Sys. CPU time              0.0008     0.0010     0.0011     0.0008     0.0008     0.0011     0.0012     0.0008     0.0008     0.0010     0.0012     0.0008     0.0009     0.0011     0.0011     0.0010 
Processors                     16         16         16         16         16         16         16         16         16         16         16         16         16         16         16         16 
           Communication          
Reduction                  0.0072     0.0030     0.0009     0.0010     0.0058     0.0019     0.0018     0.0022     0.0082     0.0039     0.0017     0.0028     0.0625     0.0515     0.0523     0.0572 
Shadow                     0.0022     0.0024     0.0046     0.0061     0.0037     0.0023     0.0026     0.0095     0.0027     0.0026     0.0026     0.0067     0.0532     0.0519     0.0522     0.0492 
           Synchronization        
Reduction                  0.0000     0.0000     0.0000     0.0000     0.0000     0.0000     0.0000     0.0000     0.0000     0.0000     0.0000     0.0000     0.0000     0.0000     0.0000     0.0000 
Shadow                     0.0109     0.0059     0.0036     0.0068     0.0110     0.0038     0.0030     0.0102     0.0109     0.0053     0.0035     0.0100     0.0638     0.0572     0.0558     0.0610 
           Variation              
Reduction                  0.0000     0.0000     0.0000     0.0000     0.0000     0.0000     0.0000     0.0000     0.0000     0.0000     0.0000     0.0000     0.0000     0.0000     0.0000     0.0000 
Shadow                     0.0125     0.0068     0.0013     0.0037     0.0113     0.0049     0.0031     0.0037     0.0124     0.0062     0.0034     0.0054     0.0148     0.0091     0.0073     0.0136 
           Overlap                
Reduction                  0.0000     0.0000     0.0000     0.0000     0.0000     0.0000     0.0000     0.0000     0.0000     0.0000     0.0000     0.0000     0.0000     0.0000     0.0000     0.0000 
Shadow                     0.0000     0.0000     0.0000     0.0000     0.0000     0.0000     0.0000     0.0000     0.0000     0.0000     0.0000     0.0000     0.0000     0.0000     0.0000     0.0000 


-------------------------------------------------------------------------
Name (number) and performance time of processors
DVM(1) 1.029476
DVM(2) 1.029315
DVM(3) 1.029174
DVM(4) 1.029262
DVM(5) 1.028654
DVM(6) 1.028614
DVM(7) 1.029282
DVM(8) 1.029278
DVM(9) 1.028671
DVM(10) 1.028638
DVM(11) 1.029006
DVM(12) 1.028951
DVM(13) 1.028776
DVM(14) 1.028749
DVM(15) 1.029470
DVM(16) 1.029389
min - DVM(6) 1.028614; max - DVM(1) 1.029476; mid - 1.029044
