Processor system=4*5
Statistics has been accumulated on DVM-system version 5.0, platform DVM
Analyzer is executing on DVM-system version 5.0, platform DVM
-------------------------------------------------------------------------
INTERVAL ( NLINE=12 SOURCE=rb.c ) LEVEL=0  EXE_COUNT=2
--- The main characteristics --- 
Parallelization efficiency      0.9197 
Execution time                  0.9336 
Processors                          20
Threads amount                      20
Total time                     18.6712
Productive time                17.1721 ( CPU= 17.1443 Sys= 0.0278 I/O= 0.0000 )
Lost  time                      1.4990 
   Insufficient parallelism     0.6381 ( User= 0.1091 Sys= 0.5290 )
   Communication                0.6153 ( Real_sync= 0.0000 Starts= 0.0000 )
   Idle time                    0.2456
Load imbalance                  0.2286
Synchronization                 0.5575
Time variation                  0.4825
Overlap                         0.0002
                  Nop   Communic    Synchro  Variation    Overlap 
Reduction          10     0.4527     0.0002     0.0002     0.0001 
Shadow             21     0.1626     0.5574     0.4823     0.0000 
--- The comparative characteristics --- 
                              Tmin N proc      Tmax N proc      Tmid
Lost time                   0.0635    17     0.0949     9     0.0750 
User insufficient par.      0.0032    16     0.0171    19     0.0055 
Sys.insufficient par.       0.0227     1     0.0313     9     0.0264 
Idle time                   0.0000    19     0.0151    20     0.0123 
Communication               0.0183     8     0.0452     9     0.0308 
Synchronization             0.0074     8     0.0325    15     0.0279 
Variation                   0.0023     7     0.0342    16     0.0241 
Overlap                     0.0000     5     0.0000     8     0.0000 
Load imbalance              0.0000    17     0.0313     9     0.0114 
Execution time              0.9184    20     0.9336    19     0.9213 
User CPU time               0.8371     9     0.8687    17     0.8572 
Sys. CPU time               0.0012     1     0.0016     9     0.0014 
Processors                      20     1         20    20         20 
                      Communic          Synchro        Variation          Overlap  
Reduction       Tmin    0.0103     7     0.0000    10     0.0000    19     0.0000    18 
Reduction       Tmax    0.0335    20     0.0000     3     0.0000     8     0.0000    19 
Reduction       Tmid    0.0226           0.0000           0.0000           0.0000       
Shadow          Tmin    0.0018     2     0.0073     8     0.0023     7     0.0000     1 
Shadow          Tmax    0.0263     7     0.0325    15     0.0342    16     0.0000     8 
Shadow          Tmid    0.0081           0.0279           0.0241           0.0000       
--- The execution characteristics --- 
                                1          2          3          4          5          6          7          8          9         10         11         12         13         14         15         16         17         18         19         20 
Lost time                  0.0737     0.0688     0.0792     0.0706     0.0728     0.0641     0.0818     0.0668     0.0949     0.0778     0.0739     0.0682     0.0810     0.0686     0.0747     0.0709     0.0635     0.0849     0.0757     0.0871 
User insufficient par.     0.0086     0.0048     0.0052     0.0043     0.0039     0.0057     0.0055     0.0049     0.0042     0.0037     0.0040     0.0041     0.0056     0.0055     0.0044     0.0032     0.0046     0.0045     0.0171     0.0055 
Sys.insufficient par.      0.0227     0.0263     0.0266     0.0264     0.0239     0.0259     0.0282     0.0296     0.0313     0.0249     0.0240     0.0269     0.0268     0.0262     0.0243     0.0234     0.0259     0.0292     0.0287     0.0280 
Idle time                  0.0135     0.0118     0.0118     0.0123     0.0132     0.0115     0.0115     0.0139     0.0143     0.0137     0.0137     0.0126     0.0112     0.0113     0.0129     0.0146     0.0121     0.0148     0.0000     0.0151 
Communication              0.0290     0.0259     0.0356     0.0276     0.0319     0.0210     0.0367     0.0183     0.0452     0.0354     0.0321     0.0246     0.0374     0.0257     0.0331     0.0297     0.0210     0.0364     0.0299     0.0385 
Synchronization            0.0303     0.0273     0.0276     0.0279     0.0316     0.0269     0.0266     0.0074     0.0286     0.0316     0.0320     0.0249     0.0272     0.0267     0.0325     0.0322     0.0270     0.0295     0.0278     0.0319 
Variation                  0.0299     0.0297     0.0083     0.0297     0.0319     0.0286     0.0023     0.0073     0.0074     0.0327     0.0279     0.0271     0.0079     0.0286     0.0314     0.0342     0.0274     0.0288     0.0295     0.0319 
Overlap                    0.0000     0.0000     0.0000     0.0000     0.0000     0.0000     0.0000     0.0000     0.0000     0.0000     0.0000     0.0000     0.0000     0.0000     0.0000     0.0000     0.0000     0.0000     0.0000     0.0000 
Load imbalance             0.0101     0.0053     0.0157     0.0071     0.0093     0.0006     0.0183     0.0032     0.0313     0.0143     0.0104     0.0047     0.0175     0.0051     0.0112     0.0073     0.0000     0.0214     0.0122     0.0236 
Execution time             0.9201     0.9217     0.9218     0.9212     0.9204     0.9220     0.9221     0.9196     0.9193     0.9198     0.9199     0.9210     0.9224     0.9223     0.9207     0.9190     0.9215     0.9188     0.9336     0.9184 
User CPU time              0.8587     0.8633     0.8529     0.8615     0.8595     0.8681     0.8503     0.8652     0.8371     0.8545     0.8584     0.8640     0.8511     0.8635     0.8576     0.8615     0.8687     0.8471     0.8563     0.8450 
Sys. CPU time              0.0012     0.0014     0.0014     0.0014     0.0013     0.0014     0.0015     0.0016     0.0016     0.0013     0.0013     0.0014     0.0014     0.0014     0.0013     0.0012     0.0014     0.0015     0.0015     0.0015 
Processors                     20         20         20         20         20         20         20         20         20         20         20         20         20         20         20         20         20         20         20         20 
           Communication          
Reduction                  0.0235     0.0241     0.0124     0.0254     0.0275     0.0178     0.0103     0.0140     0.0209     0.0312     0.0229     0.0223     0.0142     0.0233     0.0268     0.0263     0.0176     0.0313     0.0274     0.0335 
Shadow                     0.0054     0.0018     0.0233     0.0022     0.0044     0.0032     0.0263     0.0044     0.0243     0.0042     0.0092     0.0023     0.0232     0.0024     0.0064     0.0034     0.0035     0.0050     0.0026     0.0050 
           Synchronization        
Reduction                  0.0000     0.0000     0.0000     0.0000     0.0000     0.0000     0.0000     0.0000     0.0000     0.0000     0.0000     0.0000     0.0000     0.0000     0.0000     0.0000     0.0000     0.0000     0.0000     0.0000 
Shadow                     0.0303     0.0273     0.0276     0.0279     0.0315     0.0269     0.0266     0.0073     0.0286     0.0316     0.0320     0.0249     0.0271     0.0267     0.0325     0.0322     0.0270     0.0295     0.0278     0.0319 
           Variation              
Reduction                  0.0000     0.0000     0.0000     0.0000     0.0000     0.0000     0.0000     0.0000     0.0000     0.0000     0.0000     0.0000     0.0000     0.0000     0.0000     0.0000     0.0000     0.0000     0.0000     0.0000 
Shadow                     0.0299     0.0296     0.0083     0.0297     0.0319     0.0286     0.0023     0.0073     0.0074     0.0327     0.0279     0.0270     0.0079     0.0286     0.0314     0.0342     0.0274     0.0288     0.0295     0.0319 
           Overlap                
Reduction                  0.0000     0.0000     0.0000     0.0000     0.0000     0.0000     0.0000     0.0000     0.0000     0.0000     0.0000     0.0000     0.0000     0.0000     0.0000     0.0000     0.0000     0.0000     0.0000     0.0000 
Shadow                     0.0000     0.0000     0.0000     0.0000     0.0000     0.0000     0.0000     0.0000     0.0000     0.0000     0.0000     0.0000     0.0000     0.0000     0.0000     0.0000     0.0000     0.0000     0.0000     0.0000 


-------------------------------------------------------------------------
INTERVAL ( NLINE=37 SOURCE=rb.c ) LEVEL=1 SEQ EXE_COUNT=2
--- The main characteristics --- 
Parallelization efficiency      0.9426 
Execution time                  0.8816 
Processors                          20
Threads amount                      20
Total time                     17.6317
Productive time                16.6197 ( CPU= 16.6026 Sys= 0.0170 I/O= 0.0000 )
Lost  time                      1.0121 
   Insufficient parallelism     0.3813 ( User= 0.0576 Sys= 0.3237 )
   Communication                0.6153 ( Real_sync= 0.0000 Starts= 0.0000 )
   Idle time                    0.0155
Load imbalance                  0.2293
Synchronization                 0.5575
Time variation                  0.4825
Overlap                         0.0002
                  Nop   Communic    Synchro  Variation    Overlap 
Reduction          10     0.4527     0.0002     0.0002     0.0001 
Shadow             21     0.1626     0.5574     0.4823     0.0000 
--- The comparative characteristics --- 
                              Tmin N proc      Tmax N proc      Tmid
Lost time                   0.0391    17     0.0703     9     0.0506 
User insufficient par.      0.0021    17     0.0073     1     0.0029 
Sys.insufficient par.       0.0124     1     0.0210     9     0.0162 
Idle time                   0.0000     7     0.0016    20     0.0008 
Communication               0.0183     8     0.0452     9     0.0308 
Synchronization             0.0074     8     0.0325    15     0.0279 
Variation                   0.0023     7     0.0342    16     0.0241 
Overlap                     0.0000     5     0.0000     8     0.0000 
Load imbalance              0.0000    17     0.0312     9     0.0115 
Execution time              0.8799    20     0.8816     7     0.8808 
User CPU time               0.8102     9     0.8416    17     0.8301 
Sys. CPU time               0.0007     1     0.0011     9     0.0009 
Processors                      20     1         20    20         20 
                      Communic          Synchro        Variation          Overlap  
Reduction       Tmin    0.0103     7     0.0000    10     0.0000    19     0.0000    18 
Reduction       Tmax    0.0335    20     0.0000     3     0.0000     8     0.0000    19 
Reduction       Tmid    0.0226           0.0000           0.0000           0.0000       
Shadow          Tmin    0.0018     2     0.0073     8     0.0023     7     0.0000     1 
Shadow          Tmax    0.0263     7     0.0325    15     0.0342    16     0.0000     8 
Shadow          Tmid    0.0081           0.0279           0.0241           0.0000       
--- The execution characteristics --- 
                                1          2          3          4          5          6          7          8          9         10         11         12         13         14         15         16         17         18         19         20 
Lost time                  0.0494     0.0447     0.0549     0.0462     0.0486     0.0396     0.0573     0.0424     0.0703     0.0534     0.0496     0.0438     0.0567     0.0445     0.0501     0.0463     0.0391     0.0605     0.0519     0.0626 
User insufficient par.     0.0073     0.0022     0.0024     0.0021     0.0022     0.0026     0.0026     0.0032     0.0032     0.0025     0.0026     0.0022     0.0024     0.0022     0.0026     0.0025     0.0021     0.0033     0.0026     0.0048 
Sys.insufficient par.      0.0124     0.0161     0.0164     0.0163     0.0135     0.0153     0.0180     0.0195     0.0210     0.0145     0.0136     0.0166     0.0166     0.0159     0.0138     0.0131     0.0158     0.0193     0.0183     0.0176 
Idle time                  0.0007     0.0004     0.0005     0.0002     0.0010     0.0007     0.0000     0.0014     0.0010     0.0010     0.0012     0.0004     0.0003     0.0007     0.0006     0.0010     0.0002     0.0014     0.0011     0.0016 
Communication              0.0290     0.0259     0.0356     0.0276     0.0319     0.0210     0.0367     0.0183     0.0452     0.0354     0.0321     0.0246     0.0374     0.0257     0.0331     0.0297     0.0210     0.0364     0.0299     0.0385 
Synchronization            0.0303     0.0273     0.0276     0.0279     0.0316     0.0269     0.0266     0.0074     0.0286     0.0316     0.0320     0.0249     0.0272     0.0267     0.0325     0.0322     0.0270     0.0295     0.0278     0.0319 
Variation                  0.0299     0.0297     0.0083     0.0297     0.0319     0.0286     0.0023     0.0073     0.0074     0.0327     0.0279     0.0271     0.0079     0.0286     0.0314     0.0342     0.0274     0.0288     0.0295     0.0319 
Overlap                    0.0000     0.0000     0.0000     0.0000     0.0000     0.0000     0.0000     0.0000     0.0000     0.0000     0.0000     0.0000     0.0000     0.0000     0.0000     0.0000     0.0000     0.0000     0.0000     0.0000 
Load imbalance             0.0102     0.0055     0.0158     0.0071     0.0095     0.0005     0.0181     0.0033     0.0312     0.0143     0.0105     0.0046     0.0176     0.0053     0.0110     0.0072     0.0000     0.0214     0.0128     0.0235 
Execution time             0.8809     0.8812     0.8811     0.8814     0.8806     0.8809     0.8816     0.8802     0.8806     0.8806     0.8804     0.8812     0.8812     0.8809     0.8810     0.8806     0.8814     0.8802     0.8805     0.8799 
User CPU time              0.8316     0.8361     0.8258     0.8345     0.8323     0.8411     0.8234     0.8381     0.8102     0.8274     0.8313     0.8370     0.8240     0.8363     0.8307     0.8346     0.8416     0.8201     0.8287     0.8181 
Sys. CPU time              0.0007     0.0008     0.0009     0.0009     0.0007     0.0008     0.0009     0.0010     0.0011     0.0008     0.0007     0.0009     0.0009     0.0008     0.0007     0.0007     0.0008     0.0010     0.0010     0.0009 
Processors                     20         20         20         20         20         20         20         20         20         20         20         20         20         20         20         20         20         20         20         20 
           Communication          
Reduction                  0.0235     0.0241     0.0124     0.0254     0.0275     0.0178     0.0103     0.0140     0.0209     0.0312     0.0229     0.0223     0.0142     0.0233     0.0268     0.0263     0.0176     0.0313     0.0274     0.0335 
Shadow                     0.0054     0.0018     0.0233     0.0022     0.0044     0.0032     0.0263     0.0044     0.0243     0.0042     0.0092     0.0023     0.0232     0.0024     0.0064     0.0034     0.0035     0.0050     0.0026     0.0050 
           Synchronization        
Reduction                  0.0000     0.0000     0.0000     0.0000     0.0000     0.0000     0.0000     0.0000     0.0000     0.0000     0.0000     0.0000     0.0000     0.0000     0.0000     0.0000     0.0000     0.0000     0.0000     0.0000 
Shadow                     0.0303     0.0273     0.0276     0.0279     0.0315     0.0269     0.0266     0.0073     0.0286     0.0316     0.0320     0.0249     0.0271     0.0267     0.0325     0.0322     0.0270     0.0295     0.0278     0.0319 
           Variation              
Reduction                  0.0000     0.0000     0.0000     0.0000     0.0000     0.0000     0.0000     0.0000     0.0000     0.0000     0.0000     0.0000     0.0000     0.0000     0.0000     0.0000     0.0000     0.0000     0.0000     0.0000 
Shadow                     0.0299     0.0296     0.0083     0.0297     0.0319     0.0286     0.0023     0.0073     0.0074     0.0327     0.0279     0.0270     0.0079     0.0286     0.0314     0.0342     0.0274     0.0288     0.0295     0.0319 
           Overlap                
Reduction                  0.0000     0.0000     0.0000     0.0000     0.0000     0.0000     0.0000     0.0000     0.0000     0.0000     0.0000     0.0000     0.0000     0.0000     0.0000     0.0000     0.0000     0.0000     0.0000     0.0000 
Shadow                     0.0000     0.0000     0.0000     0.0000     0.0000     0.0000     0.0000     0.0000     0.0000     0.0000     0.0000     0.0000     0.0000     0.0000     0.0000     0.0000     0.0000     0.0000     0.0000     0.0000 


-------------------------------------------------------------------------
Name (number) and performance time of processors
DVM(1) 1.029267
DVM(2) 1.028966
DVM(3) 1.029678
DVM(4) 1.029673
DVM(5) 1.028624
DVM(6) 1.028626
DVM(7) 1.029301
DVM(8) 1.029315
DVM(9) 1.028630
DVM(10) 1.028756
DVM(11) 1.028750
DVM(12) 1.028778
DVM(13) 1.028426
DVM(14) 1.028468
DVM(15) 1.028813
DVM(16) 1.028788
DVM(17) 1.030046
DVM(18) 1.029683
DVM(19) 1.038228
DVM(20) 1.027858
min - DVM(20) 1.027858; max - DVM(19) 1.038228; mid - 1.029434
