Processor system=5*5
Statistics has been accumulated on DVM-system version 5.0, platform DVM
Analyzer is executing on DVM-system version 5.0, platform DVM
-------------------------------------------------------------------------
INTERVAL ( NLINE=12 SOURCE=rb.c ) LEVEL=0  EXE_COUNT=2
--- The main characteristics --- 
Parallelization efficiency      0.5400 
Execution time                  1.0405 
Processors                          25
Threads amount                      25
Total time                     26.0114
Productive time                14.0472 ( CPU= 14.0200 Sys= 0.0272 I/O= 0.0000 )
Lost  time                     11.9643 
   Insufficient parallelism     0.9176 ( User= 0.2645 Sys= 0.6531 )
   Communication               10.5684 ( Real_sync= 0.0000 Starts= 0.0000 )
   Idle time                    0.4783
Load imbalance                  3.3282
Synchronization                12.8027
Time variation                 11.2319
Overlap                         0.0002
                  Nop   Communic    Synchro  Variation    Overlap 
Reduction          11     5.9569     2.7568     2.7573     0.0001 
Shadow             21     4.6115    10.0459     8.4746     0.0001 
--- The comparative characteristics --- 
                              Tmin N proc      Tmax N proc      Tmid
Lost time                   0.3454    16     0.5572    23     0.4786 
User insufficient par.      0.0045    16     0.0251     2     0.0106 
Sys.insufficient par.       0.0144    16     0.0476    10     0.0261 
Idle time                   0.0000     5     0.0358    24     0.0191 
Communication               0.3079    16     0.5021    17     0.4227 
Synchronization             0.3603     7     0.6259    22     0.5121 
Variation                   0.3050     8     0.6171    22     0.4493 
Overlap                     0.0000     1     0.0000    13     0.0000 
Load imbalance              0.0000    16     0.2117    23     0.1331 
Execution time              1.0047    24     1.0405     5     1.0213 
User CPU time               0.4821    23     0.6944    16     0.5608 
Sys. CPU time               0.0006    16     0.0020    10     0.0011 
Processors                      25     1         25    25         25 
                      Communic          Synchro        Variation          Overlap  
Reduction       Tmin    0.1644    14     0.0688     7     0.0689     7     0.0000     1 
Reduction       Tmax    0.3628     1     0.1294     6     0.1295     6     0.0000    13 
Reduction       Tmid    0.2383           0.1103           0.1103           0.0000       
Shadow          Tmin    0.0961    24     0.2833    13     0.2079    12     0.0000     1 
Shadow          Tmax    0.2838     8     0.5007    22     0.4918    22     0.0000    13 
Shadow          Tmid    0.1845           0.4018           0.3390           0.0000       
--- The execution characteristics --- 
                                1          2          3          4          5          6          7          8          9         10         11         12         13         14         15         16         17         18         19         20         21         22         23         24         25 
Lost time                  0.5397     0.4552     0.5326     0.4748     0.4391     0.5361     0.4112     0.5465     0.4607     0.4791     0.4917     0.4366     0.4200     0.4843     0.4436     0.3454     0.5533     0.4849     0.5415     0.5481     0.4004     0.5495     0.5572     0.3984     0.4343 
User insufficient par.     0.0121     0.0251     0.0121     0.0193     0.0169     0.0060     0.0056     0.0118     0.0072     0.0114     0.0105     0.0084     0.0195     0.0071     0.0051     0.0045     0.0049     0.0060     0.0049     0.0121     0.0177     0.0129     0.0063     0.0049     0.0123 
Sys.insufficient par.      0.0217     0.0227     0.0287     0.0387     0.0161     0.0221     0.0306     0.0283     0.0366     0.0476     0.0219     0.0335     0.0404     0.0231     0.0161     0.0144     0.0247     0.0234     0.0269     0.0213     0.0161     0.0256     0.0280     0.0224     0.0222 
Idle time                  0.0210     0.0003     0.0140     0.0058     0.0000     0.0224     0.0142     0.0145     0.0139     0.0163     0.0167     0.0231     0.0215     0.0209     0.0215     0.0186     0.0216     0.0207     0.0347     0.0274     0.0167     0.0263     0.0350     0.0358     0.0154 
Communication              0.4849     0.4072     0.4778     0.4110     0.4061     0.4856     0.3608     0.4920     0.4030     0.4038     0.4426     0.3716     0.3387     0.4333     0.4010     0.3079     0.5021     0.4348     0.4751     0.4873     0.3499     0.4846     0.4879     0.3353     0.3844 
Synchronization            0.5938     0.4365     0.5268     0.4587     0.5416     0.5940     0.3603     0.4691     0.4118     0.3863     0.5074     0.4086     0.3985     0.5501     0.5344     0.4926     0.6121     0.5624     0.5917     0.5988     0.4976     0.6259     0.6231     0.4903     0.5301 
Variation                  0.5927     0.4109     0.4425     0.3808     0.4332     0.5321     0.3446     0.3050     0.3245     0.3393     0.4213     0.3217     0.3456     0.4019     0.4429     0.4851     0.4653     0.4405     0.5061     0.5805     0.4545     0.6171     0.5789     0.5156     0.5496 
Overlap                    0.0000     0.0000     0.0000     0.0000     0.0000     0.0000     0.0000     0.0000     0.0000     0.0000     0.0000     0.0000     0.0000     0.0000     0.0000     0.0000     0.0000     0.0000     0.0000     0.0000     0.0000     0.0000     0.0000     0.0000     0.0000 
Load imbalance             0.1943     0.1098     0.1872     0.1294     0.0936     0.1906     0.0658     0.2011     0.1153     0.1336     0.1462     0.0911     0.0745     0.1389     0.0982     0.0000     0.2078     0.1395     0.1961     0.2027     0.0550     0.2041     0.2117     0.0529     0.0889 
Execution time             1.0194     1.0402     1.0265     1.0347     1.0405     1.0180     1.0262     1.0259     1.0265     1.0242     1.0238     1.0173     1.0190     1.0196     1.0190     1.0219     1.0188     1.0197     1.0058     1.0130     1.0238     1.0141     1.0055     1.0047     1.0251 
User CPU time              0.4998     0.5843     0.5067     0.5640     0.6007     0.5035     0.6280     0.4927     0.5782     0.5594     0.5479     0.6025     0.6188     0.5552     0.5961     0.6944     0.4861     0.5545     0.4978     0.4915     0.6394     0.4899     0.4821     0.6412     0.6052 
Sys. CPU time              0.0009     0.0009     0.0012     0.0016     0.0007     0.0009     0.0013     0.0012     0.0015     0.0020     0.0009     0.0014     0.0017     0.0010     0.0007     0.0006     0.0010     0.0010     0.0011     0.0009     0.0007     0.0011     0.0012     0.0009     0.0009 
Processors                     25         25         25         25         25         25         25         25         25         25         25         25         25         25         25         25         25         25         25         25         25         25         25         25         25 
           Communication          
Reduction                  0.3628     0.2598     0.2752     0.2004     0.1760     0.3029     0.2215     0.2082     0.1955     0.2370     0.2354     0.1644     0.1650     0.1644     0.1880     0.1764     0.2342     0.1900     0.2687     0.3468     0.1850     0.3543     0.3230     0.2392     0.2828 
Shadow                     0.1221     0.1474     0.2026     0.2106     0.2300     0.1826     0.1393     0.2838     0.2075     0.1668     0.2071     0.2072     0.1737     0.2689     0.2130     0.1315     0.2678     0.2448     0.2064     0.1404     0.1650     0.1304     0.1649     0.0961     0.1015 
           Synchronization        
Reduction                  0.1262     0.0782     0.1121     0.1146     0.1236     0.1294     0.0688     0.0823     0.0923     0.0779     0.0936     0.1137     0.1152     0.1275     0.1286     0.1286     0.1146     0.1146     0.1141     0.1146     0.1134     0.1253     0.1252     0.1129     0.1097 
Shadow                     0.4676     0.3583     0.4147     0.3442     0.4180     0.4645     0.2915     0.3868     0.3196     0.3084     0.4138     0.2949     0.2833     0.4226     0.4058     0.3640     0.4975     0.4478     0.4777     0.4842     0.3841     0.5007     0.4979     0.3775     0.4205 
           Variation              
Reduction                  0.1262     0.0783     0.1121     0.1146     0.1236     0.1295     0.0689     0.0823     0.0923     0.0779     0.0936     0.1137     0.1152     0.1275     0.1286     0.1286     0.1146     0.1146     0.1141     0.1146     0.1135     0.1253     0.1253     0.1129     0.1097 
Shadow                     0.4664     0.3326     0.3304     0.2662     0.3097     0.4026     0.2757     0.2227     0.2323     0.2613     0.3276     0.2079     0.2304     0.2743     0.3143     0.3565     0.3507     0.3259     0.3920     0.4659     0.3410     0.4918     0.4536     0.4027     0.4399 
           Overlap                
Reduction                  0.0000     0.0000     0.0000     0.0000     0.0000     0.0000     0.0000     0.0000     0.0000     0.0000     0.0000     0.0000     0.0000     0.0000     0.0000     0.0000     0.0000     0.0000     0.0000     0.0000     0.0000     0.0000     0.0000     0.0000     0.0000 
Shadow                     0.0000     0.0000     0.0000     0.0000     0.0000     0.0000     0.0000     0.0000     0.0000     0.0000     0.0000     0.0000     0.0000     0.0000     0.0000     0.0000     0.0000     0.0000     0.0000     0.0000     0.0000     0.0000     0.0000     0.0000     0.0000 


-------------------------------------------------------------------------
INTERVAL ( NLINE=37 SOURCE=rb.c ) LEVEL=1 SEQ EXE_COUNT=2
--- The main characteristics --- 
Parallelization efficiency      0.5340 
Execution time                  1.0077 
Processors                          25
Threads amount                      25
Total time                     25.1921
Productive time                13.4531 ( CPU= 13.4300 Sys= 0.0231 I/O= 0.0000 )
Lost  time                     11.7390 
   Insufficient parallelism     0.6690 ( User= 0.1145 Sys= 0.5546 )
   Communication               10.5684 ( Real_sync= 0.0000 Starts= 0.0000 )
   Idle time                    0.5016
Load imbalance                  3.4572
Synchronization                12.8027
Time variation                 11.2319
Overlap                         0.0002
                  Nop   Communic    Synchro  Variation    Overlap 
Reduction          11     5.9569     2.7568     2.7573     0.0001 
Shadow             21     4.6115    10.0459     8.4746     0.0001 
--- The comparative characteristics --- 
                              Tmin N proc      Tmax N proc      Tmid
Lost time                   0.3313    16     0.5550    17     0.4696 
User insufficient par.      0.0032     5     0.0163    13     0.0046 
Sys.insufficient par.       0.0129    16     0.0460    10     0.0222 
Idle time                   0.0000     5     0.0352    21     0.0201 
Communication               0.3079    16     0.5021    17     0.4227 
Synchronization             0.3603     7     0.6259    22     0.5121 
Variation                   0.3050     8     0.6171    22     0.4493 
Overlap                     0.0000     1     0.0000    13     0.0000 
Load imbalance              0.0000    16     0.2238    17     0.1383 
Execution time              0.9725    21     1.0077     5     0.9876 
User CPU time               0.4518    17     0.6759    16     0.5372 
Sys. CPU time               0.0005    16     0.0019    10     0.0009 
Processors                      25     1         25    25         25 
                      Communic          Synchro        Variation          Overlap  
Reduction       Tmin    0.1644    14     0.0688     7     0.0689     7     0.0000     1 
Reduction       Tmax    0.3628     1     0.1294     6     0.1295     6     0.0000    13 
Reduction       Tmid    0.2383           0.1103           0.1103           0.0000       
Shadow          Tmin    0.0961    24     0.2833    13     0.2079    12     0.0000     1 
Shadow          Tmax    0.2838     8     0.5007    22     0.4918    22     0.0000    13 
Shadow          Tmid    0.1845           0.4018           0.3390           0.0000       
--- The execution characteristics --- 
                                1          2          3          4          5          6          7          8          9         10         11         12         13         14         15         16         17         18         19         20         21         22         23         24         25 
Lost time                  0.5270     0.4555     0.5188     0.4613     0.4237     0.5232     0.3955     0.5314     0.4612     0.4872     0.4778     0.4216     0.4250     0.4705     0.4285     0.3313     0.5550     0.4695     0.5330     0.5326     0.4035     0.5342     0.5435     0.3938     0.4343 
User insufficient par.     0.0090     0.0037     0.0039     0.0044     0.0032     0.0039     0.0042     0.0040     0.0046     0.0046     0.0039     0.0044     0.0163     0.0036     0.0036     0.0040     0.0033     0.0041     0.0037     0.0039     0.0039     0.0033     0.0039     0.0034     0.0036 
Sys.insufficient par.      0.0165     0.0186     0.0241     0.0369     0.0144     0.0169     0.0293     0.0237     0.0229     0.0460     0.0165     0.0318     0.0383     0.0211     0.0141     0.0129     0.0196     0.0184     0.0217     0.0158     0.0145     0.0202     0.0226     0.0205     0.0171 
Idle time                  0.0166     0.0261     0.0130     0.0090     0.0000     0.0168     0.0012     0.0118     0.0307     0.0327     0.0148     0.0137     0.0317     0.0125     0.0099     0.0065     0.0301     0.0123     0.0325     0.0256     0.0352     0.0260     0.0291     0.0345     0.0292 
Communication              0.4849     0.4072     0.4778     0.4110     0.4061     0.4856     0.3608     0.4920     0.4030     0.4038     0.4426     0.3716     0.3387     0.4333     0.4010     0.3079     0.5021     0.4348     0.4751     0.4873     0.3499     0.4846     0.4879     0.3353     0.3844 
Synchronization            0.5938     0.4365     0.5268     0.4587     0.5416     0.5940     0.3603     0.4691     0.4118     0.3863     0.5074     0.4086     0.3985     0.5501     0.5344     0.4926     0.6121     0.5624     0.5917     0.5988     0.4976     0.6259     0.6231     0.4903     0.5301 
Variation                  0.5927     0.4109     0.4425     0.3808     0.4332     0.5321     0.3446     0.3050     0.3245     0.3393     0.4213     0.3217     0.3456     0.4019     0.4429     0.4851     0.4653     0.4405     0.5061     0.5805     0.4545     0.6171     0.5789     0.5156     0.5496 
Overlap                    0.0000     0.0000     0.0000     0.0000     0.0000     0.0000     0.0000     0.0000     0.0000     0.0000     0.0000     0.0000     0.0000     0.0000     0.0000     0.0000     0.0000     0.0000     0.0000     0.0000     0.0000     0.0000     0.0000     0.0000     0.0000 
Load imbalance             0.1957     0.1243     0.1875     0.1300     0.0925     0.1919     0.0642     0.2002     0.1300     0.1559     0.1465     0.0903     0.0937     0.1392     0.0972     0.0000     0.2238     0.1383     0.2018     0.2014     0.0723     0.2029     0.2122     0.0625     0.1030 
Execution time             0.9911     0.9816     0.9947     0.9986     1.0077     0.9909     1.0065     0.9959     0.9770     0.9749     0.9929     0.9939     0.9760     0.9952     0.9978     1.0012     0.9776     0.9954     0.9751     0.9821     0.9725     0.9817     0.9786     0.9732     0.9784 
User CPU time              0.4800     0.5514     0.4879     0.5448     0.5834     0.4838     0.6110     0.4753     0.5455     0.5186     0.5292     0.5848     0.5811     0.5363     0.5786     0.6759     0.4518     0.5374     0.4737     0.4744     0.6035     0.4726     0.4632     0.6131     0.5727 
Sys. CPU time              0.0007     0.0008     0.0010     0.0015     0.0006     0.0007     0.0012     0.0010     0.0010     0.0019     0.0007     0.0013     0.0016     0.0009     0.0006     0.0005     0.0008     0.0008     0.0009     0.0007     0.0006     0.0008     0.0009     0.0009     0.0007 
Processors                     25         25         25         25         25         25         25         25         25         25         25         25         25         25         25         25         25         25         25         25         25         25         25         25         25 
           Communication          
Reduction                  0.3628     0.2598     0.2752     0.2004     0.1760     0.3029     0.2215     0.2082     0.1955     0.2370     0.2354     0.1644     0.1650     0.1644     0.1880     0.1764     0.2342     0.1900     0.2687     0.3468     0.1850     0.3543     0.3230     0.2392     0.2828 
Shadow                     0.1221     0.1474     0.2026     0.2106     0.2300     0.1826     0.1393     0.2838     0.2075     0.1668     0.2071     0.2072     0.1737     0.2689     0.2130     0.1315     0.2678     0.2448     0.2064     0.1404     0.1650     0.1304     0.1649     0.0961     0.1015 
           Synchronization        
Reduction                  0.1262     0.0782     0.1121     0.1146     0.1236     0.1294     0.0688     0.0823     0.0923     0.0779     0.0936     0.1137     0.1152     0.1275     0.1286     0.1286     0.1146     0.1146     0.1141     0.1146     0.1134     0.1253     0.1252     0.1129     0.1097 
Shadow                     0.4676     0.3583     0.4147     0.3442     0.4180     0.4645     0.2915     0.3868     0.3196     0.3084     0.4138     0.2949     0.2833     0.4226     0.4058     0.3640     0.4975     0.4478     0.4777     0.4842     0.3841     0.5007     0.4979     0.3775     0.4205 
           Variation              
Reduction                  0.1262     0.0783     0.1121     0.1146     0.1236     0.1295     0.0689     0.0823     0.0923     0.0779     0.0936     0.1137     0.1152     0.1275     0.1286     0.1286     0.1146     0.1146     0.1141     0.1146     0.1135     0.1253     0.1253     0.1129     0.1097 
Shadow                     0.4664     0.3326     0.3304     0.2662     0.3097     0.4026     0.2757     0.2227     0.2323     0.2613     0.3276     0.2079     0.2304     0.2743     0.3143     0.3565     0.3507     0.3259     0.3920     0.4659     0.3410     0.4918     0.4536     0.4027     0.4399 
           Overlap                
Reduction                  0.0000     0.0000     0.0000     0.0000     0.0000     0.0000     0.0000     0.0000     0.0000     0.0000     0.0000     0.0000     0.0000     0.0000     0.0000     0.0000     0.0000     0.0000     0.0000     0.0000     0.0000     0.0000     0.0000     0.0000     0.0000 
Shadow                     0.0000     0.0000     0.0000     0.0000     0.0000     0.0000     0.0000     0.0000     0.0000     0.0000     0.0000     0.0000     0.0000     0.0000     0.0000     0.0000     0.0000     0.0000     0.0000     0.0000     0.0000     0.0000     0.0000     0.0000     0.0000 


-------------------------------------------------------------------------
Name (number) and performance time of processors
DVM(1) 2.056469
DVM(2) 2.062058
DVM(3) 2.061296
DVM(4) 2.060826
DVM(5) 2.404198
DVM(6) 1.028792
DVM(7) 1.028927
DVM(8) 1.028892
DVM(9) 1.029129
DVM(10) 1.029135
DVM(11) 1.029092
DVM(12) 1.029084
DVM(13) 1.029026
DVM(14) 1.029038
DVM(15) 1.028880
DVM(16) 1.028861
DVM(17) 1.035746
DVM(18) 1.029371
DVM(19) 1.030421
DVM(20) 1.028644
DVM(21) 2.046667
DVM(22) 2.048906
DVM(23) 2.047428
DVM(24) 2.049049
DVM(25) 2.417157
min - DVM(20) 1.028644; max - DVM(25) 2.417157; mid - 1.467884
