Processor system=4*4
Statistics has been accumulated on DVM-system version 5.0, platform DVM
Analyzer is executing on DVM-system version 5.0, platform DVM
-------------------------------------------------------------------------
INTERVAL ( NLINE=12 SOURCE=sor.c ) LEVEL=0  EXE_COUNT=1
--- The main characteristics --- 
Parallelization efficiency      0.1334 
Execution time                  6.7000 
Processors                          16
Threads amount                      16
Total time                    107.1997
Productive time                14.3015 ( CPU= 14.2769 Sys= 0.0245 I/O= 0.0000 )
Lost  time                     92.8982 
   Insufficient parallelism     0.4586 ( User= 0.0909 Sys= 0.3676 )
   Communication               92.4062 ( Real_sync= 0.0000 Starts= 0.0000 )
   Idle time                    0.0335
Load imbalance                  4.2757
Synchronization                42.1499
Time variation                 86.7778
Overlap                         0.0019
                  Nop   Communic    Synchro  Variation    Overlap 
Reduction          20    41.9538     0.0017     0.0016     0.0001 
Shadow             60    50.4524    42.1482    86.7762     0.0018 
--- The comparative characteristics --- 
                              Tmin N proc      Tmax N proc      Tmid
Lost time                   5.5389     1     5.9844    13     5.8061 
User insufficient par.      0.0044     5     0.0071     4     0.0057 
Sys.insufficient par.       0.0148    13     0.0295     7     0.0230 
Idle time                   0.0000     4     0.0039    13     0.0021 
Communication               5.5139     1     5.9603    13     5.7754 
Synchronization             0.0346    16     5.5148     1     2.6344 
Variation                   0.0189    16    11.4471     1     5.4236 
Overlap                     0.0000     4     0.0004     5     0.0001 
Load imbalance              0.0000     1     0.4455    13     0.2672 
Execution time              6.6960    13     6.7000     4     6.6979 
User CPU time               0.7145    15     1.1599     1     0.8923 
Sys. CPU time               0.0010    13     0.0020     7     0.0015 
Processors                      16     1         16    16         16 
                      Communic          Synchro        Variation          Overlap  
Reduction       Tmin    0.0003    16     0.0000     9     0.0000     5     0.0000     2 
Reduction       Tmax    5.5033     1     0.0002    16     0.0002    16     0.0000     9 
Reduction       Tmid    2.6221           0.0001           0.0001           0.0000       
Shadow          Tmin    0.0105     1     0.0344    16     0.0186    16     0.0000     3 
Shadow          Tmax    5.9594    16     5.5147     1    11.4470     1     0.0004     6 
Shadow          Tmid    3.1533           2.6343           5.4235           0.0001       
--- The execution characteristics --- 
                                1          2          3          4          5          6          7          8          9         10         11         12         13         14         15         16 
Lost time                  5.5389     5.8821     5.5595     5.8884     5.5503     5.9449     5.5766     5.9482     5.5722     5.9469     5.6047     5.9494     5.9844     5.9839     5.9841     5.9838 
User insufficient par.     0.0047     0.0054     0.0058     0.0071     0.0044     0.0070     0.0063     0.0070     0.0057     0.0062     0.0054     0.0054     0.0054     0.0057     0.0048     0.0047 
Sys.insufficient par.      0.0170     0.0284     0.0291     0.0228     0.0189     0.0294     0.0295     0.0217     0.0196     0.0295     0.0281     0.0212     0.0148     0.0218     0.0204     0.0154 
Idle time                  0.0033     0.0019     0.0014     0.0000     0.0031     0.0003     0.0011     0.0006     0.0017     0.0009     0.0025     0.0022     0.0039     0.0028     0.0039     0.0039 
Communication              5.5139     5.8464     5.5231     5.8586     5.5239     5.9083     5.5396     5.9189     5.5451     5.9103     5.5688     5.9206     5.9603     5.9536     5.9550     5.9597 
Synchronization            5.5148     4.7109     3.5952     2.8109     4.3881     3.6460     2.4950     1.7710     3.2834     2.5436     1.4243     0.7027     2.6064     1.8718     0.7511     0.0346 
Variation                 11.4471     9.5156     7.6027     5.6994     9.1850     7.3244     5.3865     3.5601     6.9543     5.1170     3.2159     1.4214     5.1636     3.7055     1.4605     0.0189 
Overlap                    0.0002     0.0002     0.0000     0.0000     0.0004     0.0004     0.0000     0.0000     0.0004     0.0003     0.0001     0.0000     0.0000     0.0000     0.0000     0.0000 
Load imbalance             0.0000     0.3432     0.0205     0.3495     0.0114     0.4060     0.0377     0.4093     0.0333     0.4080     0.0658     0.4105     0.4455     0.4450     0.4452     0.4449 
Execution time             6.6967     6.6981     6.6986     6.7000     6.6969     6.6997     6.6988     6.6994     6.6983     6.6991     6.6975     6.6978     6.6960     6.6972     6.6960     6.6960 
User CPU time              1.1599     0.8160     1.1386     0.8100     1.1485     0.7531     1.1214     0.7504     1.1265     0.7511     1.0934     0.7492     0.7146     0.7147     0.7145     0.7152 
Sys. CPU time              0.0011     0.0019     0.0019     0.0015     0.0013     0.0020     0.0020     0.0014     0.0013     0.0020     0.0019     0.0014     0.0010     0.0015     0.0014     0.0010 
Processors                     16         16         16         16         16         16         16         16         16         16         16         16         16         16         16         16 
           Communication          
Reduction                  5.5033     4.7093     3.5893     2.8037     4.3775     3.6453     2.4898     1.7646     3.2726     2.5426     1.4194     0.6958     2.5743     1.8444     0.7216     0.0003 
Shadow                     0.0105     1.1372     1.9338     3.0548     1.1464     2.2630     3.0498     4.1543     2.2726     3.3677     4.1494     5.2248     3.3861     4.1093     5.2334     5.9594 
           Synchronization        
Reduction                  0.0001     0.0001     0.0001     0.0002     0.0000     0.0001     0.0000     0.0001     0.0000     0.0001     0.0000     0.0002     0.0001     0.0001     0.0002     0.0002 
Shadow                     5.5147     4.7108     3.5951     2.8108     4.3881     3.6459     2.4950     1.7708     3.2834     2.5435     1.4243     0.7026     2.6063     1.8717     0.7509     0.0344 
           Variation              
Reduction                  0.0001     0.0001     0.0001     0.0001     0.0000     0.0001     0.0000     0.0001     0.0000     0.0001     0.0000     0.0002     0.0001     0.0001     0.0002     0.0002 
Shadow                    11.4470     9.5155     7.6026     5.6992     9.1850     7.3243     5.3865     3.5600     6.9543     5.1169     3.2159     1.4212     5.1635     3.7053     1.4603     0.0186 
           Overlap                
Reduction                  0.0000     0.0000     0.0000     0.0000     0.0000     0.0000     0.0000     0.0000     0.0000     0.0000     0.0000     0.0000     0.0000     0.0000     0.0000     0.0000 
Shadow                     0.0002     0.0002     0.0000     0.0000     0.0004     0.0004     0.0000     0.0000     0.0003     0.0003     0.0000     0.0000     0.0000     0.0000     0.0000     0.0000 


-------------------------------------------------------------------------
INTERVAL ( NLINE=37 SOURCE=sor.c ) LEVEL=1 SEQ EXE_COUNT=1
--- The main characteristics --- 
Parallelization efficiency      0.1301 
Execution time                  6.6650 
Processors                          16
Threads amount                      16
Total time                    106.6402
Productive time                13.8739 ( CPU= 13.8597 Sys= 0.0143 I/O= 0.0000 )
Lost  time                     92.7663 
   Insufficient parallelism     0.2569 ( User= 0.0430 Sys= 0.2139 )
   Communication               92.4062 ( Real_sync= 0.0000 Starts= 0.0000 )
   Idle time                    0.1032
Load imbalance                  4.2448
Synchronization                42.1499
Time variation                 86.7778
Overlap                         0.0019
                  Nop   Communic    Synchro  Variation    Overlap 
Reduction          20    41.9538     0.0017     0.0016     0.0001 
Shadow             60    50.4524    42.1482    86.7762     0.0018 
--- The comparative characteristics --- 
                              Tmin N proc      Tmax N proc      Tmid
Lost time                   5.5326     1     5.9696    13     5.7979 
User insufficient par.      0.0023    13     0.0031     1     0.0027 
Sys.insufficient par.       0.0067    16     0.0195     7     0.0134 
Idle time                   0.0000    13     0.0090    12     0.0065 
Communication               5.5139     1     5.9603    13     5.7754 
Synchronization             0.0346    16     5.5148     1     2.6344 
Variation                   0.0189    16    11.4471     1     5.4236 
Overlap                     0.0000     4     0.0004     5     0.0001 
Load imbalance              0.0000     1     0.4370    13     0.2653 
Execution time              6.6560    12     6.6650    13     6.6586 
User CPU time               0.6948    15     1.1319     1     0.8662 
Sys. CPU time               0.0004    16     0.0013     7     0.0009 
Processors                      16     1         16    16         16 
                      Communic          Synchro        Variation          Overlap  
Reduction       Tmin    0.0003    16     0.0000     9     0.0000     5     0.0000     2 
Reduction       Tmax    5.5033     1     0.0002    16     0.0002    16     0.0000     9 
Reduction       Tmid    2.6221           0.0001           0.0001           0.0000       
Shadow          Tmin    0.0105     1     0.0344    16     0.0186    16     0.0000     3 
Shadow          Tmax    5.9594    16     5.5147     1    11.4470     1     0.0004     6 
Shadow          Tmid    3.1533           2.6343           5.4235           0.0001       
--- The execution characteristics --- 
                                1          2          3          4          5          6          7          8          9         10         11         12         13         14         15         16 
Lost time                  5.5326     5.8760     5.5534     5.8824     5.5440     5.9390     5.5705     5.9421     5.5659     5.9408     5.5984     5.9437     5.9696     5.9693     5.9694     5.9693 
User insufficient par.     0.0031     0.0027     0.0027     0.0028     0.0026     0.0028     0.0029     0.0030     0.0027     0.0027     0.0028     0.0026     0.0023     0.0023     0.0024     0.0025 
Sys.insufficient par.      0.0072     0.0183     0.0189     0.0125     0.0090     0.0193     0.0195     0.0116     0.0097     0.0192     0.0184     0.0115     0.0069     0.0132     0.0120     0.0067 
Idle time                  0.0084     0.0085     0.0086     0.0086     0.0085     0.0087     0.0086     0.0085     0.0084     0.0085     0.0084     0.0090     0.0000     0.0001     0.0001     0.0003 
Communication              5.5139     5.8464     5.5231     5.8586     5.5239     5.9083     5.5396     5.9189     5.5451     5.9103     5.5688     5.9206     5.9603     5.9536     5.9550     5.9597 
Synchronization            5.5148     4.7109     3.5952     2.8109     4.3881     3.6460     2.4950     1.7710     3.2834     2.5436     1.4243     0.7027     2.6064     1.8718     0.7511     0.0346 
Variation                 11.4471     9.5156     7.6027     5.6994     9.1850     7.3244     5.3865     3.5601     6.9543     5.1170     3.2159     1.4214     5.1636     3.7055     1.4605     0.0189 
Overlap                    0.0002     0.0002     0.0000     0.0000     0.0004     0.0004     0.0000     0.0000     0.0004     0.0003     0.0001     0.0000     0.0000     0.0000     0.0000     0.0000 
Load imbalance             0.0000     0.3434     0.0208     0.3498     0.0114     0.4064     0.0379     0.4095     0.0333     0.4082     0.0658     0.4111     0.4370     0.4367     0.4368     0.4367 
Execution time             6.6566     6.6565     6.6564     6.6565     6.6565     6.6563     6.6565     6.6565     6.6566     6.6565     6.6567     6.6560     6.6650     6.6649     6.6649     6.6647 
User CPU time              1.1319     0.7878     1.1103     0.7818     1.1204     0.7247     1.0932     0.7222     1.0984     0.7230     1.0654     0.7206     0.6949     0.6949     0.6948     0.6953 
Sys. CPU time              0.0005     0.0012     0.0013     0.0008     0.0006     0.0013     0.0013     0.0008     0.0006     0.0013     0.0012     0.0008     0.0005     0.0009     0.0008     0.0004 
Processors                     16         16         16         16         16         16         16         16         16         16         16         16         16         16         16         16 
           Communication          
Reduction                  5.5033     4.7093     3.5893     2.8037     4.3775     3.6453     2.4898     1.7646     3.2726     2.5426     1.4194     0.6958     2.5743     1.8444     0.7216     0.0003 
Shadow                     0.0105     1.1372     1.9338     3.0548     1.1464     2.2630     3.0498     4.1543     2.2726     3.3677     4.1494     5.2248     3.3861     4.1093     5.2334     5.9594 
           Synchronization        
Reduction                  0.0001     0.0001     0.0001     0.0002     0.0000     0.0001     0.0000     0.0001     0.0000     0.0001     0.0000     0.0002     0.0001     0.0001     0.0002     0.0002 
Shadow                     5.5147     4.7108     3.5951     2.8108     4.3881     3.6459     2.4950     1.7708     3.2834     2.5435     1.4243     0.7026     2.6063     1.8717     0.7509     0.0344 
           Variation              
Reduction                  0.0001     0.0001     0.0001     0.0001     0.0000     0.0001     0.0000     0.0001     0.0000     0.0001     0.0000     0.0002     0.0001     0.0001     0.0002     0.0002 
Shadow                    11.4470     9.5155     7.6026     5.6992     9.1850     7.3243     5.3865     3.5600     6.9543     5.1169     3.2159     1.4212     5.1635     3.7053     1.4603     0.0186 
           Overlap                
Reduction                  0.0000     0.0000     0.0000     0.0000     0.0000     0.0000     0.0000     0.0000     0.0000     0.0000     0.0000     0.0000     0.0000     0.0000     0.0000     0.0000 
Shadow                     0.0002     0.0002     0.0000     0.0000     0.0004     0.0004     0.0000     0.0000     0.0003     0.0003     0.0000     0.0000     0.0000     0.0000     0.0000     0.0000 


-------------------------------------------------------------------------
Name (number) and performance time of processors
DVM(1) 1.029404
DVM(2) 1.029517
DVM(3) 1.028657
DVM(4) 1.029228
DVM(5) 1.028842
DVM(6) 1.028832
DVM(7) 1.028776
DVM(8) 1.028781
DVM(9) 1.028757
DVM(10) 1.028807
DVM(11) 1.028800
DVM(12) 1.028774
DVM(13) 1.028646
DVM(14) 1.028686
DVM(15) 1.029461
DVM(16) 1.029470
min - DVM(13) 1.028646; max - DVM(2) 1.029517; mid - 1.028965
