Processor system=9*2
Statistics has been accumulated on DVM-system version 5.0, platform DVM
Analyzer is executing on DVM-system version 5.0, platform DVM
-------------------------------------------------------------------------
INTERVAL ( NLINE=20 SOURCE=jac2d.c ) LEVEL=0  EXE_COUNT=2
--- The main characteristics --- 
Parallelization efficiency      0.5880 
Execution time                  7.6203 
Processors                          18
Threads amount                      18
Total time                    137.1651
Productive time                80.6574 ( CPU= 80.6052 Sys= 0.0522 I/O= 0.0000 )
Lost  time                     56.5077 
   Insufficient parallelism    52.7411 ( User= 51.8535 Sys= 0.8876 )
   Communication                3.7146 ( Real_sync= 0.0000 Starts= 0.0000 )
   Idle time                    0.0520
Load imbalance                  3.7818
Synchronization                 0.0335
Time variation                  0.0338
Overlap                         0.0001
                  Nop   Communic    Synchro  Variation    Overlap 
Reduction          20     3.6457     0.0012     0.0012     0.0001 
Shadow             20     0.0689     0.0323     0.0326     0.0000 
--- The comparative characteristics --- 
                              Tmin N proc      Tmax N proc      Tmid
Lost time                   2.9292     2     4.5381    17     3.1393 
User insufficient par.      2.8738     7     2.9159    17     2.8808 
Sys.insufficient par.       0.0393    17     0.0535    10     0.0493 
Idle time                   0.0000    11     0.0072    17     0.0029 
Communication               0.0041     4     1.5757    17     0.2064 
Synchronization             0.0004    10     0.0071    18     0.0019 
Variation                   0.0006    10     0.0042     1     0.0019 
Overlap                     0.0000     1     0.0000    15     0.0000 
Load imbalance              0.0000     2     1.6089    17     0.2101 
Execution time              7.6130    17     7.6203    11     7.6174 
User CPU time               3.0799    17     4.6882     2     4.4781 
Sys. CPU time               0.0023    17     0.0031    10     0.0029 
Processors                      18     1         18    18         18 
                      Communic          Synchro        Variation          Overlap  
Reduction       Tmin    0.0006     4     0.0000    10     0.0000    10     0.0000     1 
Reduction       Tmax    1.5692    17     0.0001     2     0.0001     4     0.0000    15 
Reduction       Tmid    0.2025           0.0001           0.0001           0.0000       
Shadow          Tmin    0.0026     2     0.0004    10     0.0005    10     0.0000     1 
Shadow          Tmax    0.0066    18     0.0070    18     0.0041     1     0.0000    10 
Shadow          Tmid    0.0038           0.0018           0.0018           0.0000       
--- The execution characteristics --- 
                                1          2          3          4          5          6          7          8          9         10         11         12         13         14         15         16         17         18 
Lost time                  2.9321     2.9292     2.9308     2.9307     2.9336     2.9369     2.9373     2.9408     2.9770     2.9833     2.9656     2.9708     2.9645     2.9692     3.0682     3.0752     4.5381     4.5244 
User insufficient par.     2.8762     2.8752     2.8754     2.8743     2.8742     2.8742     2.8738     2.8775     2.8773     2.8827     2.8765     2.8758     2.8747     2.8745     2.8776     2.8832     2.9159     2.9147 
Sys.insufficient par.      0.0486     0.0489     0.0499     0.0500     0.0507     0.0502     0.0502     0.0510     0.0526     0.0535     0.0514     0.0512     0.0484     0.0512     0.0505     0.0501     0.0393     0.0400 
Idle time                  0.0027     0.0008     0.0008     0.0023     0.0019     0.0039     0.0035     0.0004     0.0016     0.0000     0.0000     0.0012     0.0052     0.0031     0.0047     0.0056     0.0072     0.0072 
Communication              0.0046     0.0044     0.0048     0.0041     0.0068     0.0086     0.0097     0.0119     0.0456     0.0472     0.0377     0.0426     0.0363     0.0404     0.1354     0.1364     1.5757     1.5624 
Synchronization            0.0034     0.0032     0.0013     0.0012     0.0010     0.0013     0.0012     0.0013     0.0008     0.0004     0.0007     0.0008     0.0007     0.0008     0.0007     0.0007     0.0070     0.0071 
Variation                  0.0042     0.0041     0.0020     0.0019     0.0015     0.0014     0.0016     0.0018     0.0008     0.0006     0.0011     0.0012     0.0009     0.0007     0.0012     0.0011     0.0038     0.0037 
Overlap                    0.0000     0.0000     0.0000     0.0000     0.0000     0.0000     0.0000     0.0000     0.0000     0.0000     0.0000     0.0000     0.0000     0.0000     0.0000     0.0000     0.0000     0.0000 
Load imbalance             0.0029     0.0000     0.0016     0.0015     0.0044     0.0077     0.0081     0.0116     0.0478     0.0541     0.0363     0.0416     0.0353     0.0400     0.1389     0.1460     1.6089     1.5951 
Execution time             7.6176     7.6195     7.6195     7.6180     7.6183     7.6164     7.6168     7.6199     7.6187     7.6203     7.6203     7.6191     7.6151     7.6172     7.6156     7.6147     7.6130     7.6130 
User CPU time              4.6853     4.6882     4.6865     4.6866     4.6837     4.6805     4.6800     4.6765     4.6402     4.6338     4.6517     4.6465     4.6529     4.6481     4.5492     4.5421     3.0799     3.0936 
Sys. CPU time              0.0029     0.0029     0.0029     0.0029     0.0030     0.0030     0.0030     0.0030     0.0031     0.0031     0.0030     0.0030     0.0028     0.0030     0.0030     0.0029     0.0023     0.0024 
Processors                     18         18         18         18         18         18         18         18         18         18         18         18         18         18         18         18         18         18 
           Communication          
Reduction                  0.0019     0.0018     0.0013     0.0006     0.0033     0.0050     0.0061     0.0085     0.0419     0.0434     0.0341     0.0390     0.0324     0.0365     0.1320     0.1330     1.5692     1.5558 
Shadow                     0.0027     0.0026     0.0035     0.0035     0.0035     0.0036     0.0036     0.0034     0.0037     0.0038     0.0036     0.0037     0.0039     0.0038     0.0034     0.0034     0.0065     0.0066 
           Synchronization        
Reduction                  0.0001     0.0001     0.0001     0.0001     0.0001     0.0001     0.0001     0.0001     0.0001     0.0000     0.0000     0.0000     0.0000     0.0001     0.0000     0.0000     0.0000     0.0000 
Shadow                     0.0033     0.0031     0.0013     0.0011     0.0009     0.0012     0.0011     0.0012     0.0007     0.0004     0.0006     0.0008     0.0006     0.0008     0.0007     0.0006     0.0069     0.0070 
           Variation              
Reduction                  0.0001     0.0001     0.0001     0.0001     0.0001     0.0001     0.0001     0.0001     0.0001     0.0000     0.0000     0.0000     0.0001     0.0001     0.0000     0.0000     0.0000     0.0000 
Shadow                     0.0041     0.0040     0.0019     0.0019     0.0014     0.0013     0.0015     0.0017     0.0007     0.0005     0.0010     0.0012     0.0009     0.0007     0.0012     0.0011     0.0038     0.0037 
           Overlap                
Reduction                  0.0000     0.0000     0.0000     0.0000     0.0000     0.0000     0.0000     0.0000     0.0000     0.0000     0.0000     0.0000     0.0000     0.0000     0.0000     0.0000     0.0000     0.0000 
Shadow                     0.0000     0.0000     0.0000     0.0000     0.0000     0.0000     0.0000     0.0000     0.0000     0.0000     0.0000     0.0000     0.0000     0.0000     0.0000     0.0000     0.0000     0.0000 


-------------------------------------------------------------------------
Name (number) and performance time of processors
DVM(1) 1.030152
DVM(2) 1.030054
DVM(3) 1.030282
DVM(4) 1.030301
DVM(5) 1.030579
DVM(6) 1.030563
DVM(7) 1.030518
DVM(8) 1.030519
DVM(9) 1.030713
DVM(10) 1.030707
DVM(11) 1.030129
DVM(12) 1.030115
DVM(13) 1.030439
DVM(14) 1.030398
DVM(15) 1.030033
DVM(16) 1.030033
DVM(17) 1.030124
DVM(18) 1.030201
min - DVM(16) 1.030033; max - DVM(9) 1.030713; mid - 1.030325
