Processor system=5*3
Statistics has been accumulated on DVM-system version 5.0, platform DVM
Analyzer is executing on DVM-system version 5.0, platform DVM
-------------------------------------------------------------------------
INTERVAL ( NLINE=20 SOURCE=jac2d.c ) LEVEL=0  EXE_COUNT=1
--- The main characteristics --- 
Parallelization efficiency      0.6213 
Execution time                  7.0623 
Processors                          15
Threads amount                      15
Total time                    105.9352
Productive time                65.8137 ( CPU= 65.7621 Sys= 0.0516 I/O= 0.0000 )
Lost  time                     40.1216 
   Insufficient parallelism    35.0661 ( User= 34.3437 Sys= 0.7225 )
   Communication                5.0354 ( Real_sync= 0.0000 Starts= 0.0000 )
   Idle time                    0.0200
Load imbalance                  5.0787
Synchronization                 0.1257
Time variation                  0.1231
Overlap                         0.0001
                  Nop   Communic    Synchro  Variation    Overlap 
Reduction          20     4.9726     0.0012     0.0011     0.0001 
Shadow             20     0.0628     0.1245     0.1221     0.0000 
--- The comparative characteristics --- 
                              Tmin N proc      Tmax N proc      Tmid
Lost time                   2.3362     7     3.3537    13     2.6748 
User insufficient par.      2.2795     2     2.3087    14     2.2896 
Sys.insufficient par.       0.0404    12     0.0570     5     0.0482 
Idle time                   0.0000    10     0.0016     3     0.0013 
Communication               0.0048     5     1.0033    13     0.3357 
Synchronization             0.0003     5     0.0136    15     0.0084 
Variation                   0.0001     5     0.0155    15     0.0082 
Overlap                     0.0000     1     0.0000     5     0.0000 
Load imbalance              0.0000     7     1.0175    13     0.3386 
Execution time              7.0607     3     7.0623    10     7.0610 
User CPU time               3.7057    13     4.7227     7     4.3841 
Sys. CPU time               0.0029    12     0.0041     5     0.0034 
Processors                      15     1         15    15         15 
                      Communic          Synchro        Variation          Overlap  
Reduction       Tmin    0.0008     5     0.0001    11     0.0001    11     0.0000     1 
Reduction       Tmax    0.9981    13     0.0001     5     0.0001     4     0.0000    14 
Reduction       Tmid    0.3315           0.0001           0.0001           0.0000       
Shadow          Tmin    0.0016    14     0.0002     5     0.0000     5     0.0000     1 
Shadow          Tmax    0.0098    11     0.0135    15     0.0154    15     0.0000     5 
Shadow          Tmid    0.0042           0.0083           0.0081           0.0000       
--- The execution characteristics --- 
                                1          2          3          4          5          6          7          8          9         10         11         12         13         14         15 
Lost time                  2.3372     2.3441     2.3388     2.3373     2.3434     2.3420     2.3362     2.3433     2.3544     2.3519     3.3318     3.3362     3.3537     3.3465     3.3248 
User insufficient par.     2.2826     2.2795     2.2804     2.2798     2.2801     2.2795     2.2796     2.2812     2.2816     2.2862     2.3053     2.3057     2.3077     2.3087     2.3061 
Sys.insufficient par.      0.0480     0.0546     0.0480     0.0499     0.0570     0.0504     0.0487     0.0548     0.0509     0.0515     0.0435     0.0404     0.0411     0.0425     0.0411 
Idle time                  0.0004     0.0016     0.0016     0.0016     0.0016     0.0016     0.0016     0.0008     0.0016     0.0000     0.0015     0.0016     0.0016     0.0016     0.0016 
Communication              0.0062     0.0085     0.0087     0.0060     0.0048     0.0106     0.0063     0.0065     0.0203     0.0143     0.9814     0.9885     1.0033     0.9938     0.9761 
Synchronization            0.0087     0.0029     0.0092     0.0077     0.0003     0.0084     0.0083     0.0012     0.0082     0.0080     0.0113     0.0133     0.0132     0.0116     0.0136 
Variation                  0.0115     0.0038     0.0064     0.0091     0.0001     0.0041     0.0109     0.0020     0.0056     0.0098     0.0052     0.0125     0.0126     0.0139     0.0155 
Overlap                    0.0000     0.0000     0.0000     0.0000     0.0000     0.0000     0.0000     0.0000     0.0000     0.0000     0.0000     0.0000     0.0000     0.0000     0.0000 
Load imbalance             0.0010     0.0079     0.0026     0.0011     0.0072     0.0059     0.0000     0.0071     0.0182     0.0158     0.9956     1.0000     1.0175     1.0103     0.9886 
Execution time             7.0620     7.0608     7.0607     7.0608     7.0608     7.0608     7.0608     7.0616     7.0608     7.0623     7.0608     7.0608     7.0608     7.0608     7.0608 
User CPU time              4.7217     4.7144     4.7202     4.7215     4.7149     4.7167     4.7227     4.7151     4.7043     4.7067     3.7274     3.7233     3.7057     3.7128     3.7346 
Sys. CPU time              0.0034     0.0039     0.0034     0.0036     0.0041     0.0036     0.0035     0.0039     0.0036     0.0037     0.0031     0.0029     0.0029     0.0030     0.0029 
Processors                     15         15         15         15         15         15         15         15         15         15         15         15         15         15         15 
           Communication          
Reduction                  0.0042     0.0052     0.0028     0.0035     0.0008     0.0036     0.0044     0.0029     0.0141     0.0122     0.9716     0.9833     0.9981     0.9922     0.9736 
Shadow                     0.0019     0.0033     0.0060     0.0025     0.0040     0.0070     0.0019     0.0037     0.0062     0.0020     0.0098     0.0053     0.0052     0.0016     0.0025 
           Synchronization        
Reduction                  0.0001     0.0001     0.0001     0.0001     0.0001     0.0001     0.0001     0.0001     0.0001     0.0001     0.0001     0.0001     0.0001     0.0001     0.0001 
Shadow                     0.0086     0.0028     0.0091     0.0076     0.0002     0.0083     0.0082     0.0012     0.0081     0.0079     0.0112     0.0132     0.0132     0.0115     0.0135 
           Variation              
Reduction                  0.0001     0.0001     0.0001     0.0001     0.0001     0.0001     0.0001     0.0001     0.0001     0.0001     0.0001     0.0001     0.0001     0.0001     0.0001 
Shadow                     0.0114     0.0038     0.0063     0.0090     0.0000     0.0040     0.0109     0.0020     0.0055     0.0098     0.0052     0.0125     0.0125     0.0139     0.0154 
           Overlap                
Reduction                  0.0000     0.0000     0.0000     0.0000     0.0000     0.0000     0.0000     0.0000     0.0000     0.0000     0.0000     0.0000     0.0000     0.0000     0.0000 
Shadow                     0.0000     0.0000     0.0000     0.0000     0.0000     0.0000     0.0000     0.0000     0.0000     0.0000     0.0000     0.0000     0.0000     0.0000     0.0000 


-------------------------------------------------------------------------
Name (number) and performance time of processors
DVM(1) 1.030272
DVM(2) 1.029995
DVM(3) 1.030391
DVM(4) 1.030381
DVM(5) 1.030071
DVM(6) 1.030063
DVM(7) 1.030124
DVM(8) 1.030147
DVM(9) 1.030000
DVM(10) 1.030053
DVM(11) 1.030200
DVM(12) 1.030232
DVM(13) 1.030245
DVM(14) 1.030243
DVM(15) 0.518877
min - DVM(15) 0.518877; max - DVM(3) 1.030391; mid - 0.996086
