Processor system=8*2
Statistics has been accumulated on DVM-system version 5.0, platform DVM
Analyzer is executing on DVM-system version 5.0, platform DVM
-------------------------------------------------------------------------
INTERVAL ( NLINE=20 SOURCE=jac2d.c ) LEVEL=0  EXE_COUNT=1
--- The main characteristics --- 
Parallelization efficiency      0.5698 
Execution time                  7.7057 
Processors                          16
Threads amount                      16
Total time                    123.2908
Productive time                70.2458 ( CPU= 70.1956 Sys= 0.0503 I/O= 0.0000 )
Lost  time                     53.0450 
   Insufficient parallelism    47.7896 ( User= 47.0357 Sys= 0.7539 )
   Communication                5.2159 ( Real_sync= 0.0000 Starts= 0.0000 )
   Idle time                    0.0395
Load imbalance                  5.2602
Synchronization                 0.0447
Time variation                  0.0511
Overlap                         0.0001
                  Nop   Communic    Synchro  Variation    Overlap 
Reduction          20     5.1562     0.0008     0.0008     0.0000 
Shadow             20     0.0596     0.0438     0.0503     0.0000 
--- The comparative characteristics --- 
                              Tmin N proc      Tmax N proc      Tmid
Lost time                   2.9865     4     4.2825    15     3.3153 
User insufficient par.      2.9300     8     2.9665    15     2.9397 
Sys.insufficient par.       0.0387    16     0.0523    10     0.0471 
Idle time                   0.0000     9     0.0054    15     0.0025 
Communication               0.0045     4     1.2740    14     0.3260 
Synchronization             0.0005     8     0.0075    16     0.0028 
Variation                   0.0008     8     0.0102    15     0.0032 
Overlap                     0.0000     1     0.0000    16     0.0000 
Load imbalance              0.0000     4     1.2960    15     0.3288 
Execution time              7.7003    15     7.7057     9     7.7032 
User CPU time               3.4205    15     4.7158     4     4.3872 
Sys. CPU time               0.0026    16     0.0035    10     0.0031 
Processors                      16     1         16    16         16 
                      Communic          Synchro        Variation          Overlap  
Reduction       Tmin    0.0007     4     0.0000    16     0.0000    16     0.0000     1 
Reduction       Tmax    1.2689    15     0.0001     1     0.0001    12     0.0000    16 
Reduction       Tmid    0.3223           0.0001           0.0000           0.0000       
Shadow          Tmin    0.0015    16     0.0005     8     0.0007     8     0.0000     1 
Shadow          Tmax    0.0065    14     0.0075    16     0.0101    15     0.0000     9 
Shadow          Tmid    0.0037           0.0027           0.0031           0.0000       
--- The execution characteristics --- 
                                1          2          3          4          5          6          7          8          9         10         11         12         13         14         15         16 
Lost time                  2.9870     2.9872     2.9896     2.9865     2.9909     2.9953     2.9943     2.9970     3.0153     3.0262     3.0090     3.0074     4.2544     4.2812     4.2825     4.2413 
User insufficient par.     2.9336     2.9317     2.9302     2.9309     2.9316     2.9306     2.9301     2.9300     2.9337     2.9389     2.9316     2.9313     2.9614     2.9621     2.9665     2.9615 
Sys.insufficient par.      0.0476     0.0478     0.0494     0.0495     0.0496     0.0494     0.0491     0.0499     0.0510     0.0523     0.0499     0.0504     0.0394     0.0398     0.0402     0.0387 
Idle time                  0.0004     0.0004     0.0023     0.0016     0.0008     0.0027     0.0035     0.0031     0.0000     0.0000     0.0020     0.0012     0.0054     0.0054     0.0054     0.0054 
Communication              0.0054     0.0073     0.0077     0.0045     0.0090     0.0125     0.0115     0.0140     0.0306     0.0349     0.0256     0.0245     1.2482     1.2740     1.2705     1.2357 
Synchronization            0.0033     0.0033     0.0010     0.0009     0.0011     0.0012     0.0010     0.0005     0.0007     0.0008     0.0013     0.0008     0.0068     0.0068     0.0075     0.0075 
Variation                  0.0048     0.0049     0.0015     0.0014     0.0013     0.0013     0.0008     0.0008     0.0009     0.0009     0.0016     0.0013     0.0047     0.0044     0.0102     0.0101 
Overlap                    0.0000     0.0000     0.0000     0.0000     0.0000     0.0000     0.0000     0.0000     0.0000     0.0000     0.0000     0.0000     0.0000     0.0000     0.0000     0.0000 
Load imbalance             0.0004     0.0006     0.0030     0.0000     0.0044     0.0087     0.0077     0.0105     0.0287     0.0396     0.0225     0.0208     1.2679     1.2946     1.2960     1.2547 
Execution time             7.7053     7.7053     7.7033     7.7041     7.7049     7.7030     7.7022     7.7026     7.7057     7.7057     7.7037     7.7045     7.7003     7.7003     7.7003     7.7003 
User CPU time              4.7156     4.7153     4.7128     4.7158     4.7114     4.7071     4.7081     4.7053     4.6870     4.6760     4.6933     4.6949     3.4486     3.4219     3.4205     3.4618 
Sys. CPU time              0.0032     0.0032     0.0033     0.0033     0.0033     0.0033     0.0033     0.0033     0.0034     0.0035     0.0033     0.0034     0.0026     0.0027     0.0027     0.0026 
Processors                     16         16         16         16         16         16         16         16         16         16         16         16         16         16         16         16 
           Communication          
Reduction                  0.0026     0.0049     0.0041     0.0007     0.0050     0.0087     0.0075     0.0100     0.0267     0.0309     0.0220     0.0208     1.2420     1.2675     1.2689     1.2342 
Shadow                     0.0027     0.0024     0.0036     0.0039     0.0040     0.0038     0.0040     0.0041     0.0039     0.0041     0.0036     0.0037     0.0063     0.0065     0.0016     0.0015 
           Synchronization        
Reduction                  0.0001     0.0001     0.0001     0.0001     0.0001     0.0001     0.0001     0.0001     0.0001     0.0000     0.0001     0.0001     0.0000     0.0000     0.0000     0.0000 
Shadow                     0.0033     0.0033     0.0009     0.0008     0.0011     0.0011     0.0009     0.0005     0.0007     0.0008     0.0013     0.0008     0.0068     0.0068     0.0075     0.0075 
           Variation              
Reduction                  0.0001     0.0001     0.0001     0.0001     0.0001     0.0001     0.0001     0.0001     0.0001     0.0000     0.0001     0.0001     0.0000     0.0000     0.0000     0.0000 
Shadow                     0.0048     0.0049     0.0014     0.0014     0.0013     0.0012     0.0008     0.0007     0.0009     0.0009     0.0015     0.0012     0.0046     0.0044     0.0101     0.0101 
           Overlap                
Reduction                  0.0000     0.0000     0.0000     0.0000     0.0000     0.0000     0.0000     0.0000     0.0000     0.0000     0.0000     0.0000     0.0000     0.0000     0.0000     0.0000 
Shadow                     0.0000     0.0000     0.0000     0.0000     0.0000     0.0000     0.0000     0.0000     0.0000     0.0000     0.0000     0.0000     0.0000     0.0000     0.0000     0.0000 


-------------------------------------------------------------------------
Name (number) and performance time of processors
DVM(1) 1.030500
DVM(2) 1.030334
DVM(3) 1.030713
DVM(4) 1.030688
DVM(5) 1.030353
DVM(6) 1.030335
DVM(7) 1.030221
DVM(8) 1.030186
DVM(9) 1.030353
DVM(10) 1.030316
DVM(11) 1.030254
DVM(12) 1.030244
DVM(13) 1.029902
DVM(14) 1.029841
DVM(15) 1.030311
DVM(16) 1.030276
min - DVM(14) 1.029841; max - DVM(3) 1.030713; mid - 1.030302
