Processor system=2*8
Statistics has been accumulated on DVM-system version 5.0, platform DVM
Analyzer is executing on DVM-system version 5.0, platform DVM
-------------------------------------------------------------------------
INTERVAL ( NLINE=20 SOURCE=jac2d.c ) LEVEL=0  EXE_COUNT=1
--- The main characteristics --- 
Parallelization efficiency      0.3777 
Execution time                 12.5367 
Processors                          16
Threads amount                      16
Total time                    200.5876
Productive time                75.7569 ( CPU= 75.6866 Sys= 0.0703 I/O= 0.0000 )
Lost  time                    124.8307 
   Insufficient parallelism   120.4694 ( User= 119.4147 Sys= 1.0547 )
   Communication                4.3174 ( Real_sync= 0.0000 Starts= 0.0000 )
   Idle time                    0.0439
Load imbalance                  4.3225
Synchronization                 0.1565
Time variation                  0.3144
Overlap                         0.0001
                  Nop   Communic    Synchro  Variation    Overlap 
Reduction          20     4.2390     0.0011     0.0010     0.0001 
Shadow             20     0.0784     0.1554     0.3134     0.0000 
--- The comparative characteristics --- 
                              Tmin N proc      Tmax N proc      Tmid
Lost time                   7.5318     3     8.5891    14     7.8019 
User insufficient par.      7.4542     3     7.4833    14     7.4634 
Sys.insufficient par.       0.0498    16     0.0877     7     0.0659 
Idle time                   0.0000     2     0.0057    16     0.0027 
Communication               0.0044     4     1.0441    14     0.2698 
Synchronization             0.0001     7     0.0209    16     0.0098 
Variation                   0.0001     7     0.0335     1     0.0196 
Overlap                     0.0000     1     0.0000     7     0.0000 
Load imbalance              0.0000     3     1.0573    14     0.2702 
Execution time             12.5310    16    12.5367     2    12.5340 
User CPU time               3.9439    14     5.0004     3     4.7304 
Sys. CPU time               0.0033    16     0.0058     7     0.0044 
Processors                      16     1         16    16         16 
                      Communic          Synchro        Variation          Overlap  
Reduction       Tmin    0.0015     4     0.0000    16     0.0000    16     0.0000     1 
Reduction       Tmax    1.0380    14     0.0001     5     0.0001     2     0.0000    16 
Reduction       Tmid    0.2649           0.0001           0.0001           0.0000       
Shadow          Tmin    0.0015     1     0.0000     7     0.0000     7     0.0000     1 
Shadow          Tmax    0.0170     8     0.0209    16     0.0334     1     0.0000     7 
Shadow          Tmid    0.0049           0.0097           0.0196           0.0000       
--- The execution characteristics --- 
                                1          2          3          4          5          6          7          8          9         10         11         12         13         14         15         16 
Lost time                  7.5400     7.5399     7.5318     7.5320     7.5362     7.5386     7.5520     7.5474     7.5714     7.5651     7.5454     7.5527     8.5522     8.5891     8.5700     8.5669 
User insufficient par.     7.4599     7.4577     7.4542     7.4552     7.4568     7.4571     7.4568     7.4567     7.4636     7.4562     7.4567     7.4575     7.4809     7.4833     7.4793     7.4828 
Sys.insufficient par.      0.0571     0.0709     0.0683     0.0697     0.0694     0.0708     0.0877     0.0702     0.0587     0.0703     0.0704     0.0732     0.0553     0.0560     0.0570     0.0498 
Idle time                  0.0019     0.0000     0.0039     0.0027     0.0004     0.0004     0.0024     0.0016     0.0035     0.0031     0.0008     0.0012     0.0057     0.0057     0.0050     0.0057 
Communication              0.0211     0.0113     0.0053     0.0044     0.0096     0.0103     0.0052     0.0190     0.0456     0.0356     0.0174     0.0208     1.0103     1.0441     1.0288     1.0285 
Synchronization            0.0162     0.0053     0.0061     0.0053     0.0062     0.0049     0.0001     0.0167     0.0160     0.0045     0.0061     0.0042     0.0146     0.0147     0.0148     0.0209 
Variation                  0.0335     0.0180     0.0192     0.0179     0.0192     0.0180     0.0001     0.0048     0.0334     0.0182     0.0183     0.0158     0.0198     0.0251     0.0204     0.0327 
Overlap                    0.0000     0.0000     0.0000     0.0000     0.0000     0.0000     0.0000     0.0000     0.0000     0.0000     0.0000     0.0000     0.0000     0.0000     0.0000     0.0000 
Load imbalance             0.0083     0.0081     0.0000     0.0003     0.0044     0.0068     0.0203     0.0157     0.0396     0.0334     0.0136     0.0209     1.0204     1.0573     1.0383     1.0351 
Execution time            12.5348    12.5367    12.5329    12.5340    12.5363    12.5363    12.5344    12.5352    12.5332    12.5336    12.5359    12.5355    12.5310    12.5310    12.5317    12.5310 
User CPU time              4.9929     4.9921     5.0004     5.0001     4.9959     4.9934     4.9788     4.9846     4.9615     4.9669     4.9867     4.9792     3.9809     3.9439     3.9629     3.9665 
Sys. CPU time              0.0038     0.0047     0.0046     0.0046     0.0046     0.0047     0.0058     0.0047     0.0039     0.0047     0.0047     0.0049     0.0037     0.0037     0.0038     0.0033 
Processors                     16         16         16         16         16         16         16         16         16         16         16         16         16         16         16         16 
           Communication          
Reduction                  0.0196     0.0086     0.0027     0.0015     0.0070     0.0080     0.0026     0.0020     0.0440     0.0328     0.0145     0.0181     0.9994     1.0380     1.0180     1.0222 
Shadow                     0.0015     0.0027     0.0026     0.0029     0.0026     0.0023     0.0026     0.0170     0.0016     0.0028     0.0030     0.0027     0.0109     0.0061     0.0108     0.0063 
           Synchronization        
Reduction                  0.0001     0.0001     0.0001     0.0001     0.0001     0.0001     0.0001     0.0001     0.0001     0.0000     0.0001     0.0001     0.0000     0.0000     0.0000     0.0000 
Shadow                     0.0161     0.0052     0.0060     0.0052     0.0061     0.0048     0.0000     0.0166     0.0159     0.0044     0.0060     0.0041     0.0145     0.0147     0.0148     0.0209 
           Variation              
Reduction                  0.0001     0.0001     0.0001     0.0001     0.0001     0.0001     0.0001     0.0001     0.0001     0.0001     0.0001     0.0001     0.0000     0.0000     0.0000     0.0000 
Shadow                     0.0334     0.0180     0.0191     0.0179     0.0191     0.0179     0.0000     0.0047     0.0334     0.0181     0.0182     0.0157     0.0198     0.0250     0.0204     0.0327 
           Overlap                
Reduction                  0.0000     0.0000     0.0000     0.0000     0.0000     0.0000     0.0000     0.0000     0.0000     0.0000     0.0000     0.0000     0.0000     0.0000     0.0000     0.0000 
Shadow                     0.0000     0.0000     0.0000     0.0000     0.0000     0.0000     0.0000     0.0000     0.0000     0.0000     0.0000     0.0000     0.0000     0.0000     0.0000     0.0000 


-------------------------------------------------------------------------
Name (number) and performance time of processors
DVM(1) 1.030257
DVM(2) 1.030010
DVM(3) 1.030466
DVM(4) 1.030451
DVM(5) 1.030091
DVM(6) 1.030062
DVM(7) 1.030300
DVM(8) 1.030273
DVM(9) 1.030178
DVM(10) 1.030162
DVM(11) 1.029968
DVM(12) 1.029963
DVM(13) 1.030626
DVM(14) 1.030595
DVM(15) 1.030210
DVM(16) 1.030204
min - DVM(12) 1.029963; max - DVM(13) 1.030626; mid - 1.030238
