Processor system=6*3
Statistics has been accumulated on DVM-system version 5.0, platform DVM
Analyzer is executing on DVM-system version 5.0, platform DVM
-------------------------------------------------------------------------
INTERVAL ( NLINE=20 SOURCE=jac2d.c ) LEVEL=0  EXE_COUNT=2
--- The main characteristics --- 
Parallelization efficiency      0.5589 
Execution time                  8.0871 
Processors                          18
Threads amount                      18
Total time                    145.5685
Productive time                81.3524 ( CPU= 81.2978 Sys= 0.0545 I/O= 0.0000 )
Lost  time                     64.2161 
   Insufficient parallelism    60.7485 ( User= 59.8212 Sys= 0.9272 )
   Communication                3.4011 ( Real_sync= 0.0000 Starts= 0.0000 )
   Idle time                    0.0665
Load imbalance                  3.4414
Synchronization                 0.0808
Time variation                  0.0836
Overlap                         0.0001
                  Nop   Communic    Synchro  Variation    Overlap 
Reduction          20     3.3395     0.0010     0.0010     0.0001 
Shadow             20     0.0616     0.0797     0.0826     0.0000 
--- The comparative characteristics --- 
                              Tmin N proc      Tmax N proc      Tmid
Lost time                   3.3764     1     4.8350    17     3.5676 
User insufficient par.      3.3168     3     3.3547    17     3.3234 
Sys.insufficient par.       0.0414    18     0.0565    11     0.0515 
Idle time                   0.0000     8     0.0089    18     0.0037 
Communication               0.0034     2     1.4286    17     0.1890 
Synchronization             0.0005    11     0.0102    18     0.0045 
Variation                   0.0006    11     0.0086    18     0.0046 
Overlap                     0.0000     1     0.0000    14     0.0000 
Load imbalance              0.0000     1     1.4586    17     0.1912 
Execution time              8.0782    18     8.0871     8     8.0834 
User CPU time               3.2497    17     4.7079     1     4.5165 
Sys. CPU time               0.0024    18     0.0033    11     0.0030 
Processors                      18     1         18    18         18 
                      Communic          Synchro        Variation          Overlap  
Reduction       Tmin    0.0008     2     0.0000    18     0.0000    18     0.0000     1 
Reduction       Tmax    1.4216    17     0.0001     4     0.0001     3     0.0000    18 
Reduction       Tmid    0.1855           0.0001           0.0001           0.0000       
Shadow          Tmin    0.0016     1     0.0004     5     0.0005    11     0.0000     1 
Shadow          Tmax    0.0071    17     0.0102    18     0.0086    18     0.0000    11 
Shadow          Tmid    0.0034           0.0044           0.0046           0.0000       
--- The execution characteristics --- 
                                1          2          3          4          5          6          7          8          9         10         11         12         13         14         15         16         17         18 
Lost time                  3.3764     3.3775     3.3788     3.3766     3.3819     3.3838     3.3800     3.3835     3.4273     3.4409     3.4139     3.4178     3.4096     3.4195     3.5015     3.5062     4.8350     4.8062 
User insufficient par.     3.3175     3.3191     3.3168     3.3187     3.3189     3.3168     3.3204     3.3206     3.3185     3.3214     3.3188     3.3188     3.3197     3.3177     3.3200     3.3296     3.3547     3.3533 
Sys.insufficient par.      0.0488     0.0541     0.0512     0.0517     0.0563     0.0526     0.0509     0.0553     0.0513     0.0518     0.0565     0.0528     0.0510     0.0529     0.0531     0.0529     0.0427     0.0414 
Idle time                  0.0066     0.0008     0.0031     0.0019     0.0012     0.0035     0.0012     0.0000     0.0046     0.0072     0.0027     0.0023     0.0016     0.0078     0.0039     0.0004     0.0089     0.0089 
Communication              0.0035     0.0034     0.0077     0.0043     0.0055     0.0108     0.0076     0.0076     0.0529     0.0605     0.0360     0.0439     0.0373     0.0411     0.1245     0.1233     1.4286     1.4026 
Synchronization            0.0061     0.0025     0.0061     0.0047     0.0005     0.0053     0.0051     0.0013     0.0047     0.0043     0.0005     0.0051     0.0049     0.0008     0.0049     0.0055     0.0083     0.0102 
Variation                  0.0082     0.0031     0.0054     0.0062     0.0008     0.0040     0.0071     0.0012     0.0048     0.0058     0.0006     0.0041     0.0069     0.0012     0.0040     0.0071     0.0045     0.0086 
Overlap                    0.0000     0.0000     0.0000     0.0000     0.0000     0.0000     0.0000     0.0000     0.0000     0.0000     0.0000     0.0000     0.0000     0.0000     0.0000     0.0000     0.0000     0.0000 
Load imbalance             0.0000     0.0011     0.0024     0.0002     0.0055     0.0074     0.0037     0.0071     0.0509     0.0646     0.0375     0.0414     0.0332     0.0432     0.1251     0.1298     1.4586     1.4298 
Execution time             8.0806     8.0864     8.0840     8.0852     8.0860     8.0836     8.0860     8.0871     8.0826     8.0799     8.0844     8.0848     8.0856     8.0794     8.0832     8.0867     8.0782     8.0782 
User CPU time              4.7079     4.7065     4.7054     4.7075     4.7020     4.7003     4.7041     4.7004     4.6569     4.6431     4.6699     4.6663     4.6746     4.6645     4.5825     4.5778     3.2497     3.2785 
Sys. CPU time              0.0029     0.0032     0.0030     0.0030     0.0033     0.0031     0.0030     0.0033     0.0030     0.0030     0.0033     0.0031     0.0030     0.0031     0.0031     0.0031     0.0025     0.0024 
Processors                     18         18         18         18         18         18         18         18         18         18         18         18         18         18         18         18         18         18 
           Communication          
Reduction                  0.0019     0.0008     0.0037     0.0016     0.0024     0.0067     0.0054     0.0040     0.0492     0.0579     0.0327     0.0399     0.0351     0.0377     0.1202     0.1214     1.4216     1.3973 
Shadow                     0.0016     0.0026     0.0040     0.0027     0.0032     0.0042     0.0022     0.0036     0.0037     0.0026     0.0033     0.0041     0.0022     0.0034     0.0043     0.0019     0.0071     0.0052 
           Synchronization        
Reduction                  0.0001     0.0001     0.0001     0.0001     0.0001     0.0001     0.0001     0.0001     0.0000     0.0000     0.0001     0.0000     0.0000     0.0000     0.0000     0.0000     0.0000     0.0000 
Shadow                     0.0060     0.0024     0.0060     0.0046     0.0004     0.0053     0.0050     0.0013     0.0047     0.0043     0.0004     0.0050     0.0048     0.0007     0.0048     0.0055     0.0082     0.0102 
           Variation              
Reduction                  0.0001     0.0001     0.0001     0.0001     0.0001     0.0001     0.0001     0.0001     0.0000     0.0000     0.0001     0.0000     0.0001     0.0000     0.0000     0.0000     0.0000     0.0000 
Shadow                     0.0081     0.0031     0.0054     0.0061     0.0008     0.0039     0.0070     0.0011     0.0047     0.0057     0.0005     0.0041     0.0069     0.0011     0.0040     0.0071     0.0045     0.0086 
           Overlap                
Reduction                  0.0000     0.0000     0.0000     0.0000     0.0000     0.0000     0.0000     0.0000     0.0000     0.0000     0.0000     0.0000     0.0000     0.0000     0.0000     0.0000     0.0000     0.0000 
Shadow                     0.0000     0.0000     0.0000     0.0000     0.0000     0.0000     0.0000     0.0000     0.0000     0.0000     0.0000     0.0000     0.0000     0.0000     0.0000     0.0000     0.0000     0.0000 


-------------------------------------------------------------------------
Name (number) and performance time of processors
DVM(1) 1.030167
DVM(2) 1.029937
DVM(3) 1.030403
DVM(4) 1.030559
DVM(5) 1.030307
DVM(6) 1.030329
DVM(7) 1.030400
DVM(8) 1.030393
DVM(9) 1.030523
DVM(10) 1.030537
DVM(11) 1.030620
DVM(12) 1.030617
DVM(13) 1.030268
DVM(14) 1.030448
DVM(15) 1.030231
DVM(16) 1.030258
DVM(17) 1.030347
DVM(18) 1.031690
min - DVM(2) 1.029937; max - DVM(18) 1.031690; mid - 1.030446
