Processor system=2*9
Statistics has been accumulated on DVM-system version 5.0, platform DVM
Analyzer is executing on DVM-system version 5.0, platform DVM
-------------------------------------------------------------------------
INTERVAL ( NLINE=20 SOURCE=jac2d.c ) LEVEL=0  EXE_COUNT=2
--- The main characteristics --- 
Parallelization efficiency      0.6655 
Execution time                  6.6892 
Processors                          18
Threads amount                      18
Total time                    120.4053
Productive time                80.1305 ( CPU= 80.0603 Sys= 0.0702 I/O= 0.0000 )
Lost  time                     40.2748 
   Insufficient parallelism    37.1892 ( User= 35.9950 Sys= 1.1942 )
   Communication                3.0561 ( Real_sync= 0.0000 Starts= 0.0000 )
   Idle time                    0.0294
Load imbalance                  3.0524
Synchronization                 0.0773
Time variation                  0.0747
Overlap                         0.0001
                  Nop   Communic    Synchro  Variation    Overlap 
Reduction          20     2.9885     0.0010     0.0010     0.0000 
Shadow             20     0.0676     0.0763     0.0737     0.0000 
--- The comparative characteristics --- 
                              Tmin N proc      Tmax N proc      Tmid
Lost time                   2.0679     3     3.3740    17     2.2375 
User insufficient par.      1.9926     8     2.0341    18     1.9997 
Sys.insufficient par.       0.0496    18     0.0729    16     0.0663 
Idle time                   0.0000     6     0.0023    11     0.0016 
Communication               0.0039     3     1.2876    17     0.1698 
Synchronization             0.0009    14     0.0152    18     0.0043 
Variation                   0.0010    15     0.0150    18     0.0041 
Overlap                     0.0000     1     0.0000    18     0.0000 
Load imbalance              0.0000     3     1.3061    17     0.1696 
Execution time              6.6869    11     6.6892     6     6.6875 
User CPU time               3.3119    17     4.6172     3     4.4478 
Sys. CPU time               0.0029    18     0.0043    16     0.0039 
Processors                      18     1         18    18         18 
                      Communic          Synchro        Variation          Overlap  
Reduction       Tmin    0.0005     3     0.0000    18     0.0000    18     0.0000     1 
Reduction       Tmax    1.2771    17     0.0001     3     0.0001    13     0.0000    18 
Reduction       Tmid    0.1660           0.0001           0.0001           0.0000       
Shadow          Tmin    0.0017     1     0.0008    14     0.0009    15     0.0000     1 
Shadow          Tmax    0.0105    17     0.0152    18     0.0150    18     0.0000    16 
Shadow          Tmid    0.0038           0.0042           0.0041           0.0000       
--- The execution characteristics --- 
                                1          2          3          4          5          6          7          8          9         10         11         12         13         14         15         16         17         18 
Lost time                  2.0752     2.0760     2.0679     2.0692     2.0712     2.0727     2.0733     2.0750     2.1117     2.1279     2.0921     2.0968     2.0897     2.0955     2.1701     2.1717     3.3740     3.3647 
User insufficient par.     1.9995     1.9937     1.9947     1.9944     1.9948     1.9951     1.9930     1.9926     1.9962     1.9983     1.9948     1.9956     1.9946     1.9962     1.9989     2.0001     2.0283     2.0341 
Sys.insufficient par.      0.0591     0.0708     0.0689     0.0687     0.0699     0.0702     0.0696     0.0700     0.0593     0.0599     0.0688     0.0702     0.0696     0.0687     0.0722     0.0729     0.0559     0.0496 
Idle time                  0.0004     0.0023     0.0004     0.0012     0.0000     0.0000     0.0023     0.0023     0.0023     0.0023     0.0023     0.0008     0.0015     0.0023     0.0023     0.0023     0.0023     0.0023 
Communication              0.0161     0.0091     0.0039     0.0049     0.0065     0.0074     0.0085     0.0102     0.0539     0.0674     0.0262     0.0302     0.0240     0.0283     0.0967     0.0965     1.2876     1.2787 
Synchronization            0.0101     0.0011     0.0027     0.0021     0.0015     0.0013     0.0025     0.0020     0.0100     0.0099     0.0017     0.0016     0.0018     0.0009     0.0011     0.0011     0.0107     0.0152 
Variation                  0.0144     0.0012     0.0022     0.0024     0.0019     0.0014     0.0021     0.0024     0.0058     0.0127     0.0021     0.0022     0.0021     0.0012     0.0010     0.0012     0.0034     0.0150 
Overlap                    0.0000     0.0000     0.0000     0.0000     0.0000     0.0000     0.0000     0.0000     0.0000     0.0000     0.0000     0.0000     0.0000     0.0000     0.0000     0.0000     0.0000     0.0000 
Load imbalance             0.0073     0.0081     0.0000     0.0013     0.0033     0.0048     0.0054     0.0071     0.0438     0.0600     0.0242     0.0288     0.0218     0.0276     0.1022     0.1038     1.3061     1.2968 
Execution time             6.6888     6.6869     6.6888     6.6880     6.6892     6.6892     6.6869     6.6869     6.6869     6.6869     6.6869     6.6884     6.6876     6.6869     6.6869     6.6869     6.6869     6.6869 
User CPU time              4.6105     4.6090     4.6172     4.6159     4.6138     4.6123     4.6117     4.6101     4.5740     4.5578     4.5930     4.5883     4.5954     4.5896     4.5148     4.5132     3.3119     3.3215 
Sys. CPU time              0.0035     0.0042     0.0041     0.0040     0.0041     0.0041     0.0041     0.0041     0.0035     0.0035     0.0040     0.0041     0.0041     0.0040     0.0042     0.0043     0.0033     0.0029 
Processors                     18         18         18         18         18         18         18         18         18         18         18         18         18         18         18         18         18         18 
           Communication          
Reduction                  0.0145     0.0063     0.0005     0.0019     0.0033     0.0041     0.0052     0.0074     0.0455     0.0655     0.0233     0.0274     0.0209     0.0253     0.0936     0.0936     1.2771     1.2733 
Shadow                     0.0017     0.0029     0.0034     0.0031     0.0031     0.0033     0.0032     0.0028     0.0084     0.0020     0.0029     0.0029     0.0030     0.0030     0.0031     0.0028     0.0105     0.0054 
           Synchronization        
Reduction                  0.0001     0.0001     0.0001     0.0001     0.0001     0.0001     0.0001     0.0001     0.0000     0.0000     0.0001     0.0001     0.0001     0.0001     0.0000     0.0000     0.0000     0.0000 
Shadow                     0.0100     0.0011     0.0026     0.0020     0.0015     0.0012     0.0024     0.0020     0.0100     0.0098     0.0016     0.0016     0.0017     0.0008     0.0011     0.0010     0.0107     0.0152 
           Variation              
Reduction                  0.0001     0.0001     0.0001     0.0001     0.0001     0.0001     0.0001     0.0001     0.0000     0.0000     0.0001     0.0001     0.0001     0.0001     0.0000     0.0000     0.0000     0.0000 
Shadow                     0.0143     0.0011     0.0022     0.0024     0.0018     0.0013     0.0020     0.0024     0.0058     0.0127     0.0020     0.0021     0.0021     0.0011     0.0009     0.0011     0.0033     0.0150 
           Overlap                
Reduction                  0.0000     0.0000     0.0000     0.0000     0.0000     0.0000     0.0000     0.0000     0.0000     0.0000     0.0000     0.0000     0.0000     0.0000     0.0000     0.0000     0.0000     0.0000 
Shadow                     0.0000     0.0000     0.0000     0.0000     0.0000     0.0000     0.0000     0.0000     0.0000     0.0000     0.0000     0.0000     0.0000     0.0000     0.0000     0.0000     0.0000     0.0000 


-------------------------------------------------------------------------
Name (number) and performance time of processors
DVM(1) 1.030103
DVM(2) 1.029992
DVM(3) 1.030140
DVM(4) 1.030078
DVM(5) 1.030399
DVM(6) 1.030379
DVM(7) 1.030135
DVM(8) 1.030110
DVM(9) 1.030362
DVM(10) 1.030334
DVM(11) 1.030303
DVM(12) 1.030312
DVM(13) 1.030073
DVM(14) 1.030044
DVM(15) 1.030397
DVM(16) 1.030440
DVM(17) 1.030151
DVM(18) 1.030295
min - DVM(2) 1.029992; max - DVM(16) 1.030440; mid - 1.030225
