Processor system=4*5
Statistics has been accumulated on DVM-system version 5.0, platform DVM
Analyzer is executing on DVM-system version 5.0, platform DVM
-------------------------------------------------------------------------
INTERVAL ( NLINE=20 SOURCE=jac2d.c ) LEVEL=0  EXE_COUNT=2
--- The main characteristics --- 
Parallelization efficiency      0.5899 
Execution time                  7.8294 
Processors                          20
Threads amount                      20
Total time                    156.5876
Productive time                92.3754 ( CPU= 92.3125 Sys= 0.0629 I/O= 0.0000 )
Lost  time                     64.2122 
   Insufficient parallelism    62.6589 ( User= 61.4643 Sys= 1.1946 )
   Communication                1.4899 ( Real_sync= 0.0000 Starts= 0.0000 )
   Idle time                    0.0634
Load imbalance                  1.4036
Synchronization                 0.2030
Time variation                  0.2362
Overlap                         0.0001
                  Nop   Communic    Synchro  Variation    Overlap 
Reduction          21     1.4124     0.0170     0.0169     0.0001 
Shadow             21     0.0776     0.1860     0.2193     0.0001 
--- The comparative characteristics --- 
                              Tmin N proc      Tmax N proc      Tmid
Lost time                   3.1404    12     3.3301     9     3.2106 
User insufficient par.      3.0678     3     3.0986     1     3.0732 
Sys.insufficient par.       0.0523     6     0.0635     9     0.0597 
Idle time                   0.0000    14     0.0066     6     0.0032 
Communication               0.0052     1     0.1904     9     0.0745 
Synchronization             0.0077     8     0.0140     5     0.0102 
Variation                   0.0066     2     0.0186    16     0.0118 
Overlap                     0.0000     2     0.0000    20     0.0000 
Load imbalance              0.0000    12     0.1897     9     0.0702 
Execution time              7.8228     6     7.8294    14     7.8262 
User CPU time               4.4959     9     4.6857    12     4.6156 
Sys. CPU time               0.0028     6     0.0033     9     0.0031 
Processors                      20     1         20    20         20 
                      Communic          Synchro        Variation          Overlap  
Reduction       Tmin    0.0027     1     0.0000    20     0.0000    20     0.0000     1 
Reduction       Tmax    0.1873     9     0.0009     3     0.0009    14     0.0000    20 
Reduction       Tmid    0.0706           0.0009           0.0008           0.0000       
Shadow          Tmin    0.0018    16     0.0068     8     0.0057     2     0.0000     2 
Shadow          Tmax    0.0073    15     0.0131     5     0.0177    16     0.0000     8 
Shadow          Tmid    0.0039           0.0093           0.0110           0.0000       
--- The execution characteristics --- 
                                1          2          3          4          5          6          7          8          9         10         11         12         13         14         15         16         17         18         19         20 
Lost time                  3.1659     3.1435     3.1427     3.1467     3.1890     3.1903     3.1814     3.3268     3.3301     3.2965     3.1537     3.1404     3.1461     3.1475     3.2132     3.1862     3.1849     3.3254     3.2957     3.3062 
User insufficient par.     3.0986     3.0693     3.0678     3.0683     3.0728     3.0689     3.0686     3.0758     3.0738     3.0751     3.0689     3.0678     3.0712     3.0723     3.0736     3.0726     3.0732     3.0730     3.0727     3.0799 
Sys.insufficient par.      0.0609     0.0624     0.0609     0.0617     0.0544     0.0523     0.0615     0.0628     0.0635     0.0569     0.0554     0.0616     0.0565     0.0626     0.0576     0.0550     0.0619     0.0633     0.0632     0.0603 
Idle time                  0.0012     0.0012     0.0043     0.0039     0.0027     0.0066     0.0058     0.0007     0.0023     0.0023     0.0054     0.0047     0.0066     0.0000     0.0031     0.0016     0.0004     0.0035     0.0050     0.0020 
Communication              0.0052     0.0106     0.0098     0.0127     0.0591     0.0624     0.0455     0.1874     0.1904     0.1621     0.0240     0.0064     0.0119     0.0126     0.0788     0.0571     0.0495     0.1856     0.1546     0.1640 
Synchronization            0.0094     0.0094     0.0094     0.0096     0.0140     0.0132     0.0078     0.0077     0.0077     0.0132     0.0133     0.0087     0.0087     0.0086     0.0135     0.0137     0.0084     0.0077     0.0085     0.0106 
Variation                  0.0133     0.0066     0.0120     0.0121     0.0146     0.0139     0.0105     0.0099     0.0099     0.0140     0.0183     0.0104     0.0104     0.0104     0.0123     0.0186     0.0111     0.0100     0.0077     0.0103 
Overlap                    0.0000     0.0000     0.0000     0.0000     0.0000     0.0000     0.0000     0.0000     0.0000     0.0000     0.0000     0.0000     0.0000     0.0000     0.0000     0.0000     0.0000     0.0000     0.0000     0.0000 
Load imbalance             0.0254     0.0031     0.0023     0.0062     0.0486     0.0499     0.0409     0.1864     0.1897     0.1560     0.0133     0.0000     0.0057     0.0071     0.0728     0.0458     0.0445     0.1850     0.1552     0.1658 
Execution time             7.8282     7.8282     7.8251     7.8255     7.8267     7.8228     7.8235     7.8287     7.8270     7.8270     7.8239     7.8247     7.8228     7.8294     7.8263     7.8278     7.8290     7.8259     7.8243     7.8274 
User CPU time              4.6603     4.6826     4.6835     4.6795     4.6375     4.6363     4.6448     4.4993     4.4959     4.5299     4.6727     4.6857     4.6803     4.6786     4.6132     4.6402     4.6412     4.5006     4.5304     4.5200 
Sys. CPU time              0.0032     0.0033     0.0032     0.0032     0.0029     0.0028     0.0032     0.0033     0.0033     0.0030     0.0029     0.0032     0.0030     0.0033     0.0030     0.0029     0.0033     0.0033     0.0033     0.0032 
Processors                     20         20         20         20         20         20         20         20         20         20         20         20         20         20         20         20         20         20         20         20 
           Communication          
Reduction                  0.0027     0.0043     0.0072     0.0105     0.0542     0.0560     0.0425     0.1842     0.1873     0.1567     0.0220     0.0030     0.0084     0.0093     0.0716     0.0553     0.0467     0.1824     0.1497     0.1585 
Shadow                     0.0025     0.0063     0.0026     0.0022     0.0050     0.0064     0.0030     0.0032     0.0031     0.0054     0.0021     0.0034     0.0034     0.0033     0.0073     0.0018     0.0028     0.0032     0.0049     0.0056 
           Synchronization        
Reduction                  0.0009     0.0009     0.0009     0.0009     0.0009     0.0009     0.0009     0.0009     0.0009     0.0008     0.0009     0.0009     0.0009     0.0009     0.0009     0.0009     0.0009     0.0009     0.0009     0.0000 
Shadow                     0.0084     0.0085     0.0084     0.0086     0.0131     0.0123     0.0069     0.0068     0.0069     0.0123     0.0124     0.0078     0.0078     0.0077     0.0127     0.0128     0.0075     0.0068     0.0077     0.0106 
           Variation              
Reduction                  0.0009     0.0009     0.0009     0.0009     0.0009     0.0009     0.0009     0.0009     0.0008     0.0008     0.0009     0.0009     0.0009     0.0009     0.0009     0.0009     0.0009     0.0009     0.0009     0.0000 
Shadow                     0.0124     0.0057     0.0111     0.0111     0.0137     0.0130     0.0096     0.0090     0.0090     0.0132     0.0175     0.0095     0.0094     0.0094     0.0115     0.0177     0.0102     0.0091     0.0068     0.0102 
           Overlap                
Reduction                  0.0000     0.0000     0.0000     0.0000     0.0000     0.0000     0.0000     0.0000     0.0000     0.0000     0.0000     0.0000     0.0000     0.0000     0.0000     0.0000     0.0000     0.0000     0.0000     0.0000 
Shadow                     0.0000     0.0000     0.0000     0.0000     0.0000     0.0000     0.0000     0.0000     0.0000     0.0000     0.0000     0.0000     0.0000     0.0000     0.0000     0.0000     0.0000     0.0000     0.0000     0.0000 


-------------------------------------------------------------------------
Name (number) and performance time of processors
DVM(1) 1.030176
DVM(2) 1.029822
DVM(3) 1.030108
DVM(4) 1.030062
DVM(5) 1.029973
DVM(6) 1.030075
DVM(7) 1.029911
DVM(8) 1.029901
DVM(9) 1.030390
DVM(10) 1.030321
DVM(11) 1.030315
DVM(12) 1.030301
DVM(13) 1.030491
DVM(14) 1.030465
DVM(15) 1.030792
DVM(16) 1.030769
DVM(17) 1.033041
DVM(18) 1.035162
DVM(19) 1.031491
DVM(20) 1.030462
min - DVM(2) 1.029822; max - DVM(18) 1.035162; mid - 1.030701
