Processor system=3*5
Statistics has been accumulated on DVM-system version 5.0, platform DVM
Analyzer is executing on DVM-system version 5.0, platform DVM
-------------------------------------------------------------------------
INTERVAL ( NLINE=20 SOURCE=jac2d.c ) LEVEL=0  EXE_COUNT=1
--- The main characteristics --- 
Parallelization efficiency      0.6494 
Execution time                  6.6939 
Processors                          15
Threads amount                      15
Total time                    100.4079
Productive time                65.2005 ( CPU= 65.1409 Sys= 0.0596 I/O= 0.0000 )
Lost  time                     35.2074 
   Insufficient parallelism    30.7490 ( User= 29.9141 Sys= 0.8349 )
   Communication                4.4298 ( Real_sync= 0.0000 Starts= 0.0000 )
   Idle time                    0.0287
Load imbalance                  4.4784
Synchronization                 0.1733
Time variation                  0.2321
Overlap                         0.0001
                  Nop   Communic    Synchro  Variation    Overlap 
Reduction          20     4.3445     0.0007     0.0006     0.0000 
Shadow             20     0.0853     0.1726     0.2315     0.0001 
--- The comparative characteristics --- 
                              Tmin N proc      Tmax N proc      Tmid
Lost time                   2.0486     1     2.9373    13     2.3472 
User insufficient par.      1.9851     3     2.0110    11     1.9943 
Sys.insufficient par.       0.0438    15     0.0740     9     0.0557 
Idle time                   0.0000    10     0.0031     3     0.0019 
Communication               0.0040     4     0.8786    13     0.2953 
Synchronization             0.0001     9     0.0202    15     0.0116 
Variation                   0.0000     9     0.0262    15     0.0155 
Overlap                     0.0000     1     0.0001     9     0.0000 
Load imbalance              0.0000     1     0.8887    13     0.2986 
Execution time              6.6907     3     6.6939    10     6.6920 
User CPU time               3.7531    13     4.6415     1     4.3427 
Sys. CPU time               0.0031    15     0.0053     9     0.0040 
Processors                      15     1         15    15         15 
                      Communic          Synchro        Variation          Overlap  
Reduction       Tmin    0.0005     4     0.0000    15     0.0000    15     0.0000     1 
Reduction       Tmax    0.8693    13     0.0001     2     0.0000     8     0.0000    15 
Reduction       Tmid    0.2896           0.0000           0.0000           0.0000       
Shadow          Tmin    0.0013     1     0.0000     9     0.0000     9     0.0000     1 
Shadow          Tmax    0.0140    14     0.0202    15     0.0262    15     0.0001     9 
Shadow          Tmid    0.0057           0.0115           0.0154           0.0000       
--- The execution characteristics --- 
                                1          2          3          4          5          6          7          8          9         10         11         12         13         14         15 
Lost time                  2.0486     2.0556     2.0538     2.0532     2.0571     2.0649     2.0578     2.0569     2.0775     2.0757     2.9275     2.9123     2.9373     2.9215     2.9075 
User insufficient par.     1.9884     1.9863     1.9851     1.9860     1.9865     1.9930     1.9858     1.9870     1.9882     1.9885     2.0110     2.0060     2.0085     2.0064     2.0075 
Sys.insufficient par.      0.0522     0.0620     0.0610     0.0613     0.0534     0.0558     0.0627     0.0625     0.0740     0.0594     0.0441     0.0475     0.0472     0.0480     0.0438 
Idle time                  0.0012     0.0012     0.0031     0.0019     0.0008     0.0008     0.0023     0.0004     0.0016     0.0000     0.0031     0.0031     0.0031     0.0031     0.0031 
Communication              0.0068     0.0062     0.0046     0.0040     0.0165     0.0154     0.0070     0.0071     0.0137     0.0277     0.8693     0.8557     0.8786     0.8641     0.8531 
Synchronization            0.0142     0.0053     0.0063     0.0066     0.0145     0.0133     0.0050     0.0051     0.0001     0.0138     0.0198     0.0166     0.0164     0.0164     0.0202 
Variation                  0.0245     0.0136     0.0126     0.0122     0.0168     0.0225     0.0115     0.0121     0.0000     0.0065     0.0258     0.0175     0.0176     0.0127     0.0262 
Overlap                    0.0000     0.0000     0.0000     0.0000     0.0000     0.0000     0.0000     0.0000     0.0001     0.0000     0.0000     0.0000     0.0000     0.0000     0.0000 
Load imbalance             0.0000     0.0070     0.0052     0.0046     0.0085     0.0163     0.0092     0.0083     0.0289     0.0271     0.8789     0.8637     0.8887     0.8729     0.8589 
Execution time             6.6927     6.6927     6.6907     6.6919     6.6931     6.6931     6.6915     6.6935     6.6923     6.6939     6.6908     6.6908     6.6908     6.6908     6.6908 
User CPU time              4.6415     4.6338     4.6357     4.6363     4.6330     4.6250     4.6316     4.6325     4.6111     4.6140     3.7632     3.7781     3.7531     3.7689     3.7832 
Sys. CPU time              0.0037     0.0044     0.0044     0.0044     0.0038     0.0040     0.0045     0.0045     0.0053     0.0042     0.0032     0.0034     0.0034     0.0034     0.0031 
Processors                     15         15         15         15         15         15         15         15         15         15         15         15         15         15         15 
           Communication          
Reduction                  0.0055     0.0039     0.0019     0.0005     0.0086     0.0137     0.0042     0.0044     0.0106     0.0147     0.8635     0.8460     0.8693     0.8500     0.8478 
Shadow                     0.0013     0.0023     0.0028     0.0035     0.0079     0.0017     0.0028     0.0026     0.0031     0.0131     0.0059     0.0097     0.0093     0.0140     0.0054 
           Synchronization        
Reduction                  0.0001     0.0001     0.0001     0.0001     0.0001     0.0001     0.0001     0.0001     0.0001     0.0001     0.0000     0.0000     0.0000     0.0000     0.0000 
Shadow                     0.0142     0.0052     0.0062     0.0065     0.0144     0.0132     0.0049     0.0050     0.0000     0.0138     0.0198     0.0165     0.0164     0.0164     0.0202 
           Variation              
Reduction                  0.0000     0.0000     0.0000     0.0000     0.0000     0.0000     0.0000     0.0000     0.0000     0.0000     0.0000     0.0000     0.0000     0.0000     0.0000 
Shadow                     0.0244     0.0135     0.0125     0.0122     0.0168     0.0225     0.0115     0.0120     0.0000     0.0064     0.0258     0.0175     0.0175     0.0127     0.0262 
           Overlap                
Reduction                  0.0000     0.0000     0.0000     0.0000     0.0000     0.0000     0.0000     0.0000     0.0000     0.0000     0.0000     0.0000     0.0000     0.0000     0.0000 
Shadow                     0.0000     0.0000     0.0000     0.0000     0.0000     0.0000     0.0000     0.0000     0.0001     0.0000     0.0000     0.0000     0.0000     0.0000     0.0000 


-------------------------------------------------------------------------
Name (number) and performance time of processors
DVM(1) 1.030090
DVM(2) 1.029758
DVM(3) 1.030575
DVM(4) 1.030551
DVM(5) 1.030622
DVM(6) 1.030580
DVM(7) 1.030403
DVM(8) 1.030460
DVM(9) 1.030204
DVM(10) 1.030189
DVM(11) 1.030421
DVM(12) 1.030369
DVM(13) 1.030345
DVM(14) 1.030316
DVM(15) 0.517461
min - DVM(15) 0.517461; max - DVM(5) 1.030622; mid - 0.996156
