Processor system=3*7
Statistics has been accumulated on DVM-system version 5.0, platform DVM
Analyzer is executing on DVM-system version 5.0, platform DVM
-------------------------------------------------------------------------
INTERVAL ( NLINE=20 SOURCE=jac2d.c ) LEVEL=0  EXE_COUNT=2
--- The main characteristics --- 
Parallelization efficiency      0.5655 
Execution time                  7.8168 
Processors                          21
Threads amount                      21
Total time                    164.1525
Productive time                92.8275 ( CPU= 92.7499 Sys= 0.0776 I/O= 0.0000 )
Lost  time                     71.3250 
   Insufficient parallelism    58.3088 ( User= 56.7570 Sys= 1.5519 )
   Communication               12.7032 ( Real_sync= 0.0000 Starts= 0.0000 )
   Idle time                    0.3129
Load imbalance                  2.3964
Synchronization                 8.8122
Time variation                  9.4187
Overlap                         0.0004
                  Nop   Communic    Synchro  Variation    Overlap 
Reduction          21    11.2705     3.7518     3.7531     0.0002 
Shadow             21     1.4327     5.0604     5.6655     0.0002 
--- The comparative characteristics --- 
                              Tmin N proc      Tmax N proc      Tmid
Lost time                   3.2823     3     3.5408    21     3.3964 
User insufficient par.      2.6917     3     2.7393     1     2.7027 
Sys.insufficient par.       0.0563    21     0.0949     3     0.0739 
Idle time                   0.0000    21     0.0324    16     0.0149 
Communication               0.4798     3     0.7697    21     0.6049 
Synchronization             0.3085    16     0.4672    21     0.4196 
Variation                   0.3365    16     0.5523    21     0.4485 
Overlap                     0.0000     1     0.0001    16     0.0000 
Load imbalance              0.0000     3     0.2585    21     0.1141 
Execution time              7.7844    16     7.8168    21     7.8019 
User CPU time               4.2732    21     4.5297     3     4.4167 
Sys. CPU time               0.0028    21     0.0047     3     0.0037 
Processors                      21     1         21    21         21 
                      Communic          Synchro        Variation          Overlap  
Reduction       Tmin    0.3506     3     0.1275    16     0.1276    16     0.0000     1 
Reduction       Tmax    0.7508    21     0.1966    17     0.1967    17     0.0000    16 
Reduction       Tmid    0.5367           0.1787           0.1787           0.0000       
Shadow          Tmin    0.0170    18     0.1810    16     0.1765     9     0.0000     1 
Shadow          Tmax    0.1368     9     0.2706    21     0.3557    21     0.0000    13 
Shadow          Tmid    0.0682           0.2410           0.2698           0.0000       
--- The execution characteristics --- 
                                1          2          3          4          5          6          7          8          9         10         11         12         13         14         15         16         17         18         19         20         21 
Lost time                  3.3380     3.3505     3.2823     3.4776     3.4788     3.2904     3.2963     3.3840     3.4751     3.4455     3.3938     3.3998     3.3449     3.3565     3.4266     3.3048     3.3773     3.4924     3.5194     3.3502     3.5408 
User insufficient par.     2.7393     2.6988     2.6917     2.7027     2.7023     2.6993     2.6991     2.6923     2.6971     2.6998     2.7002     2.7043     2.7003     2.6996     2.6988     2.7008     2.6982     2.7178     2.7037     2.6960     2.7148 
Sys.insufficient par.      0.0605     0.0885     0.0949     0.0946     0.0753     0.0732     0.0635     0.0671     0.0876     0.0748     0.0663     0.0753     0.0845     0.0702     0.0645     0.0832     0.0721     0.0703     0.0656     0.0637     0.0563 
Idle time                  0.0138     0.0138     0.0159     0.0159     0.0142     0.0111     0.0150     0.0114     0.0158     0.0159     0.0144     0.0128     0.0136     0.0159     0.0260     0.0324     0.0149     0.0130     0.0122     0.0149     0.0000 
Communication              0.5244     0.5494     0.4798     0.6644     0.6870     0.5069     0.5187     0.6132     0.6746     0.6549     0.6129     0.6074     0.5465     0.5709     0.6372     0.4884     0.5921     0.6912     0.7378     0.5757     0.7697 
Synchronization            0.4264     0.3908     0.3919     0.3409     0.4545     0.4393     0.4366     0.4126     0.3873     0.4348     0.4357     0.4328     0.3739     0.4450     0.4266     0.3085     0.4602     0.4274     0.4591     0.4606     0.4672 
Variation                  0.4888     0.4285     0.3477     0.3805     0.4436     0.4683     0.5178     0.4334     0.3434     0.4574     0.4466     0.4944     0.4418     0.4453     0.4185     0.3365     0.4297     0.5118     0.5220     0.5102     0.5523 
Overlap                    0.0000     0.0000     0.0000     0.0000     0.0000     0.0000     0.0000     0.0000     0.0000     0.0000     0.0000     0.0000     0.0001     0.0000     0.0000     0.0001     0.0000     0.0000     0.0000     0.0000     0.0000 
Load imbalance             0.0557     0.0681     0.0000     0.1953     0.1965     0.0081     0.0140     0.1017     0.1928     0.1632     0.1115     0.1175     0.0626     0.0742     0.1442     0.0224     0.0950     0.2101     0.2370     0.0679     0.2585 
Execution time             7.8030     7.8030     7.8009     7.8009     7.8026     7.8057     7.8018     7.8053     7.8009     7.8009     7.8024     7.8040     7.8032     7.8009     7.7908     7.7844     7.8018     7.8037     7.8046     7.8019     7.8168 
User CPU time              4.4758     4.4619     4.5297     4.3344     4.3342     4.5227     4.5173     4.4294     4.3373     4.3676     4.4196     4.4132     4.4677     4.4567     4.3870     4.5079     4.4359     4.3209     4.2942     4.4634     4.2732 
Sys. CPU time              0.0030     0.0044     0.0047     0.0047     0.0038     0.0037     0.0032     0.0034     0.0044     0.0037     0.0033     0.0038     0.0042     0.0035     0.0032     0.0042     0.0036     0.0035     0.0033     0.0032     0.0028 
Processors                     21         21         21         21         21         21         21         21         21         21         21         21         21         21         21         21         21         21         21         21         21 
           Communication          
Reduction                  0.4876     0.4929     0.3506     0.6157     0.5818     0.4381     0.4981     0.5353     0.5377     0.5822     0.5204     0.5707     0.5180     0.4782     0.5292     0.4201     0.4669     0.6742     0.6995     0.5224     0.7508 
Shadow                     0.0369     0.0565     0.1293     0.0487     0.1052     0.0688     0.0206     0.0778     0.1368     0.0727     0.0925     0.0368     0.0285     0.0927     0.1079     0.0683     0.1252     0.0170     0.0383     0.0533     0.0189 
           Synchronization        
Reduction                  0.1782     0.1716     0.1692     0.1458     0.1957     0.1875     0.1839     0.1722     0.1669     0.1864     0.1863     0.1864     0.1609     0.1870     0.1780     0.1275     0.1966     0.1817     0.1966     0.1966     0.1966 
Shadow                     0.2482     0.2192     0.2228     0.1950     0.2588     0.2518     0.2527     0.2404     0.2205     0.2484     0.2494     0.2464     0.2130     0.2579     0.2486     0.1810     0.2636     0.2456     0.2625     0.2640     0.2706 
           Variation              
Reduction                  0.1783     0.1717     0.1692     0.1459     0.1958     0.1876     0.1839     0.1723     0.1669     0.1864     0.1864     0.1864     0.1610     0.1871     0.1781     0.1276     0.1967     0.1818     0.1967     0.1967     0.1967 
Shadow                     0.3106     0.2568     0.1785     0.2346     0.2478     0.2807     0.3339     0.2611     0.1765     0.2710     0.2602     0.3080     0.2808     0.2582     0.2404     0.2090     0.2330     0.3301     0.3253     0.3135     0.3557 
           Overlap                
Reduction                  0.0000     0.0000     0.0000     0.0000     0.0000     0.0000     0.0000     0.0000     0.0000     0.0000     0.0000     0.0000     0.0000     0.0000     0.0000     0.0000     0.0000     0.0000     0.0000     0.0000     0.0000 
Shadow                     0.0000     0.0000     0.0000     0.0000     0.0000     0.0000     0.0000     0.0000     0.0000     0.0000     0.0000     0.0000     0.0000     0.0000     0.0000     0.0000     0.0000     0.0000     0.0000     0.0000     0.0000 


-------------------------------------------------------------------------
Name (number) and performance time of processors
DVM(1) 2.439180
DVM(2) 1.029669
DVM(3) 1.038808
DVM(4) 1.029841
DVM(5) 1.030358
DVM(6) 1.030370
DVM(7) 1.030525
DVM(8) 1.030499
DVM(9) 1.030167
DVM(10) 1.030122
DVM(11) 1.030263
DVM(12) 1.030126
DVM(13) 1.030566
DVM(14) 1.030735
DVM(15) 1.030270
DVM(16) 1.030324
DVM(17) 1.030053
DVM(18) 1.030053
DVM(19) 1.031500
DVM(20) 1.031134
DVM(21) 2.465001
min - DVM(2) 1.029669; max - DVM(21) 2.465001; mid - 1.166170
