Processor system=3*6
Statistics has been accumulated on DVM-system version 5.0, platform DVM
Analyzer is executing on DVM-system version 5.0, platform DVM
-------------------------------------------------------------------------
INTERVAL ( NLINE=20 SOURCE=jac2d.c ) LEVEL=0  EXE_COUNT=2
--- The main characteristics --- 
Parallelization efficiency      0.6612 
Execution time                  6.7485 
Processors                          18
Threads amount                      18
Total time                    121.4725
Productive time                80.3182 ( CPU= 80.2526 Sys= 0.0656 I/O= 0.0000 )
Lost  time                     41.1543 
   Insufficient parallelism    38.0835 ( User= 36.9682 Sys= 1.1153 )
   Communication                3.0426 ( Real_sync= 0.0000 Starts= 0.0000 )
   Idle time                    0.0281
Load imbalance                  3.0693
Synchronization                 0.1192
Time variation                  0.1695
Overlap                         0.0001
                  Nop   Communic    Synchro  Variation    Overlap 
Reduction          20     2.9672     0.0013     0.0013     0.0000 
Shadow             20     0.0754     0.1179     0.1683     0.0000 
--- The comparative characteristics --- 
                              Tmin N proc      Tmax N proc      Tmid
Lost time                   2.1158     3     3.4354    17     2.2863 
User insufficient par.      2.0471     4     2.0872    18     2.0538 
Sys.insufficient par.       0.0449    18     0.0723     5     0.0620 
Idle time                   0.0000    14     0.0023     5     0.0016 
Communication               0.0031     4     1.2982    17     0.1690 
Synchronization             0.0003    11     0.0173    18     0.0066 
Variation                   0.0007     5     0.0211    18     0.0094 
Overlap                     0.0000     1     0.0000    11     0.0000 
Load imbalance              0.0000     3     1.3195    17     0.1705 
Execution time              6.7461     5     6.7485    14     6.7469 
User CPU time               3.3102    17     4.6289     3     4.4585 
Sys. CPU time               0.0026    18     0.0043     5     0.0036 
Processors                      18     1         18    18         18 
                      Communic          Synchro        Variation          Overlap  
Reduction       Tmin    0.0005     4     0.0000    13     0.0000    13     0.0000     1 
Reduction       Tmax    1.2863    17     0.0001     5     0.0001     8     0.0000    18 
Reduction       Tmid    0.1648           0.0001           0.0001           0.0000       
Shadow          Tmin    0.0014    13     0.0003    11     0.0006     5     0.0000     1 
Shadow          Tmax    0.0119    17     0.0172    18     0.0211    18     0.0000    11 
Shadow          Tmid    0.0042           0.0065           0.0093           0.0000       
--- The execution characteristics --- 
                                1          2          3          4          5          6          7          8          9         10         11         12         13         14         15         16         17         18 
Lost time                  2.1233     2.1236     2.1158     2.1177     2.1274     2.1279     2.1259     2.1281     2.1497     2.1555     2.1407     2.1419     2.1497     2.1456     2.2173     2.2201     3.4354     3.4087 
User insufficient par.     2.0519     2.0471     2.0475     2.0471     2.0473     2.0483     2.0476     2.0488     2.0498     2.0500     2.0483     2.0492     2.0510     2.0504     2.0558     2.0554     2.0855     2.0872 
Sys.insufficient par.      0.0553     0.0653     0.0640     0.0651     0.0723     0.0613     0.0558     0.0653     0.0661     0.0666     0.0702     0.0572     0.0566     0.0641     0.0674     0.0683     0.0494     0.0449 
Idle time                  0.0008     0.0023     0.0008     0.0023     0.0023     0.0023     0.0023     0.0016     0.0004     0.0004     0.0023     0.0023     0.0023     0.0000     0.0000     0.0012     0.0023     0.0023 
Communication              0.0153     0.0088     0.0035     0.0031     0.0055     0.0160     0.0201     0.0125     0.0335     0.0386     0.0199     0.0332     0.0397     0.0312     0.0941     0.0952     1.2982     1.2743 
Synchronization            0.0121     0.0036     0.0046     0.0033     0.0007     0.0125     0.0114     0.0026     0.0024     0.0024     0.0003     0.0119     0.0118     0.0034     0.0033     0.0023     0.0133     0.0173 
Variation                  0.0196     0.0081     0.0090     0.0078     0.0007     0.0028     0.0191     0.0075     0.0065     0.0069     0.0033     0.0065     0.0194     0.0086     0.0075     0.0063     0.0090     0.0211 
Overlap                    0.0000     0.0000     0.0000     0.0000     0.0000     0.0000     0.0000     0.0000     0.0000     0.0000     0.0000     0.0000     0.0000     0.0000     0.0000     0.0000     0.0000     0.0000 
Load imbalance             0.0075     0.0077     0.0000     0.0018     0.0116     0.0120     0.0101     0.0123     0.0339     0.0397     0.0248     0.0261     0.0338     0.0298     0.1015     0.1043     1.3195     1.2928 
Execution time             6.7477     6.7461     6.7477     6.7462     6.7461     6.7462     6.7462     6.7469     6.7481     6.7481     6.7462     6.7462     6.7462     6.7485     6.7485     6.7473     6.7462     6.7462 
User CPU time              4.6219     4.6211     4.6289     4.6270     4.6168     4.6170     4.6193     4.6165     4.5948     4.5890     4.6037     4.6032     4.5955     4.5991     4.5272     4.5243     3.3102     3.3372 
Sys. CPU time              0.0033     0.0038     0.0038     0.0038     0.0043     0.0036     0.0033     0.0038     0.0039     0.0039     0.0041     0.0034     0.0033     0.0038     0.0040     0.0040     0.0029     0.0026 
Processors                     18         18         18         18         18         18         18         18         18         18         18         18         18         18         18         18         18         18 
           Communication          
Reduction                  0.0138     0.0058     0.0009     0.0005     0.0029     0.0042     0.0186     0.0093     0.0302     0.0359     0.0173     0.0215     0.0383     0.0282     0.0913     0.0926     1.2863     1.2696 
Shadow                     0.0015     0.0030     0.0026     0.0026     0.0026     0.0118     0.0015     0.0032     0.0033     0.0027     0.0026     0.0116     0.0014     0.0029     0.0028     0.0026     0.0119     0.0046 
           Synchronization        
Reduction                  0.0001     0.0001     0.0001     0.0001     0.0001     0.0001     0.0001     0.0001     0.0001     0.0000     0.0001     0.0001     0.0000     0.0001     0.0001     0.0000     0.0001     0.0000 
Shadow                     0.0120     0.0035     0.0045     0.0032     0.0006     0.0124     0.0113     0.0025     0.0023     0.0024     0.0003     0.0118     0.0117     0.0033     0.0033     0.0023     0.0133     0.0172 
           Variation              
Reduction                  0.0001     0.0001     0.0001     0.0001     0.0001     0.0001     0.0001     0.0001     0.0001     0.0000     0.0001     0.0001     0.0000     0.0001     0.0001     0.0001     0.0001     0.0000 
Shadow                     0.0196     0.0080     0.0089     0.0077     0.0006     0.0027     0.0190     0.0074     0.0064     0.0068     0.0032     0.0064     0.0194     0.0085     0.0074     0.0062     0.0089     0.0211 
           Overlap                
Reduction                  0.0000     0.0000     0.0000     0.0000     0.0000     0.0000     0.0000     0.0000     0.0000     0.0000     0.0000     0.0000     0.0000     0.0000     0.0000     0.0000     0.0000     0.0000 
Shadow                     0.0000     0.0000     0.0000     0.0000     0.0000     0.0000     0.0000     0.0000     0.0000     0.0000     0.0000     0.0000     0.0000     0.0000     0.0000     0.0000     0.0000     0.0000 


-------------------------------------------------------------------------
Name (number) and performance time of processors
DVM(1) 1.030356
DVM(2) 1.030278
DVM(3) 1.030064
DVM(4) 1.030064
DVM(5) 1.030350
DVM(6) 1.030318
DVM(7) 1.030311
DVM(8) 1.030357
DVM(9) 1.030339
DVM(10) 1.030419
DVM(11) 1.030714
DVM(12) 1.030686
DVM(13) 1.030339
DVM(14) 1.030312
DVM(15) 1.030716
DVM(16) 1.030717
DVM(17) 1.030172
DVM(18) 1.030164
min - DVM(4) 1.030064; max - DVM(16) 1.030717; mid - 1.030371
