Processor system=2*7
Statistics has been accumulated on DVM-system version 5.0, platform DVM
Analyzer is executing on DVM-system version 5.0, platform DVM
-------------------------------------------------------------------------
INTERVAL ( NLINE=20 SOURCE=jac2d.c ) LEVEL=0  EXE_COUNT=1
--- The main characteristics --- 
Parallelization efficiency      0.1648 
Execution time                 41.1361 
Processors                          14
Threads amount                      14
Total time                    575.9047
Productive time                94.9323 ( CPU= 94.8691 Sys= 0.0631 I/O= 0.0000 )
Lost  time                    480.9725 
   Insufficient parallelism   476.4579 ( User= 475.6372 Sys= 0.8207 )
   Communication                4.5138 ( Real_sync= 0.0000 Starts= 0.0000 )
   Idle time                    0.0008
Load imbalance                  4.4996
Synchronization                 0.0914
Time variation                  0.1176
Overlap                         0.0001
                  Nop   Communic    Synchro  Variation    Overlap 
Reduction          20     4.4615     0.0012     0.0011     0.0000 
Shadow             20     0.0522     0.0902     0.1164     0.0000 
--- The comparative characteristics --- 
                              Tmin N proc      Tmax N proc      Tmid
Lost time                  34.0338     8    34.7928    12    34.3552 
User insufficient par.     33.9645     5    33.9864    14    33.9741 
Sys.insufficient par.       0.0491    14     0.0679     2     0.0586 
Idle time                   0.0000     2     0.0001     5     0.0001 
Communication               0.0037     4     0.7511    12     0.3224 
Synchronization             0.0004     2     0.0140    14     0.0065 
Variation                   0.0006     2     0.0166    14     0.0084 
Overlap                     0.0000     1     0.0000     2     0.0000 
Load imbalance              0.0000     8     0.7590    12     0.3214 
Execution time             41.1359     5    41.1361     2    41.1360 
User CPU time               6.3390    12     7.0979     8     6.7764 
Sys. CPU time               0.0038    14     0.0052     2     0.0045 
Processors                      14     1         14    14         14 
                      Communic          Synchro        Variation          Overlap  
Reduction       Tmin    0.0009     4     0.0000    14     0.0000    14     0.0000     1 
Reduction       Tmax    0.7477    12     0.0001     6     0.0001     8     0.0000    14 
Reduction       Tmid    0.3187           0.0001           0.0001           0.0000       
Shadow          Tmin    0.0016     1     0.0003     2     0.0005     2     0.0000     1 
Shadow          Tmax    0.0087     7     0.0140    14     0.0165    14     0.0000     2 
Shadow          Tmid    0.0037           0.0064           0.0083           0.0000       
--- The execution characteristics --- 
                                1          2          3          4          5          6          7          8          9         10         11         12         13         14 
Lost time                 34.0367    34.0405    34.0348    34.0356    34.0361    34.0389    34.0346    34.0338    34.7825    34.7834    34.7713    34.7928    34.7850    34.7666 
User insufficient par.    33.9720    33.9656    33.9653    33.9654    33.9645    33.9650    33.9645    33.9674    33.9843    33.9836    33.9836    33.9857    33.9839    33.9864 
Sys.insufficient par.      0.0564     0.0679     0.0649     0.0664     0.0654     0.0668     0.0564     0.0572     0.0528     0.0544     0.0532     0.0558     0.0541     0.0491 
Idle time                  0.0000     0.0000     0.0001     0.0001     0.0001     0.0000     0.0000     0.0000     0.0001     0.0001     0.0001     0.0001     0.0000     0.0000 
Communication              0.0082     0.0070     0.0045     0.0037     0.0061     0.0070     0.0137     0.0092     0.7453     0.7453     0.7345     0.7511     0.7470     0.7311 
Synchronization            0.0091     0.0004     0.0008     0.0012     0.0007     0.0010     0.0095     0.0088     0.0094     0.0086     0.0098     0.0084     0.0096     0.0140 
Variation                  0.0157     0.0006     0.0033     0.0019     0.0030     0.0019     0.0069     0.0139     0.0103     0.0108     0.0111     0.0107     0.0110     0.0166 
Overlap                    0.0000     0.0000     0.0000     0.0000     0.0000     0.0000     0.0000     0.0000     0.0000     0.0000     0.0000     0.0000     0.0000     0.0000 
Load imbalance             0.0029     0.0067     0.0010     0.0019     0.0024     0.0051     0.0008     0.0000     0.7487     0.7496     0.7375     0.7590     0.7513     0.7328 
Execution time            41.1360    41.1361    41.1359    41.1359    41.1359    41.1360    41.1360    41.1360    41.1360    41.1360    41.1360    41.1359    41.1360    41.1360 
User CPU time              7.0950     7.0903     7.0963     7.0953     7.0949     7.0921     7.0971     7.0979     6.3495     6.3485     6.3607     6.3390     6.3469     6.3657 
Sys. CPU time              0.0043     0.0052     0.0050     0.0051     0.0050     0.0051     0.0043     0.0044     0.0041     0.0042     0.0041     0.0043     0.0042     0.0038 
Processors                     14         14         14         14         14         14         14         14         14         14         14         14         14         14 
           Communication          
Reduction                  0.0067     0.0042     0.0021     0.0009     0.0034     0.0045     0.0050     0.0074     0.7399     0.7413     0.7297     0.7477     0.7426     0.7261 
Shadow                     0.0016     0.0028     0.0025     0.0028     0.0027     0.0025     0.0087     0.0018     0.0055     0.0040     0.0047     0.0035     0.0043     0.0050 
           Synchronization        
Reduction                  0.0001     0.0001     0.0001     0.0001     0.0001     0.0001     0.0001     0.0001     0.0001     0.0001     0.0001     0.0001     0.0001     0.0000 
Shadow                     0.0090     0.0003     0.0007     0.0011     0.0006     0.0009     0.0094     0.0087     0.0094     0.0085     0.0097     0.0084     0.0095     0.0140 
           Variation              
Reduction                  0.0001     0.0001     0.0001     0.0001     0.0001     0.0001     0.0001     0.0001     0.0001     0.0001     0.0001     0.0001     0.0001     0.0000 
Shadow                     0.0156     0.0005     0.0032     0.0018     0.0029     0.0018     0.0069     0.0138     0.0102     0.0107     0.0111     0.0107     0.0109     0.0165 
           Overlap                
Reduction                  0.0000     0.0000     0.0000     0.0000     0.0000     0.0000     0.0000     0.0000     0.0000     0.0000     0.0000     0.0000     0.0000     0.0000 
Shadow                     0.0000     0.0000     0.0000     0.0000     0.0000     0.0000     0.0000     0.0000     0.0000     0.0000     0.0000     0.0000     0.0000     0.0000 


-------------------------------------------------------------------------
Name (number) and performance time of processors
DVM(1) 1.030027
DVM(2) 1.029860
DVM(3) 1.030212
DVM(4) 1.030228
DVM(5) 1.029962
DVM(6) 1.029933
DVM(7) 1.030148
DVM(8) 1.030144
DVM(9) 1.030254
DVM(10) 1.030281
DVM(11) 1.030568
DVM(12) 1.030597
DVM(13) 1.030294
DVM(14) 1.030361
min - DVM(2) 1.029860; max - DVM(12) 1.030597; mid - 1.030205
