Processor system=7*2
Statistics has been accumulated on DVM-system version 5.0, platform DVM
Analyzer is executing on DVM-system version 5.0, platform DVM
-------------------------------------------------------------------------
INTERVAL ( NLINE=20 SOURCE=jac2d.c ) LEVEL=0  EXE_COUNT=1
--- The main characteristics --- 
Parallelization efficiency      0.5943 
Execution time                  7.2337 
Processors                          14
Threads amount                      14
Total time                    101.2717
Productive time                60.1847 ( CPU= 60.1359 Sys= 0.0489 I/O= 0.0000 )
Lost  time                     41.0870 
   Insufficient parallelism    35.6466 ( User= 35.0112 Sys= 0.6354 )
   Communication                5.4182 ( Real_sync= 0.0000 Starts= 0.0000 )
   Idle time                    0.0221
Load imbalance                  5.4745
Synchronization                 0.0627
Time variation                  0.0935
Overlap                         0.0001
                  Nop   Communic    Synchro  Variation    Overlap 
Reduction          20     5.3657     0.0013     0.0013     0.0000 
Shadow             20     0.0525     0.0614     0.0923     0.0001 
--- The comparative characteristics --- 
                              Tmin N proc      Tmax N proc      Tmid
Lost time                   2.5437     1     3.4698    12     2.9348 
User insufficient par.      2.4899     3     2.5171    12     2.5008 
Sys.insufficient par.       0.0391    14     0.0516     6     0.0454 
Idle time                   0.0000     1     0.0027    14     0.0016 
Communication               0.0043     1     0.9095    12     0.3870 
Synchronization             0.0009     6     0.0085    14     0.0045 
Variation                   0.0005     6     0.0131    14     0.0067 
Overlap                     0.0000     1     0.0000     6     0.0000 
Load imbalance              0.0000     1     0.9260    12     0.3910 
Execution time              7.2310    14     7.2337     1     7.2321 
User CPU time               3.7608    12     4.6863     1     4.2954 
Sys. CPU time               0.0030    14     0.0040     6     0.0035 
Processors                      14     1         14    14         14 
                      Communic          Synchro        Variation          Overlap  
Reduction       Tmin    0.0014     4     0.0000    13     0.0000    13     0.0000     1 
Reduction       Tmax    0.9075    12     0.0001     5     0.0001     5     0.0000    13 
Reduction       Tmid    0.3833           0.0001           0.0001           0.0000       
Shadow          Tmin    0.0017    13     0.0008     6     0.0004     6     0.0000     1 
Shadow          Tmax    0.0071    10     0.0084    14     0.0131    14     0.0000     6 
Shadow          Tmid    0.0038           0.0044           0.0066           0.0000       
--- The execution characteristics --- 
                                1          2          3          4          5          6          7          8          9         10         11         12         13         14 
Lost time                  2.5437     2.5475     2.5467     2.5491     2.5495     2.5541     2.5481     2.5511     3.4511     3.4522     3.4512     3.4698     3.4402     3.4327 
User insufficient par.     2.4925     2.4937     2.4899     2.4922     2.4902     2.4924     2.4911     2.4913     2.5114     2.5119     2.5125     2.5171     2.5128     2.5121 
Sys.insufficient par.      0.0469     0.0480     0.0490     0.0502     0.0499     0.0516     0.0495     0.0504     0.0406     0.0403     0.0396     0.0405     0.0398     0.0391 
Idle time                  0.0000     0.0000     0.0012     0.0008     0.0015     0.0004     0.0004     0.0020     0.0027     0.0026     0.0026     0.0027     0.0027     0.0027 
Communication              0.0043     0.0058     0.0066     0.0059     0.0079     0.0097     0.0072     0.0074     0.8964     0.8973     0.8964     0.9095     0.8849     0.8788 
Synchronization            0.0040     0.0041     0.0014     0.0010     0.0016     0.0009     0.0014     0.0012     0.0077     0.0077     0.0077     0.0075     0.0082     0.0085 
Variation                  0.0071     0.0071     0.0033     0.0023     0.0024     0.0005     0.0033     0.0022     0.0072     0.0070     0.0126     0.0124     0.0130     0.0131 
Overlap                    0.0000     0.0000     0.0000     0.0000     0.0000     0.0000     0.0000     0.0000     0.0000     0.0000     0.0000     0.0000     0.0000     0.0000 
Load imbalance             0.0000     0.0037     0.0029     0.0054     0.0058     0.0103     0.0043     0.0073     0.9073     0.9084     0.9075     0.9260     0.8965     0.8890 
Execution time             7.2337     7.2337     7.2325     7.2329     7.2322     7.2333     7.2333     7.2317     7.2310     7.2310     7.2311     7.2310     7.2310     7.2310 
User CPU time              4.6863     4.6825     4.6832     4.6807     4.6803     4.6756     4.6818     4.6787     3.7795     3.7784     3.7794     3.7608     3.7904     3.7980 
Sys. CPU time              0.0036     0.0037     0.0038     0.0039     0.0038     0.0040     0.0038     0.0039     0.0031     0.0031     0.0030     0.0031     0.0031     0.0030 
Processors                     14         14         14         14         14         14         14         14         14         14         14         14         14         14 
           Communication          
Reduction                  0.0015     0.0032     0.0025     0.0014     0.0036     0.0048     0.0034     0.0033     0.8895     0.8902     0.8945     0.9075     0.8832     0.8771 
Shadow                     0.0028     0.0026     0.0041     0.0045     0.0043     0.0049     0.0038     0.0041     0.0068     0.0071     0.0020     0.0020     0.0017     0.0018 
           Synchronization        
Reduction                  0.0001     0.0001     0.0001     0.0001     0.0001     0.0001     0.0001     0.0001     0.0001     0.0001     0.0001     0.0001     0.0000     0.0001 
Shadow                     0.0038     0.0040     0.0013     0.0008     0.0015     0.0008     0.0012     0.0011     0.0076     0.0076     0.0076     0.0074     0.0082     0.0084 
           Variation              
Reduction                  0.0001     0.0001     0.0001     0.0001     0.0001     0.0001     0.0001     0.0001     0.0001     0.0001     0.0001     0.0001     0.0000     0.0001 
Shadow                     0.0070     0.0070     0.0032     0.0021     0.0023     0.0004     0.0032     0.0021     0.0071     0.0069     0.0125     0.0123     0.0130     0.0131 
           Overlap                
Reduction                  0.0000     0.0000     0.0000     0.0000     0.0000     0.0000     0.0000     0.0000     0.0000     0.0000     0.0000     0.0000     0.0000     0.0000 
Shadow                     0.0000     0.0000     0.0000     0.0000     0.0000     0.0000     0.0000     0.0000     0.0000     0.0000     0.0000     0.0000     0.0000     0.0000 


-------------------------------------------------------------------------
Name (number) and performance time of processors
DVM(1) 1.030452
DVM(2) 1.030260
DVM(3) 1.030170
DVM(4) 1.030148
DVM(5) 1.030659
DVM(6) 1.030621
DVM(7) 1.030528
DVM(8) 1.030513
DVM(9) 1.030061
DVM(10) 1.030058
DVM(11) 1.030798
DVM(12) 1.030753
DVM(13) 1.030056
DVM(14) 1.030014
min - DVM(14) 1.030014; max - DVM(11) 1.030798; mid - 1.030364
