Processor system=4*4
Statistics has been accumulated on DVM-system version 5.0, platform DVM
Analyzer is executing on DVM-system version 5.0, platform DVM
-------------------------------------------------------------------------
INTERVAL ( NLINE=20 SOURCE=jac2d.c ) LEVEL=0  EXE_COUNT=1
--- The main characteristics --- 
Parallelization efficiency      0.5793 
Execution time                  7.6616 
Processors                          16
Threads amount                      16
Total time                    122.5856
Productive time                71.0090 ( CPU= 70.9520 Sys= 0.0569 I/O= 0.0000 )
Lost  time                     51.5766 
   Insufficient parallelism    47.1783 ( User= 46.3243 Sys= 0.8540 )
   Communication                4.3726 ( Real_sync= 0.0000 Starts= 0.0000 )
   Idle time                    0.0257
Load imbalance                  4.3734
Synchronization                 0.1225
Time variation                  0.1533
Overlap                         0.0001
                  Nop   Communic    Synchro  Variation    Overlap 
Reduction          20     4.2945     0.0010     0.0010     0.0000 
Shadow             20     0.0781     0.1215     0.1524     0.0001 
--- The comparative characteristics --- 
                              Tmin N proc      Tmax N proc      Tmid
Lost time                   2.9502     1     4.0198    14     3.2235 
User insufficient par.      2.8860     7     2.9169    16     2.8953 
Sys.insufficient par.       0.0421    13     0.0641     3     0.0534 
Idle time                   0.0000    11     0.0027    13     0.0016 
Communication               0.0040     3     1.0572    14     0.2733 
Synchronization             0.0003    11     0.0148    16     0.0077 
Variation                   0.0004     3     0.0181    16     0.0096 
Overlap                     0.0000     1     0.0000    11     0.0000 
Load imbalance              0.0000     1     1.0696    14     0.2733 
Execution time              7.6589    13     7.6616    11     7.6600 
User CPU time               3.6388    14     4.7080     1     4.4345 
Sys. CPU time               0.0028    13     0.0043     3     0.0036 
Processors                      16     1         16    16         16 
                      Communic          Synchro        Variation          Overlap  
Reduction       Tmin    0.0007     3     0.0000    16     0.0000    16     0.0000     1 
Reduction       Tmax    1.0484    14     0.0001     7     0.0001     6     0.0000    16 
Reduction       Tmid    0.2684           0.0001           0.0001           0.0000       
Shadow          Tmin    0.0015     5     0.0002    11     0.0003     3     0.0000     1 
Shadow          Tmax    0.0108    15     0.0148    16     0.0181    16     0.0000    11 
Shadow          Tmid    0.0049           0.0076           0.0095           0.0000       
--- The execution characteristics --- 
                                1          2          3          4          5          6          7          8          9         10         11         12         13         14         15         16 
Lost time                  2.9502     2.9509     2.9574     2.9580     2.9558     2.9577     2.9550     2.9586     2.9774     2.9783     2.9676     2.9773     4.0044     4.0198     4.0161     3.9923 
User insufficient par.     2.8884     2.8873     2.8885     2.8886     2.8883     2.8886     2.8860     2.8862     2.8963     2.8869     2.8910     2.8876     2.9151     2.9145     2.9141     2.9169 
Sys.insufficient par.      0.0507     0.0568     0.0641     0.0581     0.0514     0.0592     0.0606     0.0526     0.0523     0.0584     0.0603     0.0527     0.0421     0.0461     0.0447     0.0439 
Idle time                  0.0027     0.0008     0.0008     0.0016     0.0004     0.0004     0.0027     0.0027     0.0000     0.0027     0.0000     0.0027     0.0027     0.0019     0.0027     0.0011 
Communication              0.0084     0.0060     0.0040     0.0097     0.0156     0.0095     0.0058     0.0171     0.0288     0.0303     0.0163     0.0343     1.0445     1.0572     1.0547     1.0304 
Synchronization            0.0099     0.0042     0.0021     0.0102     0.0094     0.0021     0.0007     0.0095     0.0091     0.0022     0.0003     0.0095     0.0146     0.0121     0.0119     0.0148 
Variation                  0.0166     0.0094     0.0004     0.0018     0.0162     0.0063     0.0046     0.0083     0.0160     0.0071     0.0035     0.0075     0.0178     0.0108     0.0089     0.0181 
Overlap                    0.0000     0.0000     0.0000     0.0000     0.0000     0.0000     0.0000     0.0000     0.0000     0.0000     0.0000     0.0000     0.0000     0.0000     0.0000     0.0000 
Load imbalance             0.0000     0.0007     0.0072     0.0078     0.0056     0.0075     0.0048     0.0084     0.0272     0.0281     0.0174     0.0271     1.0542     1.0696     1.0659     1.0421 
Execution time             7.6589     7.6608     7.6608     7.6600     7.6612     7.6612     7.6589     7.6589     7.6616     7.6589     7.6616     7.6589     7.6589     7.6597     7.6589     7.6605 
User CPU time              4.7080     4.7069     4.7000     4.6997     4.7024     4.7000     4.7025     4.6995     4.6807     4.6795     4.6900     4.6808     3.6544     3.6388     3.6425     3.6663 
Sys. CPU time              0.0034     0.0038     0.0043     0.0039     0.0034     0.0039     0.0040     0.0035     0.0035     0.0039     0.0040     0.0035     0.0028     0.0031     0.0030     0.0029 
Processors                     16         16         16         16         16         16         16         16         16         16         16         16         16         16         16         16 
           Communication          
Reduction                  0.0068     0.0035     0.0007     0.0016     0.0141     0.0063     0.0026     0.0090     0.0271     0.0269     0.0131     0.0255     1.0391     1.0484     1.0439     1.0258 
Shadow                     0.0015     0.0025     0.0033     0.0081     0.0015     0.0032     0.0032     0.0081     0.0017     0.0033     0.0033     0.0088     0.0054     0.0088     0.0108     0.0046 
           Synchronization        
Reduction                  0.0001     0.0001     0.0001     0.0001     0.0001     0.0001     0.0001     0.0001     0.0001     0.0001     0.0001     0.0001     0.0000     0.0000     0.0000     0.0000 
Shadow                     0.0098     0.0041     0.0020     0.0101     0.0093     0.0020     0.0007     0.0094     0.0091     0.0021     0.0002     0.0094     0.0145     0.0121     0.0119     0.0148 
           Variation              
Reduction                  0.0001     0.0001     0.0001     0.0001     0.0001     0.0001     0.0001     0.0001     0.0001     0.0001     0.0001     0.0001     0.0000     0.0000     0.0000     0.0000 
Shadow                     0.0165     0.0093     0.0003     0.0017     0.0161     0.0063     0.0046     0.0082     0.0160     0.0071     0.0035     0.0075     0.0178     0.0108     0.0088     0.0181 
           Overlap                
Reduction                  0.0000     0.0000     0.0000     0.0000     0.0000     0.0000     0.0000     0.0000     0.0000     0.0000     0.0000     0.0000     0.0000     0.0000     0.0000     0.0000 
Shadow                     0.0000     0.0000     0.0000     0.0000     0.0000     0.0000     0.0000     0.0000     0.0000     0.0000     0.0000     0.0000     0.0000     0.0000     0.0000     0.0000 


-------------------------------------------------------------------------
Name (number) and performance time of processors
DVM(1) 1.030130
DVM(2) 1.029847
DVM(3) 1.030215
DVM(4) 1.030251
DVM(5) 1.030494
DVM(6) 1.030501
DVM(7) 1.030772
DVM(8) 1.030795
DVM(9) 1.030270
DVM(10) 1.030248
DVM(11) 1.030620
DVM(12) 1.030655
DVM(13) 1.030116
DVM(14) 1.030039
DVM(15) 1.030115
DVM(16) 1.030163
min - DVM(2) 1.029847; max - DVM(8) 1.030795; mid - 1.030327
