Processor system=7*3
Statistics has been accumulated on DVM-system version 5.0, platform DVM
Analyzer is executing on DVM-system version 5.0, platform DVM
-------------------------------------------------------------------------
INTERVAL ( NLINE=20 SOURCE=jac2d.c ) LEVEL=0  EXE_COUNT=2
--- The main characteristics --- 
Parallelization efficiency      0.5363 
Execution time                  8.0185 
Processors                          21
Threads amount                      21
Total time                    168.3891
Productive time                90.2991 ( CPU= 90.2408 Sys= 0.0583 I/O= 0.0000 )
Lost  time                     78.0900 
   Insufficient parallelism    64.5649 ( User= 63.3984 Sys= 1.1665 )
   Communication               13.5008 ( Real_sync= 0.0000 Starts= 0.0000 )
   Idle time                    0.0242
Load imbalance                  3.0776
Synchronization                 9.4796
Time variation                  8.8103
Overlap                         0.0004
                  Nop   Communic    Synchro  Variation    Overlap 
Reduction          21    11.8582     4.1472     4.1483     0.0002 
Shadow             21     1.6426     5.3324     4.6620     0.0001 
--- The comparative characteristics --- 
                              Tmin N proc      Tmax N proc      Tmid
Lost time                   3.5720    10     3.8706     9     3.7186 
User insufficient par.      2.9976     3     3.0444    21     3.0190 
Sys.insufficient par.       0.0471     8     0.0630     5     0.0555 
Idle time                   0.0000     4     0.0034    14     0.0012 
Communication               0.5065    10     0.7994     9     0.6429 
Synchronization             0.3755     4     0.5079     6     0.4514 
Variation                   0.3213     4     0.5030    19     0.4195 
Overlap                     0.0000     6     0.0001    15     0.0000 
Load imbalance              0.0000    10     0.2986     9     0.1466 
Execution time              8.0151    14     8.0185     4     8.0174 
User CPU time               4.1451     9     4.4442    10     4.2972 
Sys. CPU time               0.0024     8     0.0032     5     0.0028 
Processors                      21     1         21    21         21 
                      Communic          Synchro        Variation          Overlap  
Reduction       Tmin    0.4467    10     0.1597     4     0.1597     4     0.0000     6 
Reduction       Tmax    0.7544     9     0.2231     9     0.2231     9     0.0000    15 
Reduction       Tmid    0.5647           0.1975           0.1975           0.0000       
Shadow          Tmin    0.0165    19     0.2158     4     0.1607     5     0.0000     1 
Shadow          Tmax    0.1394     7     0.2848     6     0.2965    19     0.0000     7 
Shadow          Tmid    0.0782           0.2539           0.2220           0.0000       
--- The execution characteristics --- 
                                1          2          3          4          5          6          7          8          9         10         11         12         13         14         15         16         17         18         19         20         21 
Lost time                  3.6662     3.7710     3.8201     3.7126     3.7811     3.8235     3.7068     3.6445     3.8706     3.5720     3.8090     3.6562     3.6544     3.7529     3.6506     3.7251     3.6713     3.6994     3.7607     3.6805     3.6615 
User insufficient par.     3.0418     3.0116     2.9976     3.0123     3.0270     3.0147     3.0129     3.0242     3.0125     3.0173     3.0116     3.0120     3.0113     3.0166     3.0144     3.0095     3.0331     3.0303     3.0147     3.0289     3.0444 
Sys.insufficient par.      0.0553     0.0603     0.0558     0.0592     0.0630     0.0536     0.0547     0.0471     0.0576     0.0472     0.0567     0.0532     0.0538     0.0622     0.0546     0.0537     0.0587     0.0563     0.0533     0.0564     0.0537 
Idle time                  0.0010     0.0011     0.0011     0.0000     0.0011     0.0004     0.0015     0.0015     0.0011     0.0011     0.0011     0.0012     0.0011     0.0034     0.0011     0.0010     0.0011     0.0012     0.0012     0.0010     0.0011 
Communication              0.5681     0.6979     0.7657     0.6411     0.6900     0.7549     0.6378     0.5716     0.7994     0.5065     0.7396     0.5898     0.5883     0.6707     0.5806     0.6608     0.5784     0.6116     0.6916     0.5943     0.5624 
Synchronization            0.4422     0.3999     0.4296     0.3755     0.4191     0.5079     0.4388     0.4440     0.5035     0.4587     0.4840     0.4889     0.4593     0.4437     0.3993     0.4803     0.4504     0.4482     0.4736     0.4851     0.4477 
Variation                  0.3839     0.3410     0.4099     0.3213     0.3436     0.4497     0.3569     0.3766     0.5030     0.4456     0.4472     0.4698     0.4554     0.4019     0.3749     0.4669     0.4361     0.3904     0.5030     0.4706     0.4626 
Overlap                    0.0000     0.0000     0.0000     0.0000     0.0000     0.0000     0.0000     0.0000     0.0000     0.0000     0.0000     0.0000     0.0000     0.0000     0.0001     0.0000     0.0000     0.0000     0.0000     0.0000     0.0000 
Load imbalance             0.0942     0.1989     0.2481     0.1405     0.2091     0.2515     0.1348     0.0724     0.2986     0.0000     0.2370     0.0842     0.0824     0.1809     0.0786     0.1530     0.0993     0.1274     0.1887     0.1085     0.0895 
Execution time             8.0176     8.0174     8.0174     8.0185     8.0175     8.0182     8.0170     8.0171     8.0174     8.0175     8.0174     8.0173     8.0174     8.0151     8.0175     8.0175     8.0174     8.0174     8.0174     8.0175     8.0175 
User CPU time              4.3496     4.2445     4.1956     4.3030     4.2343     4.1924     4.3090     4.3717     4.1451     4.4442     4.2067     4.3597     4.3614     4.2625     4.3652     4.2908     4.3443     4.3163     4.2551     4.3352     4.3543 
Sys. CPU time              0.0028     0.0030     0.0028     0.0030     0.0032     0.0027     0.0027     0.0024     0.0029     0.0024     0.0028     0.0027     0.0027     0.0031     0.0027     0.0027     0.0029     0.0028     0.0027     0.0028     0.0027 
Processors                     21         21         21         21         21         21         21         21         21         21         21         21         21         21         21         21         21         21         21         21         21 
           Communication          
Reduction                  0.4650     0.5821     0.7022     0.5435     0.5717     0.6532     0.4984     0.4611     0.7544     0.4467     0.6579     0.5254     0.5389     0.5867     0.5116     0.6012     0.5208     0.4956     0.6750     0.5354     0.5317 
Shadow                     0.1031     0.1158     0.0634     0.0976     0.1183     0.1016     0.1394     0.1106     0.0450     0.0599     0.0817     0.0644     0.0494     0.0840     0.0690     0.0596     0.0576     0.1160     0.0165     0.0589     0.0306 
           Synchronization        
Reduction                  0.1911     0.1792     0.1847     0.1597     0.1828     0.2230     0.1958     0.1940     0.2231     0.1995     0.2135     0.2140     0.1997     0.1942     0.1709     0.2096     0.1968     0.2018     0.2065     0.2136     0.1939 
Shadow                     0.2511     0.2206     0.2450     0.2158     0.2362     0.2848     0.2430     0.2500     0.2804     0.2592     0.2705     0.2750     0.2596     0.2495     0.2284     0.2707     0.2536     0.2464     0.2671     0.2716     0.2538 
           Variation              
Reduction                  0.1911     0.1793     0.1847     0.1597     0.1829     0.2231     0.1958     0.1940     0.2231     0.1995     0.2135     0.2140     0.1997     0.1943     0.1709     0.2097     0.1969     0.2019     0.2066     0.2136     0.1939 
Shadow                     0.1928     0.1617     0.2252     0.1615     0.1607     0.2266     0.1611     0.1826     0.2798     0.2460     0.2337     0.2558     0.2557     0.2076     0.2040     0.2572     0.2393     0.1885     0.2965     0.2569     0.2687 
           Overlap                
Reduction                  0.0000     0.0000     0.0000     0.0000     0.0000     0.0000     0.0000     0.0000     0.0000     0.0000     0.0000     0.0000     0.0000     0.0000     0.0000     0.0000     0.0000     0.0000     0.0000     0.0000     0.0000 
Shadow                     0.0000     0.0000     0.0000     0.0000     0.0000     0.0000     0.0000     0.0000     0.0000     0.0000     0.0000     0.0000     0.0000     0.0000     0.0000     0.0000     0.0000     0.0000     0.0000     0.0000     0.0000 


-------------------------------------------------------------------------
Name (number) and performance time of processors
DVM(1) 2.461413
DVM(2) 1.029669
DVM(3) 1.030209
DVM(4) 1.030518
DVM(5) 1.030437
DVM(6) 1.030430
DVM(7) 1.030346
DVM(8) 1.030304
DVM(9) 1.030734
DVM(10) 1.030725
DVM(11) 1.030214
DVM(12) 1.030229
DVM(13) 1.030123
DVM(14) 1.030139
DVM(15) 1.030200
DVM(16) 1.030198
DVM(17) 1.030432
DVM(18) 1.041465
DVM(19) 1.032043
DVM(20) 1.030405
DVM(21) 2.444255
min - DVM(2) 1.029669; max - DVM(1) 2.461413; mid - 1.166404
