Processor system=5*4
Statistics has been accumulated on DVM-system version 5.0, platform DVM
Analyzer is executing on DVM-system version 5.0, platform DVM
-------------------------------------------------------------------------
INTERVAL ( NLINE=20 SOURCE=jac2d.c ) LEVEL=0  EXE_COUNT=2
--- The main characteristics --- 
Parallelization efficiency      0.5879 
Execution time                  7.8717 
Processors                          20
Threads amount                      20
Total time                    157.4333
Productive time                92.5565 ( CPU= 92.4964 Sys= 0.0601 I/O= 0.0000 )
Lost  time                     64.8769 
   Insufficient parallelism    63.1629 ( User= 62.0208 Sys= 1.1420 )
   Communication                1.6582 ( Real_sync= 0.0000 Starts= 0.0000 )
   Idle time                    0.0558
Load imbalance                  1.4839
Synchronization                 0.0901
Time variation                  0.1079
Overlap                         0.0001
                  Nop   Communic    Synchro  Variation    Overlap 
Reduction          21     1.5945     0.0018     0.0017     0.0001 
Shadow             21     0.0637     0.0883     0.1063     0.0000 
--- The comparative characteristics --- 
                              Tmin N proc      Tmax N proc      Tmid
Lost time                   3.1696    12     3.3711     8     3.2438 
User insufficient par.      3.0953     2     3.1311     1     3.1010 
Sys.insufficient par.       0.0527     5     0.0635    10     0.0571 
Idle time                   0.0000    13     0.0043    18     0.0028 
Communication               0.0037     1     0.2091     8     0.0829 
Synchronization             0.0001    10     0.0080     4     0.0045 
Variation                   0.0001    10     0.0103     1     0.0054 
Overlap                     0.0000     1     0.0000    10     0.0000 
Load imbalance              0.0000    12     0.2014     8     0.0742 
Execution time              7.8673    18     7.8717    13     7.8689 
User CPU time               4.4976     8     4.6992    12     4.6248 
Sys. CPU time               0.0028     5     0.0033    10     0.0030 
Processors                      20     1         20    20         20 
                      Communic          Synchro        Variation          Overlap  
Reduction       Tmin    0.0016     1     0.0000    20     0.0000    20     0.0000     1 
Reduction       Tmax    0.2052     8     0.0001     4     0.0001    14     0.0000    20 
Reduction       Tmid    0.0797           0.0001           0.0001           0.0000       
Shadow          Tmin    0.0017    17     0.0000    10     0.0000    10     0.0000     1 
Shadow          Tmax    0.0048    20     0.0079     4     0.0102     1     0.0000    10 
Shadow          Tmid    0.0032           0.0044           0.0053           0.0000       
--- The execution characteristics --- 
                                1          2          3          4          5          6          7          8          9         10         11         12         13         14         15         16         17         18         19         20 
Lost time                  3.1907     3.1718     3.1721     3.1749     3.2428     3.2125     3.2113     3.3711     3.3667     3.3083     3.1873     3.1696     3.1739     3.1791     3.2427     3.2224     3.2124     3.3418     3.3643     3.3609 
User insufficient par.     3.1311     3.0953     3.0979     3.0976     3.1008     3.1001     3.1005     3.1016     3.1044     3.1018     3.0973     3.0996     3.0995     3.0973     3.0979     3.0967     3.0984     3.0989     3.1036     3.1004 
Sys.insufficient par.      0.0551     0.0583     0.0581     0.0545     0.0527     0.0570     0.0592     0.0561     0.0555     0.0635     0.0593     0.0538     0.0547     0.0602     0.0586     0.0556     0.0545     0.0604     0.0593     0.0555 
Idle time                  0.0008     0.0043     0.0008     0.0016     0.0035     0.0043     0.0003     0.0043     0.0031     0.0043     0.0031     0.0012     0.0000     0.0027     0.0043     0.0043     0.0023     0.0043     0.0019     0.0043 
Communication              0.0037     0.0139     0.0153     0.0212     0.0858     0.0511     0.0513     0.2091     0.2038     0.1387     0.0276     0.0151     0.0198     0.0188     0.0819     0.0659     0.0571     0.1782     0.1994     0.2007 
Synchronization            0.0074     0.0024     0.0034     0.0080     0.0063     0.0011     0.0024     0.0064     0.0063     0.0001     0.0032     0.0073     0.0067     0.0017     0.0020     0.0068     0.0070     0.0012     0.0029     0.0074 
Variation                  0.0103     0.0039     0.0048     0.0070     0.0094     0.0016     0.0036     0.0066     0.0092     0.0001     0.0031     0.0066     0.0095     0.0020     0.0032     0.0057     0.0101     0.0025     0.0031     0.0055 
Overlap                    0.0000     0.0000     0.0000     0.0000     0.0000     0.0000     0.0000     0.0000     0.0000     0.0000     0.0000     0.0000     0.0000     0.0000     0.0000     0.0000     0.0000     0.0000     0.0000     0.0000 
Load imbalance             0.0210     0.0022     0.0024     0.0053     0.0732     0.0428     0.0417     0.2014     0.1970     0.1387     0.0177     0.0000     0.0043     0.0094     0.0731     0.0528     0.0427     0.1722     0.1947     0.1912 
Execution time             7.8709     7.8674     7.8709     7.8701     7.8682     7.8674     7.8713     7.8674     7.8686     7.8674     7.8686     7.8705     7.8717     7.8689     7.8674     7.8674     7.8693     7.8673     7.8697     7.8674 
User CPU time              4.6781     4.6968     4.6965     4.6939     4.6261     4.6562     4.6572     4.4976     4.5021     4.5600     4.6812     4.6992     4.6948     4.6894     4.6258     4.6463     4.6564     4.5267     4.5042     4.5078 
Sys. CPU time              0.0029     0.0031     0.0031     0.0029     0.0028     0.0030     0.0031     0.0030     0.0029     0.0033     0.0031     0.0028     0.0029     0.0032     0.0031     0.0029     0.0029     0.0032     0.0031     0.0029 
Processors                     20         20         20         20         20         20         20         20         20         20         20         20         20         20         20         20         20         20         20         20 
           Communication          
Reduction                  0.0016     0.0113     0.0126     0.0167     0.0837     0.0476     0.0482     0.2052     0.2016     0.1356     0.0240     0.0108     0.0177     0.0154     0.0786     0.0613     0.0554     0.1753     0.1962     0.1958 
Shadow                     0.0021     0.0026     0.0027     0.0045     0.0020     0.0035     0.0031     0.0039     0.0022     0.0031     0.0037     0.0043     0.0020     0.0034     0.0033     0.0046     0.0017     0.0030     0.0032     0.0048 
           Synchronization        
Reduction                  0.0001     0.0001     0.0001     0.0001     0.0001     0.0001     0.0001     0.0000     0.0001     0.0001     0.0001     0.0001     0.0001     0.0001     0.0001     0.0001     0.0001     0.0000     0.0001     0.0000 
Shadow                     0.0072     0.0023     0.0033     0.0079     0.0062     0.0010     0.0023     0.0064     0.0063     0.0000     0.0031     0.0072     0.0066     0.0016     0.0019     0.0067     0.0070     0.0012     0.0028     0.0074 
           Variation              
Reduction                  0.0001     0.0001     0.0001     0.0001     0.0001     0.0001     0.0001     0.0000     0.0001     0.0001     0.0001     0.0001     0.0001     0.0001     0.0001     0.0001     0.0001     0.0000     0.0001     0.0000 
Shadow                     0.0102     0.0038     0.0047     0.0069     0.0093     0.0015     0.0036     0.0066     0.0092     0.0000     0.0030     0.0065     0.0094     0.0019     0.0031     0.0056     0.0100     0.0025     0.0031     0.0055 
           Overlap                
Reduction                  0.0000     0.0000     0.0000     0.0000     0.0000     0.0000     0.0000     0.0000     0.0000     0.0000     0.0000     0.0000     0.0000     0.0000     0.0000     0.0000     0.0000     0.0000     0.0000     0.0000 
Shadow                     0.0000     0.0000     0.0000     0.0000     0.0000     0.0000     0.0000     0.0000     0.0000     0.0000     0.0000     0.0000     0.0000     0.0000     0.0000     0.0000     0.0000     0.0000     0.0000     0.0000 


-------------------------------------------------------------------------
Name (number) and performance time of processors
DVM(1) 1.029894
DVM(2) 1.029595
DVM(3) 1.030295
DVM(4) 1.030281
DVM(5) 1.030311
DVM(6) 1.030382
DVM(7) 1.039742
DVM(8) 1.029906
DVM(9) 1.030568
DVM(10) 1.030522
DVM(11) 1.029894
DVM(12) 1.029824
DVM(13) 1.030377
DVM(14) 1.030396
DVM(15) 1.029907
DVM(16) 1.031473
DVM(17) 1.030660
DVM(18) 1.030670
DVM(19) 1.031625
DVM(20) 1.030051
min - DVM(2) 1.029595; max - DVM(7) 1.039742; mid - 1.030819
