Processor system=1*2*9
Statistics has been accumulated on DVM-system version 5.0, platform DVM
Analyzer is executing on DVM-system version 5.0, platform DVM
-------------------------------------------------------------------------
INTERVAL ( NLINE=102 SOURCE=ep.c ) LEVEL=0  EXE_COUNT=2
--- The main characteristics --- 
Parallelization efficiency      0.0550 
Execution time                 25.5611 
Processors                          18
Threads amount                      18
Total time                    460.0998
Productive time                25.3070 ( CPU= 25.3069 Sys= 0.0001 I/O= 0.0000 )
Lost  time                    434.7928 
   Insufficient parallelism   430.2192 ( User= 430.2169 Sys= 0.0023 )
   Communication                4.5570 ( Real_sync= 0.0000 Starts= 0.0000 )
   Idle time                    0.0166
Load imbalance                  0.2529
Synchronization                 0.0003
Time variation                  0.0003
                  Nop   Communic    Synchro  Variation 
Reduction           2     4.5570     0.0003     0.0003 
--- The comparative characteristics --- 
                              Tmin N proc      Tmax N proc      Tmid
Lost time                  24.1411     1    24.2612    17    24.1552 
User insufficient par.     22.0979    17    24.1398     1    23.9009 
Sys.insufficient par.       0.0001     5     0.0001     4     0.0001 
Idle time                   0.0000     7     0.0011    15     0.0009 
Communication               0.0002     1     2.1622    17     0.2532 
Synchronization             0.0000    10     0.0000    18     0.0000 
Variation                   0.0000    10     0.0000    18     0.0000 
Load imbalance              0.0000     1     0.1201    17     0.0140 
Execution time             25.5600    15    25.5611     7    25.5602 
User CPU time               1.2999    17     1.4200     1     1.4059 
Sys. CPU time               0.0000     5     0.0000     4     0.0000 
Processors                      18     1         18    18         18 
                      Communic          Synchro        Variation  
Reduction       Tmin    0.0002     1     0.0000    10     0.0000    10 
Reduction       Tmax    2.1622    17     0.0000    18     0.0000    18 
Reduction       Tmid    0.2532           0.0000           0.0000       
--- The execution characteristics --- 
                                1          2          3          4          5          6          7          8          9         10         11         12         13         14         15         16         17         18 
Lost time                 24.1411    24.1411    24.1411    24.1411    24.1452    24.1452    24.1455    24.1455    24.1453    24.1453    24.1455    24.1455    24.1464    24.1464    24.1415    24.1415    24.2612    24.2284 
User insufficient par.    24.1398    24.1397    24.1391    24.1391    24.0703    24.0703    24.0658    24.0654    24.0683    24.0682    24.0656    24.0656    24.0506    24.0506    24.1326    24.1326    22.0979    22.6555 
Sys.insufficient par.      0.0001     0.0001     0.0001     0.0001     0.0001     0.0001     0.0001     0.0001     0.0001     0.0001     0.0001     0.0001     0.0001     0.0001     0.0001     0.0001     0.0001     0.0001 
Idle time                  0.0010     0.0010     0.0010     0.0010     0.0011     0.0010     0.0000     0.0004     0.0010     0.0010     0.0010     0.0010     0.0010     0.0010     0.0011     0.0010     0.0010     0.0010 
Communication              0.0002     0.0002     0.0009     0.0010     0.0737     0.0737     0.0795     0.0795     0.0759     0.0759     0.0787     0.0787     0.0946     0.0946     0.0078     0.0078     2.1622     1.5718 
Synchronization            0.0000     0.0000     0.0000     0.0000     0.0000     0.0000     0.0000     0.0000     0.0000     0.0000     0.0000     0.0000     0.0000     0.0000     0.0000     0.0000     0.0000     0.0000 
Variation                  0.0000     0.0000     0.0000     0.0000     0.0000     0.0000     0.0000     0.0000     0.0000     0.0000     0.0000     0.0000     0.0000     0.0000     0.0000     0.0000     0.0000     0.0000 
Load imbalance             0.0000     0.0000     0.0000     0.0000     0.0041     0.0041     0.0044     0.0044     0.0042     0.0042     0.0044     0.0044     0.0052     0.0052     0.0004     0.0004     0.1201     0.0873 
Execution time            25.5601    25.5601    25.5601    25.5601    25.5600    25.5601    25.5611    25.5607    25.5601    25.5601    25.5601    25.5601    25.5601    25.5601    25.5600    25.5601    25.5601    25.5601 
User CPU time              1.4200     1.4200     1.4199     1.4199     1.4159     1.4159     1.4156     1.4156     1.4158     1.4158     1.4156     1.4156     1.4147     1.4147     1.4196     1.4196     1.2999     1.3327 
Sys. CPU time              0.0000     0.0000     0.0000     0.0000     0.0000     0.0000     0.0000     0.0000     0.0000     0.0000     0.0000     0.0000     0.0000     0.0000     0.0000     0.0000     0.0000     0.0000 
Processors                     18         18         18         18         18         18         18         18         18         18         18         18         18         18         18         18         18         18 
           Communication          
Reduction                  0.0002     0.0002     0.0009     0.0010     0.0737     0.0737     0.0795     0.0795     0.0759     0.0759     0.0787     0.0787     0.0946     0.0946     0.0078     0.0078     2.1622     1.5718 
           Synchronization        
Reduction                  0.0000     0.0000     0.0000     0.0000     0.0000     0.0000     0.0000     0.0000     0.0000     0.0000     0.0000     0.0000     0.0000     0.0000     0.0000     0.0000     0.0000     0.0000 
           Variation              
Reduction                  0.0000     0.0000     0.0000     0.0000     0.0000     0.0000     0.0000     0.0000     0.0000     0.0000     0.0000     0.0000     0.0000     0.0000     0.0000     0.0000     0.0000     0.0000 


-------------------------------------------------------------------------
Name (number) and performance time of processors
DVM(1) 1.030981
DVM(2) 1.030831
DVM(3) 1.030702
DVM(4) 1.030757
DVM(5) 1.030423
DVM(6) 1.030411
DVM(7) 1.030681
DVM(8) 1.030715
DVM(9) 1.030528
DVM(10) 1.030485
DVM(11) 1.030387
DVM(12) 1.030361
DVM(13) 1.030839
DVM(14) 1.030840
DVM(15) 1.030057
DVM(16) 1.030140
DVM(17) 1.030562
DVM(18) 1.030562
min - DVM(15) 1.030057; max - DVM(1) 1.030981; mid - 1.030570
