Processor system=3*7*1
Statistics has been accumulated on DVM-system version 5.0, platform DVM
Analyzer is executing on DVM-system version 5.0, platform DVM
-------------------------------------------------------------------------
INTERVAL ( NLINE=12 SOURCE=rb.c ) LEVEL=0  EXE_COUNT=2
--- The main characteristics --- 
Parallelization efficiency      0.5825 
Execution time                  1.0781 
Processors                          21
Threads amount                      21
Total time                     22.6411
Productive time                13.1894 ( CPU= 13.1483 Sys= 0.0410 I/O= 0.0000 )
Lost  time                      9.4517 
   Insufficient parallelism     1.0718 ( User= 0.2510 Sys= 0.8208 )
   Communication                8.2867 ( Real_sync= 0.0000 Starts= 0.0000 )
   Idle time                    0.0932
Load imbalance                  3.4593
Synchronization                11.3072
Time variation                  9.6200
Overlap                         0.0002
                  Nop   Communic    Synchro  Variation    Overlap 
Reduction          10     5.7446     2.2364     2.2375     0.0001 
Shadow             21     2.5421     9.0708     7.3825     0.0001 
--- The comparative characteristics --- 
                              Tmin N proc      Tmax N proc      Tmid
Lost time                   0.2854    20     0.5253    17     0.4501 
User insufficient par.      0.0092    14     0.0311     1     0.0120 
Sys.insufficient par.       0.0286    14     0.0689    20     0.0391 
Idle time                   0.0000    10     0.0174     6     0.0044 
Communication               0.2003    20     0.4735    15     0.3946 
Synchronization             0.2963    16     0.6289     8     0.5384 
Variation                   0.3279    16     0.6164    14     0.4581 
Overlap                     0.0000     3     0.0001    16     0.0000 
Load imbalance              0.0000    20     0.2400    17     0.1647 
Execution time              1.0608     6     1.0781    10     1.0737 
User CPU time               0.5505    17     0.7894    20     0.6261 
Sys. CPU time               0.0014    14     0.0034    20     0.0020 
Processors                      21     1         21    21         21 
                      Communic          Synchro        Variation          Overlap  
Reduction       Tmin    0.1786    20     0.0468    16     0.0469    16     0.0000     1 
Reduction       Tmax    0.3588    14     0.1158     1     0.1158    17     0.0000    16 
Reduction       Tmid    0.2736           0.1065           0.1065           0.0000       
Shadow          Tmin    0.0128    16     0.2494    16     0.2486     9     0.0000     2 
Shadow          Tmax    0.2332     9     0.5138     8     0.5006    14     0.0000    16 
Shadow          Tmid    0.1211           0.4319           0.3515           0.0000       
--- The execution characteristics --- 
                                1          2          3          4          5          6          7          8          9         10         11         12         13         14         15         16         17         18         19         20         21 
Lost time                  0.4066     0.4360     0.4594     0.4786     0.4452     0.4413     0.4517     0.4737     0.4906     0.4759     0.3715     0.4853     0.4913     0.4394     0.5191     0.3413     0.5253     0.4827     0.4902     0.2854     0.4611 
User insufficient par.     0.0311     0.0111     0.0100     0.0108     0.0105     0.0100     0.0107     0.0139     0.0108     0.0138     0.0123     0.0103     0.0108     0.0092     0.0110     0.0103     0.0109     0.0093     0.0105     0.0132     0.0104 
Sys.insufficient par.      0.0449     0.0365     0.0404     0.0377     0.0448     0.0405     0.0323     0.0323     0.0319     0.0406     0.0349     0.0394     0.0342     0.0286     0.0330     0.0332     0.0459     0.0462     0.0418     0.0689     0.0330 
Idle time                  0.0004     0.0030     0.0031     0.0030     0.0029     0.0174     0.0030     0.0030     0.0020     0.0000     0.0173     0.0174     0.0030     0.0029     0.0016     0.0008     0.0012     0.0030     0.0031     0.0030     0.0023 
Communication              0.3302     0.3854     0.4060     0.4271     0.3869     0.3735     0.4057     0.4246     0.4460     0.4214     0.3071     0.4183     0.4434     0.3987     0.4735     0.2970     0.4674     0.4242     0.4348     0.2003     0.4154 
Synchronization            0.5533     0.5646     0.5278     0.4395     0.5041     0.5727     0.6275     0.6289     0.5528     0.5832     0.4611     0.5624     0.5758     0.6118     0.5788     0.2963     0.5609     0.5902     0.5842     0.3516     0.5797 
Variation                  0.5263     0.4827     0.4687     0.3952     0.4543     0.5286     0.6029     0.5406     0.3638     0.5008     0.4399     0.4701     0.4199     0.6164     0.4094     0.3279     0.3712     0.4868     0.4242     0.3729     0.4174 
Overlap                    0.0000     0.0000     0.0000     0.0000     0.0000     0.0000     0.0000     0.0000     0.0000     0.0000     0.0000     0.0000     0.0000     0.0000     0.0000     0.0001     0.0000     0.0000     0.0000     0.0000     0.0000 
Load imbalance             0.1213     0.1507     0.1740     0.1933     0.1598     0.1560     0.1664     0.1884     0.2053     0.1905     0.0862     0.2000     0.2060     0.1540     0.2337     0.0560     0.2400     0.1973     0.2048     0.0000     0.1757 
Execution time             1.0778     1.0751     1.0751     1.0751     1.0752     1.0608     1.0752     1.0752     1.0762     1.0781     1.0608     1.0608     1.0751     1.0752     1.0765     1.0773     1.0770     1.0752     1.0751     1.0752     1.0758 
User CPU time              0.6693     0.6403     0.6167     0.5977     0.6308     0.6348     0.6248     0.6028     0.5859     0.6003     0.7049     0.5908     0.5851     0.6373     0.5574     0.7352     0.5505     0.5932     0.5859     0.7894     0.6154 
Sys. CPU time              0.0022     0.0018     0.0020     0.0019     0.0022     0.0020     0.0016     0.0016     0.0016     0.0020     0.0017     0.0020     0.0017     0.0014     0.0017     0.0017     0.0023     0.0023     0.0021     0.0034     0.0016 
Processors                     21         21         21         21         21         21         21         21         21         21         21         21         21         21         21         21         21         21         21         21         21 
           Communication          
Reduction                  0.2615     0.2628     0.3080     0.3408     0.2999     0.2902     0.3394     0.2943     0.2128     0.2991     0.2415     0.2868     0.2443     0.3588     0.2660     0.2842     0.2453     0.2796     0.2375     0.1786     0.2131 
Shadow                     0.0688     0.1227     0.0979     0.0863     0.0871     0.0832     0.0663     0.1303     0.2332     0.1223     0.0655     0.1315     0.1990     0.0398     0.2074     0.0128     0.2221     0.1446     0.1973     0.0217     0.2023 
           Synchronization        
Reduction                  0.1158     0.1151     0.1014     0.0716     0.0982     0.1151     0.1151     0.1151     0.1151     0.1157     0.1014     0.1157     0.1157     0.1157     0.1158     0.0468     0.1158     0.1157     0.1158     0.0840     0.1158 
Shadow                     0.4375     0.4495     0.4264     0.3679     0.4059     0.4576     0.5124     0.5138     0.4377     0.4674     0.3597     0.4467     0.4600     0.4961     0.4630     0.2494     0.4451     0.4745     0.4685     0.2677     0.4640 
           Variation              
Reduction                  0.1158     0.1152     0.1015     0.0717     0.0983     0.1151     0.1151     0.1152     0.1152     0.1158     0.1014     0.1158     0.1158     0.1158     0.1158     0.0469     0.1158     0.1158     0.1158     0.0840     0.1158 
Shadow                     0.4105     0.3676     0.3672     0.3235     0.3560     0.4135     0.4878     0.4254     0.2486     0.3851     0.3385     0.3544     0.3041     0.5006     0.2936     0.2810     0.2554     0.3710     0.3084     0.2889     0.3015 
           Overlap                
Reduction                  0.0000     0.0000     0.0000     0.0000     0.0000     0.0000     0.0000     0.0000     0.0000     0.0000     0.0000     0.0000     0.0000     0.0000     0.0000     0.0000     0.0000     0.0000     0.0000     0.0000     0.0000 
Shadow                     0.0000     0.0000     0.0000     0.0000     0.0000     0.0000     0.0000     0.0000     0.0000     0.0000     0.0000     0.0000     0.0000     0.0000     0.0000     0.0000     0.0000     0.0000     0.0000     0.0000     0.0000 


-------------------------------------------------------------------------
Name (number) and performance time of processors
DVM(1) 2.473627
DVM(2) 1.035003
DVM(3) 1.030173
DVM(4) 1.045789
DVM(5) 1.030598
DVM(6) 1.030694
DVM(7) 1.030424
DVM(8) 1.030312
DVM(9) 1.030633
DVM(10) 1.030626
DVM(11) 1.030737
DVM(12) 1.030722
DVM(13) 1.030126
DVM(14) 1.030265
DVM(15) 1.030124
DVM(16) 1.030118
DVM(17) 1.030756
DVM(18) 1.030660
DVM(19) 1.030421
DVM(20) 1.033868
DVM(21) 2.454567
min - DVM(16) 1.030118; max - DVM(1) 2.473627; mid - 1.168107
