Processor system=1*2*9
Statistics has been accumulated on DVM-system version 5.0, platform DVM
Analyzer is executing on DVM-system version 5.0, platform DVM
-------------------------------------------------------------------------
INTERVAL ( NLINE=12 SOURCE=rb.c ) LEVEL=0  EXE_COUNT=2
--- The main characteristics --- 
Parallelization efficiency      0.1070 
Execution time                  7.7846 
Processors                          18
Threads amount                      18
Total time                    140.1237
Productive time                14.9958 ( CPU= 14.7996 Sys= 0.1962 I/O= 0.0000 )
Lost  time                    125.1279 
   Insufficient parallelism   121.8005 ( User= 118.4658 Sys= 3.3347 )
   Communication                2.7225 ( Real_sync= 0.0000 Starts= 0.0000 )
   Idle time                    0.6049
Load imbalance                  0.3348
Synchronization                10.8444
Time variation                  9.8104
Overlap                         0.0002
                  Nop   Communic    Synchro  Variation    Overlap 
Reduction          10     1.3038     3.1667     3.1669     0.0001 
Shadow             20     1.4187     7.6777     6.6435     0.0001 
--- The comparative characteristics --- 
                              Tmin N proc      Tmax N proc      Tmid
Lost time                   6.9330     1     7.0639    18     6.9516 
User insufficient par.      5.7101    18     6.7238     1     6.5814 
Sys.insufficient par.       0.1299    17     0.2283    14     0.1853 
Idle time                   0.0000    14     0.1570    18     0.0336 
Communication               0.0050     7     1.1415    17     0.1513 
Synchronization             0.0021    14     2.0371    18     0.6025 
Variation                   0.0030    14     1.5608    18     0.5450 
Overlap                     0.0000     1     0.0001    14     0.0000 
Load imbalance              0.0000     1     0.1309    18     0.0186 
Execution time              7.6277    18     7.7846    14     7.7510 
User CPU time               0.7130    18     0.8401     1     0.8222 
Sys. CPU time               0.0076    17     0.0134    14     0.0109 
Processors                      18     1         18    18         18 
                      Communic          Synchro        Variation          Overlap  
Reduction       Tmin    0.0008    13     0.0000     5     0.0000    14     0.0000     1 
Reduction       Tmax    0.5549    18     0.5137     9     0.5137     9     0.0000     5 
Reduction       Tmid    0.0724           0.1759           0.1759           0.0000       
Shadow          Tmin    0.0029     1     0.0020    14     0.0030    14     0.0000     1 
Shadow          Tmax    0.5900    17     1.5234    18     1.0471    18     0.0001    14 
Shadow          Tmid    0.0788           0.4265           0.3691           0.0000       
--- The execution characteristics --- 
                                1          2          3          4          5          6          7          8          9         10         11         12         13         14         15         16         17         18 
Lost time                  6.9330     6.9330     6.9357     6.9371     6.9424     6.9397     6.9341     6.9339     6.9435     6.9402     6.9361     6.9346     6.9339     6.9342     6.9461     6.9447     7.0618     7.0639 
User insufficient par.     6.7238     6.7198     6.7145     6.6939     6.6546     6.6863     6.7042     6.7064     6.6561     6.6793     6.7014     6.7198     6.7055     6.6995     6.6292     6.6364     5.7251     5.7101 
Sys.insufficient par.      0.1967     0.2049     0.1705     0.1915     0.1855     0.1651     0.2194     0.2189     0.1667     0.1672     0.1949     0.1782     0.2214     0.2283     0.1785     0.1845     0.1299     0.1327 
Idle time                  0.0050     0.0023     0.0328     0.0012     0.0007     0.0809     0.0056     0.0023     0.1085     0.0149     0.0015     0.0287     0.0004     0.0000     0.0817     0.0162     0.0653     0.1570 
Communication              0.0075     0.0061     0.0179     0.0506     0.1015     0.0074     0.0050     0.0064     0.0121     0.0788     0.0383     0.0079     0.0066     0.0064     0.0568     0.1076     1.1415     1.0640 
Synchronization            0.3748     0.2570     0.5106     0.1114     0.0771     1.0901     0.4684     0.4405     1.5296     0.4232     0.2832     0.5015     0.0813     0.0021     1.1003     0.5270     1.0291     2.0371 
Variation                  0.3813     0.2783     0.5224     0.0992     0.0207     1.1106     0.4747     0.4514     1.5512     0.4089     0.2760     0.5175     0.0705     0.0030     1.1026     0.4998     0.4813     1.5608 
Overlap                    0.0000     0.0000     0.0000     0.0000     0.0000     0.0000     0.0000     0.0000     0.0000     0.0000     0.0000     0.0000     0.0000     0.0001     0.0000     0.0000     0.0000     0.0000 
Load imbalance             0.0000     0.0001     0.0028     0.0042     0.0094     0.0067     0.0011     0.0010     0.0105     0.0073     0.0031     0.0016     0.0009     0.0013     0.0132     0.0118     0.1289     0.1309 
Execution time             7.7796     7.7824     7.7518     7.7835     7.7839     7.7038     7.7791     7.7823     7.6761     7.7697     7.7831     7.7560     7.7843     7.7846     7.7030     7.7684     7.7193     7.6277 
User CPU time              0.8401     0.8395     0.8389     0.8362     0.8314     0.8352     0.8377     0.8378     0.8314     0.8346     0.8371     0.8396     0.8378     0.8370     0.8280     0.8291     0.7152     0.7130 
Sys. CPU time              0.0116     0.0121     0.0100     0.0113     0.0109     0.0097     0.0129     0.0129     0.0098     0.0098     0.0115     0.0105     0.0130     0.0134     0.0105     0.0109     0.0076     0.0078 
Processors                     18         18         18         18         18         18         18         18         18         18         18         18         18         18         18         18         18         18 
           Communication          
Reduction                  0.0046     0.0028     0.0047     0.0160     0.0239     0.0021     0.0012     0.0030     0.0079     0.0284     0.0098     0.0033     0.0008     0.0014     0.0411     0.0464     0.5515     0.5549 
Shadow                     0.0029     0.0033     0.0132     0.0346     0.0776     0.0054     0.0038     0.0034     0.0042     0.0504     0.0285     0.0045     0.0057     0.0050     0.0157     0.0612     0.5900     0.5091 
           Synchronization        
Reduction                  0.1192     0.0870     0.1639     0.0214     0.0000     0.3651     0.1608     0.1523     0.5137     0.1191     0.0870     0.1639     0.0214     0.0001     0.3650     0.1607     0.1522     0.5137 
Shadow                     0.2556     0.1700     0.3467     0.0900     0.0771     0.7250     0.3076     0.2882     1.0159     0.3040     0.1962     0.3376     0.0599     0.0020     0.7353     0.3663     0.8769     1.5234 
           Variation              
Reduction                  0.1192     0.0871     0.1640     0.0214     0.0001     0.3651     0.1609     0.1523     0.5137     0.1192     0.0870     0.1639     0.0214     0.0000     0.3650     0.1607     0.1522     0.5137 
Shadow                     0.2621     0.1913     0.3585     0.0778     0.0207     0.7455     0.3139     0.2991     1.0374     0.2897     0.1889     0.3536     0.0490     0.0030     0.7376     0.3391     0.3291     1.0471 
           Overlap                
Reduction                  0.0000     0.0000     0.0000     0.0000     0.0000     0.0000     0.0000     0.0000     0.0000     0.0000     0.0000     0.0000     0.0000     0.0000     0.0000     0.0000     0.0000     0.0000 
Shadow                     0.0000     0.0000     0.0000     0.0000     0.0000     0.0000     0.0000     0.0000     0.0000     0.0000     0.0000     0.0000     0.0000     0.0001     0.0000     0.0000     0.0000     0.0000 


-------------------------------------------------------------------------
Name (number) and performance time of processors
DVM(1) 1.030885
DVM(2) 1.030818
DVM(3) 1.030882
DVM(4) 1.032621
DVM(5) 1.030518
DVM(6) 1.030508
DVM(7) 1.030547
DVM(8) 1.030518
DVM(9) 1.030593
DVM(10) 1.030577
DVM(11) 1.031465
DVM(12) 1.031458
DVM(13) 1.030351
DVM(14) 1.030357
DVM(15) 1.030445
DVM(16) 1.030393
DVM(17) 1.030403
DVM(18) 1.030424
min - DVM(13) 1.030351; max - DVM(4) 1.032621; mid - 1.030765
