Processor system=4*5*1
Statistics has been accumulated on DVM-system version 5.0, platform DVM
Analyzer is executing on DVM-system version 5.0, platform DVM
-------------------------------------------------------------------------
INTERVAL ( NLINE=12 SOURCE=rb.c ) LEVEL=0  EXE_COUNT=2
--- The main characteristics --- 
Parallelization efficiency      0.9379 
Execution time                  0.8964 
Processors                          20
Threads amount                      20
Total time                     17.9286
Productive time                16.8147 ( CPU= 16.7868 Sys= 0.0280 I/O= 0.0000 )
Lost  time                      1.1138 
   Insufficient parallelism     0.7496 ( User= 0.2180 Sys= 0.5316 )
   Communication                0.3329 ( Real_sync= 0.0000 Starts= 0.0000 )
   Idle time                    0.0313
Load imbalance                  0.1514
Synchronization                 0.3501
Time variation                  0.2851
Overlap                         0.0001
                  Nop   Communic    Synchro  Variation    Overlap 
Reduction          10     0.1981     0.0003     0.0003     0.0001 
Shadow             21     0.1348     0.3498     0.2848     0.0001 
--- The comparative characteristics --- 
                              Tmin N proc      Tmax N proc      Tmid
Lost time                   0.0481    17     0.0704     8     0.0557 
User insufficient par.      0.0094    17     0.0154     1     0.0109 
Sys.insufficient par.       0.0224     1     0.0312    19     0.0266 
Idle time                   0.0000    10     0.0019     4     0.0016 
Communication               0.0111    17     0.0292    10     0.0166 
Synchronization             0.0045     9     0.0221    10     0.0175 
Variation                   0.0032     8     0.0224    16     0.0143 
Overlap                     0.0000     1     0.0000    12     0.0000 
Load imbalance              0.0000    17     0.0223     8     0.0076 
Execution time              0.8945     4     0.8964    10     0.8949 
User CPU time               0.8244     8     0.8469    17     0.8393 
Sys. CPU time               0.0012     1     0.0016    19     0.0014 
Processors                      20     1         20    20         20 
                      Communic          Synchro        Variation          Overlap  
Reduction       Tmin    0.0026     4     0.0000     7     0.0000    13     0.0000     1 
Reduction       Tmax    0.0140    18     0.0000    14     0.0000    14     0.0000    17 
Reduction       Tmid    0.0099           0.0000           0.0000           0.0000       
Shadow          Tmin    0.0014     1     0.0045     9     0.0031     8     0.0000     1 
Shadow          Tmax    0.0188    10     0.0221    10     0.0224    16     0.0000    12 
Shadow          Tmid    0.0067           0.0175           0.0142           0.0000       
--- The execution characteristics --- 
                                1          2          3          4          5          6          7          8          9         10         11         12         13         14         15         16         17         18         19         20 
Lost time                  0.0539     0.0502     0.0517     0.0560     0.0515     0.0521     0.0488     0.0704     0.0566     0.0690     0.0539     0.0496     0.0512     0.0577     0.0573     0.0503     0.0481     0.0619     0.0686     0.0551 
User insufficient par.     0.0154     0.0098     0.0098     0.0096     0.0100     0.0103     0.0095     0.0117     0.0125     0.0129     0.0105     0.0097     0.0098     0.0100     0.0104     0.0102     0.0094     0.0115     0.0131     0.0119 
Sys.insufficient par.      0.0224     0.0261     0.0267     0.0263     0.0264     0.0241     0.0259     0.0300     0.0306     0.0269     0.0246     0.0262     0.0265     0.0269     0.0248     0.0239     0.0258     0.0300     0.0312     0.0265 
Idle time                  0.0018     0.0018     0.0018     0.0019     0.0018     0.0018     0.0018     0.0018     0.0008     0.0000     0.0018     0.0019     0.0018     0.0018     0.0018     0.0018     0.0018     0.0018     0.0004     0.0012 
Communication              0.0144     0.0125     0.0135     0.0181     0.0133     0.0160     0.0116     0.0268     0.0127     0.0292     0.0171     0.0119     0.0131     0.0189     0.0204     0.0144     0.0111     0.0185     0.0239     0.0155 
Synchronization            0.0190     0.0169     0.0173     0.0169     0.0198     0.0211     0.0159     0.0184     0.0045     0.0221     0.0215     0.0151     0.0162     0.0169     0.0214     0.0211     0.0163     0.0180     0.0187     0.0129 
Variation                  0.0219     0.0181     0.0183     0.0044     0.0199     0.0221     0.0167     0.0032     0.0046     0.0067     0.0220     0.0162     0.0165     0.0039     0.0123     0.0224     0.0171     0.0166     0.0101     0.0121 
Overlap                    0.0000     0.0000     0.0000     0.0000     0.0000     0.0000     0.0000     0.0000     0.0000     0.0000     0.0000     0.0000     0.0000     0.0000     0.0000     0.0000     0.0000     0.0000     0.0000     0.0000 
Load imbalance             0.0058     0.0021     0.0036     0.0079     0.0034     0.0040     0.0007     0.0223     0.0085     0.0209     0.0058     0.0015     0.0031     0.0096     0.0092     0.0022     0.0000     0.0137     0.0205     0.0070 
Execution time             0.8946     0.8947     0.8946     0.8945     0.8947     0.8947     0.8946     0.8946     0.8957     0.8964     0.8947     0.8945     0.8946     0.8946     0.8947     0.8946     0.8946     0.8946     0.8961     0.8952 
User CPU time              0.8414     0.8449     0.8433     0.8390     0.8436     0.8430     0.8463     0.8244     0.8382     0.8260     0.8412     0.8454     0.8438     0.8373     0.8379     0.8449     0.8469     0.8330     0.8262     0.8399 
Sys. CPU time              0.0012     0.0014     0.0014     0.0014     0.0014     0.0013     0.0014     0.0016     0.0016     0.0014     0.0013     0.0014     0.0014     0.0014     0.0013     0.0013     0.0014     0.0016     0.0016     0.0014 
Processors                     20         20         20         20         20         20         20         20         20         20         20         20         20         20         20         20         20         20         20         20 
           Communication          
Reduction                  0.0129     0.0106     0.0115     0.0026     0.0097     0.0123     0.0092     0.0087     0.0092     0.0104     0.0131     0.0096     0.0102     0.0028     0.0071     0.0114     0.0090     0.0140     0.0127     0.0111 
Shadow                     0.0014     0.0019     0.0020     0.0155     0.0037     0.0036     0.0024     0.0181     0.0035     0.0188     0.0040     0.0023     0.0029     0.0161     0.0133     0.0030     0.0021     0.0046     0.0112     0.0044 
           Synchronization        
Reduction                  0.0000     0.0000     0.0000     0.0000     0.0000     0.0000     0.0000     0.0000     0.0000     0.0000     0.0000     0.0000     0.0000     0.0000     0.0000     0.0000     0.0000     0.0000     0.0000     0.0000 
Shadow                     0.0190     0.0169     0.0172     0.0169     0.0198     0.0211     0.0159     0.0184     0.0045     0.0221     0.0215     0.0151     0.0162     0.0169     0.0214     0.0211     0.0163     0.0180     0.0187     0.0128 
           Variation              
Reduction                  0.0000     0.0000     0.0000     0.0000     0.0000     0.0000     0.0000     0.0000     0.0000     0.0000     0.0000     0.0000     0.0000     0.0000     0.0000     0.0000     0.0000     0.0000     0.0000     0.0000 
Shadow                     0.0218     0.0181     0.0183     0.0044     0.0199     0.0221     0.0167     0.0031     0.0046     0.0067     0.0219     0.0162     0.0165     0.0039     0.0123     0.0224     0.0171     0.0166     0.0101     0.0121 
           Overlap                
Reduction                  0.0000     0.0000     0.0000     0.0000     0.0000     0.0000     0.0000     0.0000     0.0000     0.0000     0.0000     0.0000     0.0000     0.0000     0.0000     0.0000     0.0000     0.0000     0.0000     0.0000 
Shadow                     0.0000     0.0000     0.0000     0.0000     0.0000     0.0000     0.0000     0.0000     0.0000     0.0000     0.0000     0.0000     0.0000     0.0000     0.0000     0.0000     0.0000     0.0000     0.0000     0.0000 


-------------------------------------------------------------------------
Name (number) and performance time of processors
DVM(1) 1.030653
DVM(2) 1.030266
DVM(3) 1.030418
DVM(4) 1.030482
DVM(5) 1.030309
DVM(6) 1.030218
DVM(7) 1.030690
DVM(8) 1.030701
DVM(9) 1.030769
DVM(10) 1.030746
DVM(11) 1.030328
DVM(12) 1.030312
DVM(13) 1.030226
DVM(14) 1.030234
DVM(15) 1.030141
DVM(16) 1.030125
DVM(17) 1.030312
DVM(18) 1.030347
DVM(19) 1.030618
DVM(20) 1.031950
min - DVM(16) 1.030125; max - DVM(20) 1.031950; mid - 1.030492
