Processor system=5*3*1
Statistics has been accumulated on DVM-system version 5.0, platform DVM
Analyzer is executing on DVM-system version 5.0, platform DVM
-------------------------------------------------------------------------
INTERVAL ( NLINE=12 SOURCE=rb.c ) LEVEL=0  EXE_COUNT=1
--- The main characteristics --- 
Parallelization efficiency      0.9244 
Execution time                  0.8827 
Processors                          15
Threads amount                      15
Total time                     13.2410
Productive time                12.2397 ( CPU= 12.2199 Sys= 0.0197 I/O= 0.0000 )
Lost  time                      1.0014 
   Insufficient parallelism     0.3391 ( User= 0.0627 Sys= 0.2764 )
   Communication                0.6005 ( Real_sync= 0.0000 Starts= 0.0000 )
   Idle time                    0.0618
Load imbalance                  0.5910
Synchronization                 0.3517
Time variation                  0.1990
Overlap                         0.0001
                  Nop   Communic    Synchro  Variation    Overlap 
Reduction          10     0.3961     0.0004     0.0003     0.0000 
Shadow             20     0.2044     0.3514     0.1987     0.0001 
--- The comparative characteristics --- 
                              Tmin N proc      Tmax N proc      Tmid
Lost time                   0.0274     1     0.1596    14     0.0668 
User insufficient par.      0.0027     3     0.0054     5     0.0042 
Sys.insufficient par.       0.0141    13     0.0240     5     0.0184 
Idle time                   0.0000     5     0.0103    15     0.0041 
Communication               0.0034     2     0.1283    14     0.0400 
Synchronization             0.0012     5     0.0621    13     0.0234 
Variation                   0.0005     5     0.0610    15     0.0133 
Overlap                     0.0000     1     0.0000     5     0.0000 
Load imbalance              0.0000     1     0.1322    14     0.0394 
Execution time              0.8725    15     0.8827     5     0.8786 
User CPU time               0.7220    14     0.8541     1     0.8147 
Sys. CPU time               0.0010    13     0.0017     5     0.0013 
Processors                      15     1         15    15         15 
                      Communic          Synchro        Variation          Overlap  
Reduction       Tmin    0.0006     5     0.0000    14     0.0000    14     0.0000     1 
Reduction       Tmax    0.1241    14     0.0000    10     0.0000    10     0.0000    14 
Reduction       Tmid    0.0264           0.0000           0.0000           0.0000       
Shadow          Tmin    0.0021     1     0.0011     5     0.0004     5     0.0000     1 
Shadow          Tmax    0.0557    13     0.0621    13     0.0609    15     0.0000     5 
Shadow          Tmid    0.0136           0.0234           0.0132           0.0000       
--- The execution characteristics --- 
                                1          2          3          4          5          6          7          8          9         10         11         12         13         14         15 
Lost time                  0.0274     0.0299     0.0316     0.0275     0.0337     0.0313     0.0296     0.0314     0.0312     0.0298     0.1279     0.1285     0.1306     0.1596     0.1514 
User insufficient par.     0.0049     0.0029     0.0027     0.0035     0.0054     0.0051     0.0048     0.0049     0.0030     0.0036     0.0040     0.0039     0.0050     0.0051     0.0040 
Sys.insufficient par.      0.0179     0.0213     0.0186     0.0188     0.0240     0.0200     0.0182     0.0214     0.0186     0.0184     0.0185     0.0149     0.0141     0.0170     0.0147 
Idle time                  0.0008     0.0023     0.0031     0.0015     0.0000     0.0000     0.0012     0.0004     0.0027     0.0019     0.0095     0.0099     0.0091     0.0091     0.0103 
Communication              0.0038     0.0034     0.0073     0.0037     0.0042     0.0061     0.0054     0.0047     0.0070     0.0059     0.0959     0.0998     0.1024     0.1283     0.1225 
Synchronization            0.0063     0.0025     0.0080     0.0049     0.0012     0.0055     0.0067     0.0029     0.0068     0.0068     0.0567     0.0605     0.0621     0.0594     0.0616 
Variation                  0.0080     0.0036     0.0043     0.0065     0.0005     0.0027     0.0080     0.0038     0.0053     0.0084     0.0064     0.0103     0.0107     0.0596     0.0610 
Overlap                    0.0000     0.0000     0.0000     0.0000     0.0000     0.0000     0.0000     0.0000     0.0000     0.0000     0.0000     0.0000     0.0000     0.0000     0.0000 
Load imbalance             0.0000     0.0026     0.0043     0.0002     0.0063     0.0039     0.0022     0.0040     0.0039     0.0025     0.1005     0.1011     0.1033     0.1322     0.1241 
Execution time             0.8820     0.8804     0.8796     0.8812     0.8827     0.8827     0.8816     0.8823     0.8801     0.8808     0.8733     0.8728     0.8736     0.8736     0.8725 
User CPU time              0.8541     0.8513     0.8498     0.8539     0.8474     0.8500     0.8519     0.8498     0.8502     0.8516     0.7535     0.7532     0.7511     0.7220     0.7303 
Sys. CPU time              0.0013     0.0015     0.0013     0.0013     0.0017     0.0014     0.0013     0.0015     0.0013     0.0013     0.0013     0.0011     0.0010     0.0012     0.0011 
Processors                     15         15         15         15         15         15         15         15         15         15         15         15         15         15         15 
           Communication          
Reduction                  0.0018     0.0010     0.0015     0.0014     0.0006     0.0012     0.0026     0.0015     0.0020     0.0035     0.0439     0.0462     0.0467     0.1241     0.1182 
Shadow                     0.0021     0.0025     0.0057     0.0023     0.0036     0.0050     0.0029     0.0032     0.0049     0.0024     0.0521     0.0536     0.0557     0.0042     0.0043 
           Synchronization        
Reduction                  0.0000     0.0000     0.0000     0.0000     0.0000     0.0000     0.0000     0.0000     0.0000     0.0000     0.0000     0.0000     0.0000     0.0000     0.0000 
Shadow                     0.0063     0.0024     0.0079     0.0048     0.0011     0.0054     0.0067     0.0029     0.0068     0.0067     0.0567     0.0604     0.0621     0.0594     0.0616 
           Variation              
Reduction                  0.0000     0.0000     0.0000     0.0000     0.0000     0.0000     0.0000     0.0000     0.0000     0.0000     0.0000     0.0000     0.0000     0.0000     0.0000 
Shadow                     0.0080     0.0036     0.0043     0.0065     0.0004     0.0026     0.0079     0.0038     0.0053     0.0084     0.0064     0.0103     0.0107     0.0596     0.0609 
           Overlap                
Reduction                  0.0000     0.0000     0.0000     0.0000     0.0000     0.0000     0.0000     0.0000     0.0000     0.0000     0.0000     0.0000     0.0000     0.0000     0.0000 
Shadow                     0.0000     0.0000     0.0000     0.0000     0.0000     0.0000     0.0000     0.0000     0.0000     0.0000     0.0000     0.0000     0.0000     0.0000     0.0000 


-------------------------------------------------------------------------
Name (number) and performance time of processors
DVM(1) 1.030259
DVM(2) 1.030106
DVM(3) 1.030461
DVM(4) 1.030443
DVM(5) 1.030328
DVM(6) 1.030408
DVM(7) 1.030512
DVM(8) 1.030510
DVM(9) 1.030340
DVM(10) 1.030301
DVM(11) 1.030585
DVM(12) 1.030558
DVM(13) 1.031246
DVM(14) 1.031251
DVM(15) 0.517826
min - DVM(15) 0.517826; max - DVM(14) 1.031251; mid - 0.996342
