Processor system=5*4*1
Statistics has been accumulated on DVM-system version 5.0, platform DVM
Analyzer is executing on DVM-system version 5.0, platform DVM
-------------------------------------------------------------------------
INTERVAL ( NLINE=12 SOURCE=rb.c ) LEVEL=0  EXE_COUNT=2
--- The main characteristics --- 
Parallelization efficiency      0.9532 
Execution time                  0.8971 
Processors                          20
Threads amount                      20
Total time                     17.9422
Productive time                17.1033 ( CPU= 17.0787 Sys= 0.0246 I/O= 0.0000 )
Lost  time                      0.8389 
   Insufficient parallelism     0.6600 ( User= 0.1929 Sys= 0.4671 )
   Communication                0.1677 ( Real_sync= 0.0000 Starts= 0.0000 )
   Idle time                    0.0113
Load imbalance                  0.1563
Synchronization                 0.1044
Time variation                  0.0895
Overlap                         0.0002
                  Nop   Communic    Synchro  Variation    Overlap 
Reduction          10     0.1008     0.0001     0.0002     0.0002 
Shadow             21     0.0669     0.1043     0.0893     0.0000 
--- The comparative characteristics --- 
                              Tmin N proc      Tmax N proc      Tmid
Lost time                   0.0341    17     0.0555     9     0.0419 
User insufficient par.      0.0081    12     0.0128     1     0.0096 
Sys.insufficient par.       0.0196     1     0.0280    18     0.0234 
Idle time                   0.0000    20     0.0007    12     0.0006 
Communication               0.0027     7     0.0192    20     0.0084 
Synchronization             0.0012    10     0.0093     8     0.0052 
Variation                   0.0011    10     0.0087    17     0.0045 
Overlap                     0.0000    17     0.0000    10     0.0000 
Load imbalance              0.0000    17     0.0214     9     0.0078 
Execution time              0.8964    12     0.8971    20     0.8965 
User CPU time               0.8403     9     0.8619    17     0.8539 
Sys. CPU time               0.0010     1     0.0015    18     0.0012 
Processors                      20     1         20    20         20 
                      Communic          Synchro        Variation          Overlap  
Reduction       Tmin    0.0006     7     0.0000     9     0.0000    11     0.0000     7 
Reduction       Tmax    0.0141    20     0.0000    17     0.0000    17     0.0000    19 
Reduction       Tmid    0.0050           0.0000           0.0000           0.0000       
Shadow          Tmin    0.0014    17     0.0012    10     0.0011    10     0.0000     1 
Shadow          Tmax    0.0075     8     0.0093     8     0.0087    17     0.0000    10 
Shadow          Tmid    0.0033           0.0052           0.0045           0.0000       
--- The execution characteristics --- 
                                1          2          3          4          5          6          7          8          9         10         11         12         13         14         15         16         17         18         19         20 
Lost time                  0.0385     0.0366     0.0362     0.0385     0.0411     0.0366     0.0346     0.0544     0.0555     0.0451     0.0375     0.0346     0.0406     0.0391     0.0405     0.0354     0.0341     0.0533     0.0521     0.0546 
User insufficient par.     0.0128     0.0084     0.0083     0.0087     0.0098     0.0086     0.0084     0.0115     0.0121     0.0098     0.0087     0.0081     0.0090     0.0089     0.0092     0.0085     0.0090     0.0110     0.0111     0.0108 
Sys.insufficient par.      0.0196     0.0236     0.0232     0.0211     0.0218     0.0239     0.0229     0.0238     0.0245     0.0278     0.0235     0.0202     0.0218     0.0247     0.0244     0.0203     0.0205     0.0280     0.0271     0.0245 
Idle time                  0.0006     0.0006     0.0006     0.0006     0.0006     0.0006     0.0006     0.0006     0.0007     0.0005     0.0006     0.0007     0.0006     0.0006     0.0006     0.0006     0.0006     0.0005     0.0005     0.0000 
Communication              0.0055     0.0040     0.0040     0.0081     0.0090     0.0035     0.0027     0.0185     0.0183     0.0070     0.0047     0.0056     0.0092     0.0049     0.0064     0.0059     0.0040     0.0138     0.0134     0.0192 
Synchronization            0.0060     0.0025     0.0030     0.0075     0.0080     0.0019     0.0027     0.0093     0.0089     0.0012     0.0033     0.0060     0.0078     0.0015     0.0036     0.0066     0.0073     0.0044     0.0042     0.0086 
Variation                  0.0074     0.0028     0.0034     0.0049     0.0073     0.0017     0.0030     0.0046     0.0065     0.0011     0.0025     0.0055     0.0078     0.0016     0.0028     0.0053     0.0087     0.0031     0.0038     0.0058 
Overlap                    0.0000     0.0000     0.0000     0.0000     0.0000     0.0000     0.0000     0.0000     0.0000     0.0000     0.0000     0.0000     0.0000     0.0000     0.0000     0.0000     0.0000     0.0000     0.0000     0.0000 
Load imbalance             0.0044     0.0025     0.0020     0.0044     0.0070     0.0025     0.0005     0.0203     0.0214     0.0110     0.0033     0.0004     0.0065     0.0050     0.0063     0.0012     0.0000     0.0192     0.0180     0.0205 
Execution time             0.8965     0.8965     0.8965     0.8965     0.8966     0.8965     0.8965     0.8965     0.8965     0.8966     0.8965     0.8964     0.8966     0.8965     0.8966     0.8965     0.8965     0.8966     0.8966     0.8971 
User CPU time              0.8575     0.8592     0.8597     0.8575     0.8548     0.8592     0.8613     0.8415     0.8403     0.8505     0.8584     0.8615     0.8554     0.8567     0.8553     0.8607     0.8619     0.8423     0.8436     0.8412 
Sys. CPU time              0.0010     0.0012     0.0012     0.0011     0.0011     0.0013     0.0012     0.0013     0.0013     0.0015     0.0012     0.0011     0.0011     0.0013     0.0013     0.0011     0.0011     0.0015     0.0014     0.0013 
Processors                     20         20         20         20         20         20         20         20         20         20         20         20         20         20         20         20         20         20         20         20 
           Communication          
Reduction                  0.0041     0.0019     0.0018     0.0030     0.0051     0.0011     0.0006     0.0110     0.0128     0.0044     0.0016     0.0025     0.0061     0.0020     0.0029     0.0024     0.0026     0.0101     0.0107     0.0141 
Shadow                     0.0015     0.0021     0.0021     0.0051     0.0039     0.0024     0.0022     0.0075     0.0055     0.0025     0.0031     0.0031     0.0031     0.0029     0.0035     0.0035     0.0014     0.0037     0.0027     0.0052 
           Synchronization        
Reduction                  0.0000     0.0000     0.0000     0.0000     0.0000     0.0000     0.0000     0.0000     0.0000     0.0000     0.0000     0.0000     0.0000     0.0000     0.0000     0.0000     0.0000     0.0000     0.0000     0.0000 
Shadow                     0.0060     0.0025     0.0030     0.0075     0.0080     0.0019     0.0027     0.0093     0.0089     0.0012     0.0033     0.0060     0.0078     0.0015     0.0036     0.0066     0.0073     0.0044     0.0042     0.0086 
           Variation              
Reduction                  0.0000     0.0000     0.0000     0.0000     0.0000     0.0000     0.0000     0.0000     0.0000     0.0000     0.0000     0.0000     0.0000     0.0000     0.0000     0.0000     0.0000     0.0000     0.0000     0.0000 
Shadow                     0.0074     0.0027     0.0034     0.0049     0.0073     0.0017     0.0029     0.0046     0.0064     0.0011     0.0025     0.0055     0.0078     0.0016     0.0027     0.0053     0.0087     0.0031     0.0038     0.0058 
           Overlap                
Reduction                  0.0000     0.0000     0.0000     0.0000     0.0000     0.0000     0.0000     0.0000     0.0000     0.0000     0.0000     0.0000     0.0000     0.0000     0.0000     0.0000     0.0000     0.0000     0.0000     0.0000 
Shadow                     0.0000     0.0000     0.0000     0.0000     0.0000     0.0000     0.0000     0.0000     0.0000     0.0000     0.0000     0.0000     0.0000     0.0000     0.0000     0.0000     0.0000     0.0000     0.0000     0.0000 


-------------------------------------------------------------------------
Name (number) and performance time of processors
DVM(1) 1.030337
DVM(2) 1.029959
DVM(3) 1.030497
DVM(4) 1.040497
DVM(5) 1.030671
DVM(6) 1.031777
DVM(7) 1.030594
DVM(8) 1.030616
DVM(9) 1.030412
DVM(10) 1.030456
DVM(11) 1.030599
DVM(12) 1.030321
DVM(13) 1.030290
DVM(14) 1.030339
DVM(15) 1.030656
DVM(16) 1.031203
DVM(17) 1.030122
DVM(18) 1.032439
DVM(19) 1.030679
DVM(20) 1.031611
min - DVM(2) 1.029959; max - DVM(4) 1.040497; mid - 1.031204
