Processor system=7*1*3
Statistics has been accumulated on DVM-system version 5.0, platform DVM
Analyzer is executing on DVM-system version 5.0, platform DVM
-------------------------------------------------------------------------
INTERVAL ( NLINE=12 SOURCE=rb.c ) LEVEL=0  EXE_COUNT=2
--- The main characteristics --- 
Parallelization efficiency      0.2462 
Execution time                  2.8119 
Processors                          21
Threads amount                      21
Total time                     59.0495
Productive time                14.5385 ( CPU= 14.5244 Sys= 0.0142 I/O= 0.0000 )
Lost  time                     44.5109 
   Insufficient parallelism    29.5436 ( User= 29.2602 Sys= 0.2833 )
   Communication               10.7052 ( Real_sync= 0.0000 Starts= 0.0000 )
   Idle time                    4.2622
Load imbalance                  1.9765
Synchronization               118.5625
Time variation                116.6371
Overlap                         0.0001
                  Nop   Communic    Synchro  Variation    Overlap 
Reduction          10     7.9376    37.8876    37.8876     0.0001 
Shadow             21     2.7676    80.6749    78.7495     0.0000 
--- The comparative characteristics --- 
                              Tmin N proc      Tmax N proc      Tmid
Lost time                   2.0254    18     2.1910    16     2.1196 
User insufficient par.      1.2460    16     1.5777    18     1.3933 
Sys.insufficient par.       0.0096     6     0.0161    14     0.0135 
Idle time                   0.0000     7     0.3121    12     0.2030 
Communication               0.1434    18     0.9069    16     0.5098 
Synchronization             0.3436    10     8.3241    12     5.6458 
Variation                   0.0891     7     8.3312    12     5.5541 
Overlap                     0.0000     2     0.0000     4     0.0000 
Load imbalance              0.0000    18     0.1656    16     0.0941 
Execution time              2.4998    12     2.8119     7     2.6089 
User CPU time               0.6201    16     0.7858    18     0.6916 
Sys. CPU time               0.0005     6     0.0008    14     0.0007 
Processors                      21     1         21    21         21 
                      Communic          Synchro        Variation          Overlap  
Reduction       Tmin    0.1234    18     0.0150     1     0.0150     1     0.0000     2 
Reduction       Tmax    0.7064     1     2.7335    21     2.7335    21     0.0000     4 
Reduction       Tmid    0.3780           1.8042           1.8042           0.0000       
Shadow          Tmin    0.0067    19     0.3199    10     0.0587     7     0.0000     2 
Shadow          Tmax    0.4513     7     5.5907    12     5.5977    12     0.0000    10 
Shadow          Tmid    0.1318           3.8417           3.7500           0.0000       
--- The execution characteristics --- 
                                1          2          3          4          5          6          7          8          9         10         11         12         13         14         15         16         17         18         19         20         21 
Lost time                  2.1736     2.0959     2.1556     2.0950     2.1180     2.1126     2.1096     2.0912     2.1580     2.1033     2.1356     2.1362     2.1655     2.1131     2.1274     2.1910     2.1205     2.0254     2.0630     2.0908     2.1296 
User insufficient par.     1.2836     1.4455     1.3313     1.4373     1.4031     1.4071     1.4094     1.4448     1.3262     1.4209     1.3575     1.3693     1.2964     1.4006     1.3874     1.2460     1.3865     1.5777     1.5014     1.4470     1.3813 
Sys.insufficient par.      0.0107     0.0124     0.0143     0.0130     0.0153     0.0096     0.0102     0.0127     0.0157     0.0130     0.0125     0.0159     0.0146     0.0161     0.0156     0.0143     0.0139     0.0122     0.0126     0.0146     0.0140 
Idle time                  0.0181     0.2662     0.3120     0.0305     0.2658     0.3120     0.0000     0.2722     0.3120     0.0177     0.2883     0.3121     0.0246     0.2809     0.3120     0.0239     0.2810     0.2921     0.0380     0.2906     0.3120 
Communication              0.8611     0.3717     0.4980     0.6142     0.4337     0.3838     0.6901     0.3616     0.5041     0.6516     0.4773     0.4389     0.8298     0.4155     0.4123     0.9069     0.4392     0.1434     0.5110     0.3386     0.4222 
Synchronization            0.6006     8.1214     8.2956     0.4906     8.1207     8.2776     0.5001     8.0580     8.3187     0.3436     8.1526     8.3241     0.6389     8.1049     8.3085     0.7003     8.0983     8.1949     0.4979     8.1026     8.3125 
Variation                  0.4857     8.0917     8.3097     0.3384     8.0135     8.3081     0.0891     8.0309     8.3182     0.2096     8.0467     8.3312     0.3216     8.0400     8.2158     0.4699     7.9959     8.2156     0.5303     8.0509     8.2242 
Overlap                    0.0000     0.0000     0.0000     0.0000     0.0000     0.0000     0.0000     0.0000     0.0000     0.0000     0.0000     0.0000     0.0000     0.0000     0.0000     0.0000     0.0000     0.0000     0.0000     0.0000     0.0000 
Load imbalance             0.1481     0.0704     0.1302     0.0695     0.0926     0.0872     0.0842     0.0658     0.1325     0.0778     0.1101     0.1107     0.1401     0.0876     0.1019     0.1656     0.0951     0.0000     0.0376     0.0654     0.1041 
Execution time             2.7937     2.5457     2.4998     2.7814     2.5460     2.4999     2.8119     2.5397     2.4998     2.7942     2.5236     2.4998     2.7872     2.5310     2.4998     2.7880     2.5309     2.5198     2.7738     2.5213     2.4998 
User CPU time              0.6378     0.7154     0.6555     0.7163     0.6931     0.6988     0.7017     0.7200     0.6531     0.7080     0.6757     0.6749     0.6456     0.6980     0.6837     0.6201     0.6907     0.7858     0.7482     0.7203     0.6816 
Sys. CPU time              0.0005     0.0006     0.0007     0.0006     0.0008     0.0005     0.0005     0.0006     0.0008     0.0006     0.0006     0.0008     0.0007     0.0008     0.0008     0.0007     0.0007     0.0006     0.0006     0.0007     0.0007 
Processors                     21         21         21         21         21         21         21         21         21         21         21         21         21         21         21         21         21         21         21         21         21 
           Communication          
Reduction                  0.7064     0.3020     0.4724     0.4223     0.2866     0.3739     0.2388     0.2942     0.4628     0.4775     0.3313     0.4054     0.4722     0.3102     0.2791     0.6366     0.2960     0.1234     0.5043     0.2469     0.2951 
Shadow                     0.1547     0.0698     0.0256     0.1919     0.1471     0.0099     0.4513     0.0674     0.0413     0.1741     0.1460     0.0334     0.3576     0.1053     0.1332     0.2703     0.1432     0.0200     0.0067     0.0917     0.1270 
           Synchronization        
Reduction                  0.0150     2.6454     2.7216     0.0184     2.6592     2.7217     0.0304     2.6361     2.7335     0.0237     2.6591     2.7335     0.0384     2.6591     2.7335     0.0384     2.6564     2.7334     0.0384     2.6592     2.7335 
Shadow                     0.5856     5.4760     5.5740     0.4723     5.4615     5.5559     0.4698     5.4219     5.5852     0.3199     5.4935     5.5907     0.6004     5.4458     5.5751     0.6619     5.4419     5.4615     0.4595     5.4434     5.5789 
           Variation              
Reduction                  0.0150     2.6454     2.7216     0.0184     2.6592     2.7217     0.0304     2.6361     2.7335     0.0237     2.6591     2.7335     0.0384     2.6591     2.7335     0.0384     2.6564     2.7334     0.0384     2.6592     2.7335 
Shadow                     0.4707     5.4463     5.5881     0.3200     5.3544     5.5864     0.0587     5.3948     5.5847     0.1859     5.3876     5.5977     0.2831     5.3809     5.4824     0.4315     5.3396     5.4822     0.4920     5.3918     5.4907 
           Overlap                
Reduction                  0.0000     0.0000     0.0000     0.0000     0.0000     0.0000     0.0000     0.0000     0.0000     0.0000     0.0000     0.0000     0.0000     0.0000     0.0000     0.0000     0.0000     0.0000     0.0000     0.0000     0.0000 
Shadow                     0.0000     0.0000     0.0000     0.0000     0.0000     0.0000     0.0000     0.0000     0.0000     0.0000     0.0000     0.0000     0.0000     0.0000     0.0000     0.0000     0.0000     0.0000     0.0000     0.0000     0.0000 


-------------------------------------------------------------------------
Name (number) and performance time of processors
DVM(1) 2.468207
DVM(2) 1.029777
DVM(3) 1.030477
DVM(4) 1.044846
DVM(5) 1.053846
DVM(6) 1.029895
DVM(7) 1.031971
DVM(8) 1.030486
DVM(9) 1.030599
DVM(10) 1.030632
DVM(11) 1.030153
DVM(12) 1.030370
DVM(13) 1.030364
DVM(14) 1.030371
DVM(15) 1.031302
DVM(16) 1.031178
DVM(17) 1.030567
DVM(18) 1.031598
DVM(19) 1.030390
DVM(20) 1.030252
DVM(21) 2.460852
min - DVM(2) 1.029777; max - DVM(1) 2.468207; mid - 1.168959
