Processor system=2*3*3
Statistics has been accumulated on DVM-system version 5.0, platform DVM
Analyzer is executing on DVM-system version 5.0, platform DVM
-------------------------------------------------------------------------
INTERVAL ( NLINE=12 SOURCE=rb.c ) LEVEL=0  EXE_COUNT=2
--- The main characteristics --- 
Parallelization efficiency      0.3164 
Execution time                  2.6017 
Processors                          18
Threads amount                      18
Total time                     46.8297
Productive time                14.8162 ( CPU= 14.7484 Sys= 0.0678 I/O= 0.0000 )
Lost  time                     32.0135 
   Insufficient parallelism    30.7266 ( User= 29.5746 Sys= 1.1519 )
   Communication                1.1092 ( Real_sync= 0.0000 Starts= 0.0000 )
   Idle time                    0.1778
Load imbalance                  0.2864
Synchronization                 2.5602
Time variation                  2.3865
Overlap                         0.0002
                  Nop   Communic    Synchro  Variation    Overlap 
Reduction          10     0.5536     0.5658     0.5659     0.0001 
Shadow             20     0.5555     1.9944     1.8206     0.0001 
--- The comparative characteristics --- 
                              Tmin N proc      Tmax N proc      Tmid
Lost time                   1.7626    11     1.8824    17     1.7785 
User insufficient par.      1.4387    17     1.6757     3     1.6430 
Sys.insufficient par.       0.0459    18     0.0994    13     0.0640 
Idle time                   0.0000     4     0.0334    18     0.0099 
Communication               0.0048    13     0.3634    17     0.0616 
Synchronization             0.0006    13     0.3535    18     0.1422 
Variation                   0.0042    13     0.2188    12     0.1326 
Overlap                     0.0000     2     0.0001    13     0.0000 
Load imbalance              0.0000    11     0.1198    17     0.0159 
Execution time              2.5683    18     2.6017     4     2.5918 
User CPU time               0.7163    17     0.8357     3     0.8194 
Sys. CPU time               0.0027    18     0.0058    13     0.0038 
Processors                      18     1         18    18         18 
                      Communic          Synchro        Variation          Overlap  
Reduction       Tmin    0.0009    13     0.0001     1     0.0001     1     0.0000     2 
Reduction       Tmax    0.1823    17     0.0536     6     0.0535     6     0.0000     1 
Reduction       Tmid    0.0308           0.0314           0.0314           0.0000       
Shadow          Tmin    0.0029    15     0.0005    13     0.0041    13     0.0000     1 
Shadow          Tmax    0.1811    17     0.2999    18     0.1653    12     0.0001    13 
Shadow          Tmid    0.0309           0.1108           0.1011           0.0000       
--- The execution characteristics --- 
                                1          2          3          4          5          6          7          8          9         10         11         12         13         14         15         16         17         18 
Lost time                  1.7667     1.7638     1.7627     1.7683     1.7646     1.7630     1.7672     1.7637     1.7628     1.7699     1.7626     1.7649     1.7669     1.7628     1.7653     1.7777     1.8824     1.8782 
User insufficient par.     1.6664     1.6725     1.6757     1.6633     1.6671     1.6735     1.6659     1.6716     1.6747     1.6602     1.6744     1.6718     1.6627     1.6732     1.6675     1.6447     1.4387     1.4505 
Sys.insufficient par.      0.0627     0.0569     0.0543     0.0697     0.0862     0.0585     0.0680     0.0631     0.0558     0.0637     0.0584     0.0528     0.0994     0.0621     0.0737     0.0716     0.0493     0.0459 
Idle time                  0.0019     0.0069     0.0170     0.0000     0.0048     0.0162     0.0000     0.0041     0.0166     0.0024     0.0065     0.0174     0.0000     0.0058     0.0137     0.0000     0.0310     0.0334 
Communication              0.0357     0.0275     0.0157     0.0353     0.0065     0.0148     0.0333     0.0249     0.0157     0.0436     0.0233     0.0229     0.0048     0.0217     0.0104     0.0615     0.3634     0.3484 
Synchronization            0.0414     0.1615     0.1965     0.0255     0.1291     0.1797     0.0346     0.1506     0.1914     0.0483     0.1594     0.1961     0.0006     0.1468     0.1765     0.0429     0.3259     0.3535 
Variation                  0.0597     0.1752     0.2134     0.0323     0.1412     0.2033     0.0369     0.1445     0.1995     0.0496     0.1801     0.2188     0.0042     0.1588     0.1966     0.0118     0.1637     0.1969 
Overlap                    0.0000     0.0000     0.0000     0.0000     0.0000     0.0000     0.0000     0.0000     0.0000     0.0000     0.0000     0.0000     0.0001     0.0000     0.0000     0.0000     0.0000     0.0000 
Load imbalance             0.0041     0.0012     0.0001     0.0057     0.0020     0.0004     0.0046     0.0010     0.0002     0.0073     0.0000     0.0022     0.0043     0.0001     0.0027     0.0151     0.1198     0.1156 
Execution time             2.5997     2.5947     2.5846     2.6017     2.5969     2.5855     2.6016     2.5976     2.5850     2.5992     2.5951     2.5842     2.6016     2.5959     2.5879     2.6016     2.5706     2.5683 
User CPU time              0.8312     0.8345     0.8357     0.8292     0.8320     0.8352     0.8304     0.8343     0.8356     0.8280     0.8356     0.8337     0.8289     0.8352     0.8320     0.8197     0.7163     0.7208 
Sys. CPU time              0.0037     0.0033     0.0032     0.0041     0.0051     0.0034     0.0040     0.0037     0.0033     0.0037     0.0034     0.0031     0.0058     0.0037     0.0043     0.0042     0.0029     0.0027 
Processors                     18         18         18         18         18         18         18         18         18         18         18         18         18         18         18         18         18         18 
           Communication          
Reduction                  0.0323     0.0159     0.0072     0.0134     0.0035     0.0104     0.0218     0.0026     0.0027     0.0216     0.0194     0.0179     0.0009     0.0055     0.0075     0.0186     0.1823     0.1701 
Shadow                     0.0034     0.0116     0.0085     0.0218     0.0030     0.0043     0.0115     0.0223     0.0130     0.0220     0.0039     0.0050     0.0039     0.0161     0.0029     0.0429     0.1811     0.1783 
           Synchronization        
Reduction                  0.0001     0.0406     0.0534     0.0002     0.0407     0.0536     0.0001     0.0407     0.0535     0.0001     0.0406     0.0535     0.0001     0.0407     0.0535     0.0001     0.0407     0.0535 
Shadow                     0.0413     0.1209     0.1430     0.0254     0.0884     0.1261     0.0345     0.1100     0.1380     0.0481     0.1187     0.1426     0.0005     0.1061     0.1230     0.0428     0.2852     0.2999 
           Variation              
Reduction                  0.0001     0.0407     0.0534     0.0002     0.0407     0.0535     0.0001     0.0407     0.0535     0.0001     0.0407     0.0535     0.0001     0.0407     0.0535     0.0001     0.0407     0.0535 
Shadow                     0.0597     0.1346     0.1600     0.0321     0.1005     0.1498     0.0368     0.1038     0.1460     0.0495     0.1395     0.1653     0.0041     0.1181     0.1431     0.0116     0.1230     0.1434 
           Overlap                
Reduction                  0.0000     0.0000     0.0000     0.0000     0.0000     0.0000     0.0000     0.0000     0.0000     0.0000     0.0000     0.0000     0.0000     0.0000     0.0000     0.0000     0.0000     0.0000 
Shadow                     0.0000     0.0000     0.0000     0.0000     0.0000     0.0000     0.0000     0.0000     0.0000     0.0000     0.0000     0.0000     0.0001     0.0000     0.0000     0.0000     0.0000     0.0000 


-------------------------------------------------------------------------
Name (number) and performance time of processors
DVM(1) 1.030652
DVM(2) 1.030467
DVM(3) 1.030438
DVM(4) 1.032224
DVM(5) 1.030446
DVM(6) 1.030468
DVM(7) 1.030558
DVM(8) 1.030540
DVM(9) 1.030449
DVM(10) 1.030446
DVM(11) 1.030920
DVM(12) 1.030853
DVM(13) 1.030530
DVM(14) 1.030654
DVM(15) 1.030875
DVM(16) 1.030272
DVM(17) 1.030507
DVM(18) 1.030527
min - DVM(16) 1.030272; max - DVM(4) 1.032224; mid - 1.030657
