Processor system=1*4*5
Statistics has been accumulated on DVM-system version 5.0, platform DVM
Analyzer is executing on DVM-system version 5.0, platform DVM
-------------------------------------------------------------------------
INTERVAL ( NLINE=12 SOURCE=rb.c ) LEVEL=0  EXE_COUNT=2
--- The main characteristics --- 
Parallelization efficiency      0.1851 
Execution time                  4.4142 
Processors                          20
Threads amount                      20
Total time                     88.2849
Productive time                16.3389 ( CPU= 16.1055 Sys= 0.2334 I/O= 0.0000 )
Lost  time                     71.9460 
   Insufficient parallelism    69.0563 ( User= 64.6221 Sys= 4.4342 )
   Communication                2.2022 ( Real_sync= 0.0000 Starts= 0.0000 )
   Idle time                    0.6875
Load imbalance                  0.3444
Synchronization                 8.2834
Time variation                  8.4021
Overlap                         0.0002
                  Nop   Communic    Synchro  Variation    Overlap 
Reduction          10     1.0928     2.2615     2.2613     0.0001 
Shadow             21     1.1094     6.0219     6.1408     0.0001 
--- The comparative characteristics --- 
                              Tmin N proc      Tmax N proc      Tmid
Lost time                   3.5801     7     3.6238    18     3.5973 
User insufficient par.      3.1375    18     3.2935     7     3.2311 
Sys.insufficient par.       0.1419     4     0.3293     9     0.2217 
Idle time                   0.0000     9     0.0726     3     0.0344 
Communication               0.0187     6     0.2470    18     0.1101 
Synchronization             0.0093    14     1.0765     3     0.4142 
Variation                   0.0153    14     1.0978     3     0.4201 
Overlap                     0.0000     1     0.0001     9     0.0000 
Load imbalance              0.0000     7     0.0437    18     0.0172 
Execution time              4.3417     3     4.4142     9     4.3799 
User CPU time               0.7816    18     0.8203     7     0.8053 
Sys. CPU time               0.0075     4     0.0173     9     0.0117 
Processors                      20     1         20    20         20 
                      Communic          Synchro        Variation          Overlap  
Reduction       Tmin    0.0074    15     0.0000     4     0.0000     4     0.0000     1 
Reduction       Tmax    0.1445     3     0.3074    18     0.3074    18     0.0001     4 
Reduction       Tmid    0.0546           0.1131           0.1131           0.0000       
Shadow          Tmin    0.0070     7     0.0092    14     0.0152    14     0.0000     1 
Shadow          Tmax    0.1568    18     0.7693     3     0.7906     3     0.0001     9 
Shadow          Tmid    0.0555           0.3011           0.3070           0.0000       
--- The execution characteristics --- 
                                1          2          3          4          5          6          7          8          9         10         11         12         13         14         15         16         17         18         19         20 
Lost time                  3.5928     3.6026     3.6171     3.5943     3.6025     3.5904     3.5801     3.6134     3.5990     3.5971     3.5879     3.5818     3.5961     3.5865     3.5903     3.5925     3.5907     3.6238     3.6017     3.6055 
User insufficient par.     3.2639     3.2283     3.1673     3.2553     3.2222     3.2350     3.2935     3.1555     3.2052     3.2110     3.2493     3.2896     3.2234     3.2515     3.2436     3.2706     3.2785     3.1375     3.2317     3.2092 
Sys.insufficient par.      0.1430     0.1572     0.1676     0.1419     0.1465     0.3116     0.2629     0.3118     0.3293     0.2949     0.2915     0.2429     0.2838     0.3029     0.2716     0.1566     0.1459     0.1677     0.1517     0.1528 
Idle time                  0.0313     0.0084     0.0726     0.0283     0.0587     0.0251     0.0004     0.0566     0.0000     0.0530     0.0254     0.0275     0.0681     0.0094     0.0534     0.0122     0.0260     0.0716     0.0044     0.0550 
Communication              0.1546     0.2087     0.2096     0.1689     0.1750     0.0187     0.0234     0.0896     0.0645     0.0382     0.0216     0.0217     0.0208     0.0227     0.0217     0.1530     0.1403     0.2470     0.2138     0.1885 
Synchronization            0.1942     0.5552     1.0765     0.1712     0.5337     0.0334     0.3790     0.9139     0.0226     0.3664     0.0406     0.3861     0.8949     0.0093     0.3701     0.1565     0.4863     1.0487     0.1501     0.4948 
Variation                  0.2204     0.5577     1.0978     0.2110     0.5514     0.0363     0.4447     0.9400     0.0221     0.3887     0.0502     0.4474     0.9304     0.0153     0.3979     0.1123     0.4758     0.9730     0.0799     0.4497 
Overlap                    0.0000     0.0000     0.0000     0.0001     0.0000     0.0000     0.0000     0.0000     0.0001     0.0000     0.0000     0.0000     0.0000     0.0000     0.0000     0.0000     0.0000     0.0000     0.0000     0.0000 
Load imbalance             0.0128     0.0225     0.0370     0.0142     0.0224     0.0103     0.0000     0.0334     0.0189     0.0170     0.0078     0.0018     0.0160     0.0064     0.0102     0.0124     0.0106     0.0437     0.0216     0.0254 
Execution time             4.3829     4.4058     4.3417     4.3860     4.3555     4.3892     4.4139     4.3577     4.4142     4.3612     4.3888     4.3867     4.3462     4.4048     4.3608     4.4020     4.3882     4.3426     4.4098     4.3592 
User CPU time              0.8139     0.8034     0.7883     0.8125     0.8040     0.8075     0.8203     0.7844     0.7979     0.8016     0.8110     0.8196     0.8032     0.8118     0.8097     0.8135     0.8159     0.7816     0.8046     0.8007 
Sys. CPU time              0.0075     0.0083     0.0088     0.0075     0.0077     0.0164     0.0138     0.0164     0.0173     0.0155     0.0153     0.0128     0.0149     0.0159     0.0143     0.0082     0.0077     0.0088     0.0080     0.0080 
Processors                     20         20         20         20         20         20         20         20         20         20         20         20         20         20         20         20         20         20         20         20 
           Communication          
Reduction                  0.0875     0.1155     0.1445     0.1132     0.1004     0.0106     0.0164     0.0791     0.0563     0.0296     0.0083     0.0087     0.0096     0.0108     0.0074     0.0347     0.0369     0.0901     0.0714     0.0617 
Shadow                     0.0671     0.0931     0.0650     0.0556     0.0747     0.0081     0.0070     0.0105     0.0083     0.0086     0.0133     0.0131     0.0112     0.0119     0.0143     0.1183     0.1034     0.1568     0.1425     0.1267 
           Synchronization        
Reduction                  0.0103     0.1214     0.3072     0.0000     0.1256     0.0104     0.1216     0.3074     0.0005     0.1260     0.0105     0.1216     0.3074     0.0001     0.1257     0.0105     0.1216     0.3074     0.0005     0.1260 
Shadow                     0.1840     0.4337     0.7693     0.1712     0.4082     0.0230     0.2574     0.6065     0.0221     0.2404     0.0301     0.2645     0.5876     0.0092     0.2444     0.1460     0.3647     0.7413     0.1496     0.3688 
           Variation              
Reduction                  0.0103     0.1214     0.3072     0.0000     0.1256     0.0104     0.1216     0.3074     0.0005     0.1260     0.0104     0.1215     0.3074     0.0001     0.1257     0.0105     0.1216     0.3074     0.0005     0.1260 
Shadow                     0.2102     0.4363     0.7906     0.2110     0.4258     0.0259     0.3232     0.6326     0.0215     0.2627     0.0397     0.3259     0.6230     0.0152     0.2723     0.1019     0.3543     0.6656     0.0794     0.3237 
           Overlap                
Reduction                  0.0000     0.0000     0.0000     0.0001     0.0000     0.0000     0.0000     0.0000     0.0000     0.0000     0.0000     0.0000     0.0000     0.0000     0.0000     0.0000     0.0000     0.0000     0.0000     0.0000 
Shadow                     0.0000     0.0000     0.0000     0.0000     0.0000     0.0000     0.0000     0.0000     0.0001     0.0000     0.0000     0.0000     0.0000     0.0000     0.0000     0.0000     0.0000     0.0000     0.0000     0.0000 


-------------------------------------------------------------------------
Name (number) and performance time of processors
DVM(1) 1.030272
DVM(2) 1.029843
DVM(3) 1.030901
DVM(4) 1.044481
DVM(5) 1.030579
DVM(6) 1.030552
DVM(7) 1.030599
DVM(8) 1.030591
DVM(9) 1.030324
DVM(10) 1.030297
DVM(11) 1.030768
DVM(12) 1.030665
DVM(13) 1.030253
DVM(14) 1.030270
DVM(15) 1.030135
DVM(16) 1.030212
DVM(17) 1.030684
DVM(18) 1.030671
DVM(19) 1.030309
DVM(20) 1.031327
min - DVM(2) 1.029843; max - DVM(4) 1.044481; mid - 1.031187
