Processor system=1*2*7
Statistics has been accumulated on DVM-system version 5.0, platform DVM
Analyzer is executing on DVM-system version 5.0, platform DVM
-------------------------------------------------------------------------
INTERVAL ( NLINE=12 SOURCE=rb.c ) LEVEL=0  EXE_COUNT=1
--- The main characteristics --- 
Parallelization efficiency      0.1339 
Execution time                  6.0009 
Processors                          14
Threads amount                      14
Total time                     84.0120
Productive time                11.2497 ( CPU= 11.1170 Sys= 0.1327 I/O= 0.0000 )
Lost  time                     72.7623 
   Insufficient parallelism    68.4646 ( User= 66.7400 Sys= 1.7246 )
   Communication                3.8423 ( Real_sync= 0.0000 Starts= 0.0000 )
   Idle time                    0.4553
Load imbalance                  0.5737
Synchronization                 5.4143
Time variation                  3.8589
Overlap                         0.0001
                  Nop   Communic    Synchro  Variation    Overlap 
Reduction          10     1.8695     1.1135     1.1135     0.0000 
Shadow             20     1.9729     4.3008     2.7454     0.0001 
--- The comparative characteristics --- 
                              Tmin N proc      Tmax N proc      Tmid
Lost time                   5.1563     4     5.2719    14     5.1973 
User insufficient par.      4.3346    14     5.0039     4     4.7671 
Sys.insufficient par.       0.0823    10     0.1680     6     0.1232 
Idle time                   0.0000     5     0.1426    14     0.0325 
Communication               0.0040     7     0.6994    14     0.2745 
Synchronization             0.0282     2     1.4073    14     0.3867 
Variation                   0.0391     6     1.1204    14     0.2756 
Overlap                     0.0000     3     0.0000     2     0.0000 
Load imbalance              0.0000     4     0.1155    14     0.0410 
Execution time              5.8582    14     6.0009     5     5.9683 
User CPU time               0.7217    14     0.8337     4     0.7941 
Sys. CPU time               0.0063    10     0.0129     6     0.0095 
Processors                      14     1         14    14         14 
                      Communic          Synchro        Variation          Overlap  
Reduction       Tmin    0.0012     1     0.0075     9     0.0075     9     0.0000     2 
Reduction       Tmax    0.3749    14     0.3559     7     0.3559     7     0.0000     9 
Reduction       Tmid    0.1335           0.0795           0.0795           0.0000       
Shadow          Tmin    0.0022     3     0.0206     2     0.0289     6     0.0000     3 
Shadow          Tmax    0.3360    10     1.0515    14     0.7646    14     0.0000     2 
Shadow          Tmid    0.1409           0.3072           0.1961           0.0000       
--- The execution characteristics --- 
                                1          2          3          4          5          6          7          8          9         10         11         12         13         14 
Lost time                  5.1575     5.1568     5.1567     5.1563     5.1575     5.1579     5.1692     5.1627     5.2389     5.2509     5.2473     5.2404     5.2383     5.2719 
User insufficient par.     4.9918     4.9966     5.0018     5.0039     4.9882     4.9830     4.9411     4.9730     4.5267     4.4649     4.4801     4.5226     4.5320     4.3346 
Sys.insufficient par.      0.1539     0.1527     0.1428     0.1408     0.1627     0.1680     0.1138     0.1266     0.1020     0.0823     0.0940     0.0927     0.0969     0.0952 
Idle time                  0.0047     0.0017     0.0055     0.0051     0.0000     0.0000     0.1104     0.0073     0.0288     0.0544     0.0342     0.0323     0.0281     0.1426 
Communication              0.0071     0.0058     0.0066     0.0064     0.0066     0.0069     0.0040     0.0558     0.5813     0.6493     0.6390     0.5927     0.5813     0.6994 
Synchronization            0.0662     0.0282     0.2415     0.2216     0.0578     0.0364     1.0840     0.1051     0.3326     0.5765     0.5516     0.3651     0.3405     1.4073 
Variation                  0.0720     0.0465     0.2639     0.2480     0.0613     0.0391     1.1180     0.0926     0.0645     0.2891     0.2680     0.1007     0.0746     1.1204 
Overlap                    0.0000     0.0000     0.0000     0.0000     0.0000     0.0000     0.0000     0.0000     0.0000     0.0000     0.0000     0.0000     0.0000     0.0000 
Load imbalance             0.0011     0.0005     0.0004     0.0000     0.0012     0.0016     0.0129     0.0064     0.0826     0.0945     0.0910     0.0840     0.0820     0.1155 
Execution time             5.9962     5.9991     5.9954     5.9957     6.0009     6.0008     5.8905     5.9935     5.9720     5.9464     5.9666     5.9685     5.9728     5.8582 
User CPU time              0.8316     0.8323     0.8332     0.8337     0.8308     0.8300     0.8229     0.8284     0.7541     0.7437     0.7463     0.7534     0.7551     0.7217 
Sys. CPU time              0.0118     0.0117     0.0110     0.0108     0.0125     0.0129     0.0088     0.0097     0.0078     0.0063     0.0072     0.0071     0.0075     0.0073 
Processors                     14         14         14         14         14         14         14         14         14         14         14         14         14         14 
           Communication          
Reduction                  0.0012     0.0032     0.0045     0.0042     0.0042     0.0041     0.0013     0.0121     0.2762     0.3133     0.3084     0.2848     0.2770     0.3749 
Shadow                     0.0059     0.0025     0.0022     0.0022     0.0023     0.0028     0.0027     0.0437     0.3051     0.3360     0.3306     0.3079     0.3043     0.3245 
           Synchronization        
Reduction                  0.0180     0.0076     0.0778     0.0715     0.0160     0.0102     0.3559     0.0179     0.0075     0.0778     0.0714     0.0159     0.0101     0.3558 
Shadow                     0.0482     0.0206     0.1637     0.1501     0.0418     0.0262     0.7281     0.0872     0.3251     0.4987     0.4802     0.3492     0.3303     1.0515 
           Variation              
Reduction                  0.0180     0.0076     0.0778     0.0715     0.0160     0.0102     0.3559     0.0179     0.0075     0.0778     0.0714     0.0159     0.0101     0.3558 
Shadow                     0.0541     0.0389     0.1861     0.1765     0.0454     0.0289     0.7621     0.0746     0.0570     0.2113     0.1966     0.0848     0.0645     0.7646 
           Overlap                
Reduction                  0.0000     0.0000     0.0000     0.0000     0.0000     0.0000     0.0000     0.0000     0.0000     0.0000     0.0000     0.0000     0.0000     0.0000 
Shadow                     0.0000     0.0000     0.0000     0.0000     0.0000     0.0000     0.0000     0.0000     0.0000     0.0000     0.0000     0.0000     0.0000     0.0000 


-------------------------------------------------------------------------
Name (number) and performance time of processors
DVM(1) 1.030830
DVM(2) 1.030713
DVM(3) 1.030979
DVM(4) 1.031094
DVM(5) 1.030695
DVM(6) 1.030709
DVM(7) 1.030365
DVM(8) 1.030286
DVM(9) 1.030389
DVM(10) 1.030364
DVM(11) 1.030288
DVM(12) 1.030257
DVM(13) 1.030196
DVM(14) 1.030591
min - DVM(13) 1.030196; max - DVM(4) 1.031094; mid - 1.030554
