Processor system=2*1*8
Statistics has been accumulated on DVM-system version 5.0, platform DVM
Analyzer is executing on DVM-system version 5.0, platform DVM
-------------------------------------------------------------------------
INTERVAL ( NLINE=12 SOURCE=rb.c ) LEVEL=0  EXE_COUNT=1
--- The main characteristics --- 
Parallelization efficiency      0.1203 
Execution time                  6.8807 
Processors                          16
Threads amount                      16
Total time                    110.0913
Productive time                13.2493 ( CPU= 13.2018 Sys= 0.0474 I/O= 0.0000 )
Lost  time                     96.8420 
   Insufficient parallelism    93.1737 ( User= 92.4622 Sys= 0.7116 )
   Communication                3.2664 ( Real_sync= 0.0000 Starts= 0.0000 )
   Idle time                    0.4018
Load imbalance                  0.4422
Synchronization                 7.1891
Time variation                  5.5618
Overlap                         0.0001
                  Nop   Communic    Synchro  Variation    Overlap 
Reduction          10     1.5973     1.9103     1.9102     0.0000 
Shadow             20     1.6692     5.2788     3.6516     0.0000 
--- The comparative characteristics --- 
                              Tmin N proc      Tmax N proc      Tmid
Lost time                   6.0250    11     6.1332    14     6.0526 
User insufficient par.      5.2236    14     5.9695    11     5.7789 
Sys.insufficient par.       0.0229    16     0.0545     9     0.0445 
Idle time                   0.0000     4     0.0806    16     0.0251 
Communication               0.0038     5     0.8096    14     0.2042 
Synchronization             0.0035    11     0.9157    15     0.4493 
Variation                   0.0025    11     0.5154    15     0.3476 
Overlap                     0.0000     1     0.0000    11     0.0000 
Load imbalance              0.0000    11     0.1083    14     0.0276 
Execution time              6.8001    16     6.8807     4     6.8556 
User CPU time               0.7458    14     0.8524    11     0.8251 
Sys. CPU time               0.0015    16     0.0036     9     0.0030 
Processors                      16     1         16    16         16 
                      Communic          Synchro        Variation          Overlap  
Reduction       Tmin    0.0007     5     0.0005     3     0.0005     3     0.0000     1 
Reduction       Tmax    0.3993    14     0.1776     7     0.1776     7     0.0000     3 
Reduction       Tmid    0.0998           0.1194           0.1194           0.0000       
Shadow          Tmin    0.0026     2     0.0030    11     0.0020    11     0.0000     1 
Shadow          Tmax    0.4103    14     0.7383    15     0.3379    15     0.0000    11 
Shadow          Tmid    0.1043           0.3299           0.2282           0.0000       
--- The execution characteristics --- 
                                1          2          3          4          5          6          7          8          9         10         11         12         13         14         15         16 
Lost time                  6.0257     6.0259     6.0287     6.0254     6.0267     6.0264     6.0270     6.0267     6.0282     6.0266     6.0250     6.0258     6.1307     6.1332     6.1323     6.1274 
User insufficient par.     5.9629     5.9604     5.9437     5.9674     5.9568     5.9589     5.9554     5.9562     5.9445     5.9553     5.9695     5.9649     5.2431     5.2236     5.2342     5.2653 
Sys.insufficient par.      0.0527     0.0531     0.0505     0.0506     0.0491     0.0499     0.0494     0.0501     0.0545     0.0536     0.0502     0.0514     0.0244     0.0246     0.0246     0.0229 
Idle time                  0.0060     0.0064     0.0007     0.0000     0.0170     0.0123     0.0166     0.0155     0.0056     0.0078     0.0007     0.0007     0.0805     0.0755     0.0758     0.0806 
Communication              0.0041     0.0061     0.0338     0.0074     0.0038     0.0053     0.0056     0.0049     0.0237     0.0099     0.0046     0.0087     0.7827     0.8096     0.7977     0.7586 
Synchronization            0.3849     0.3987     0.0167     0.0471     0.5044     0.4181     0.5148     0.5101     0.3967     0.4024     0.0035     0.0501     0.9036     0.8269     0.9157     0.8952 
Variation                  0.3847     0.3985     0.0030     0.0466     0.5044     0.4183     0.5149     0.5103     0.3846     0.3978     0.0025     0.0465     0.5048     0.4186     0.5154     0.5109 
Overlap                    0.0000     0.0000     0.0000     0.0000     0.0000     0.0000     0.0000     0.0000     0.0000     0.0000     0.0000     0.0000     0.0000     0.0000     0.0000     0.0000 
Load imbalance             0.0007     0.0009     0.0038     0.0004     0.0018     0.0014     0.0020     0.0018     0.0032     0.0017     0.0000     0.0008     0.1057     0.1083     0.1073     0.1025 
Execution time             6.8747     6.8743     6.8800     6.8807     6.8637     6.8684     6.8641     6.8652     6.8751     6.8729     6.8800     6.8800     6.8002     6.8052     6.8049     6.8001 
User CPU time              0.8515     0.8512     0.8486     0.8519     0.8507     0.8510     0.8504     0.8506     0.8489     0.8505     0.8524     0.8515     0.7484     0.7458     0.7468     0.7517 
Sys. CPU time              0.0035     0.0035     0.0034     0.0034     0.0033     0.0033     0.0033     0.0033     0.0036     0.0036     0.0033     0.0034     0.0016     0.0016     0.0016     0.0015 
Processors                     16         16         16         16         16         16         16         16         16         16         16         16         16         16         16         16 
           Communication          
Reduction                  0.0012     0.0034     0.0175     0.0035     0.0007     0.0022     0.0025     0.0019     0.0093     0.0027     0.0010     0.0024     0.3821     0.3993     0.3950     0.3726 
Shadow                     0.0029     0.0026     0.0164     0.0039     0.0031     0.0031     0.0031     0.0030     0.0144     0.0072     0.0035     0.0063     0.4006     0.4103     0.4026     0.3860 
           Synchronization        
Reduction                  0.1319     0.1362     0.0005     0.0158     0.1740     0.1431     0.1776     0.1762     0.1319     0.1362     0.0005     0.0158     0.1739     0.1430     0.1775     0.1761 
Shadow                     0.2530     0.2625     0.0162     0.0313     0.3304     0.2750     0.3372     0.3339     0.2648     0.2663     0.0030     0.0343     0.7297     0.6839     0.7383     0.7191 
           Variation              
Reduction                  0.1320     0.1362     0.0005     0.0158     0.1740     0.1431     0.1776     0.1762     0.1319     0.1362     0.0005     0.0158     0.1739     0.1430     0.1775     0.1761 
Shadow                     0.2527     0.2623     0.0025     0.0307     0.3304     0.2752     0.3374     0.3341     0.2527     0.2616     0.0020     0.0307     0.3309     0.2756     0.3379     0.3347 
           Overlap                
Reduction                  0.0000     0.0000     0.0000     0.0000     0.0000     0.0000     0.0000     0.0000     0.0000     0.0000     0.0000     0.0000     0.0000     0.0000     0.0000     0.0000 
Shadow                     0.0000     0.0000     0.0000     0.0000     0.0000     0.0000     0.0000     0.0000     0.0000     0.0000     0.0000     0.0000     0.0000     0.0000     0.0000     0.0000 


-------------------------------------------------------------------------
Name (number) and performance time of processors
DVM(1) 1.030803
DVM(2) 1.030681
DVM(3) 1.030325
DVM(4) 1.030707
DVM(5) 1.030823
DVM(6) 1.030792
DVM(7) 1.030581
DVM(8) 1.030523
DVM(9) 1.030523
DVM(10) 1.030467
DVM(11) 1.030216
DVM(12) 1.030197
DVM(13) 1.030353
DVM(14) 1.030335
DVM(15) 1.031052
DVM(16) 1.031025
min - DVM(12) 1.030197; max - DVM(15) 1.031052; mid - 1.030588
