Processor system=7*1*2
Statistics has been accumulated on DVM-system version 5.0, platform DVM
Analyzer is executing on DVM-system version 5.0, platform DVM
-------------------------------------------------------------------------
INTERVAL ( NLINE=12 SOURCE=rb.c ) LEVEL=0  EXE_COUNT=1
--- The main characteristics --- 
Parallelization efficiency      0.4679 
Execution time                  1.7260 
Processors                          14
Threads amount                      14
Total time                     24.1642
Productive time                11.3053 ( CPU= 11.2908 Sys= 0.0145 I/O= 0.0000 )
Lost  time                     12.8589 
   Insufficient parallelism    11.5334 ( User= 11.3447 Sys= 0.1887 )
   Communication                1.2412 ( Real_sync= 0.0000 Starts= 0.0000 )
   Idle time                    0.0843
Load imbalance                  0.6108
Synchronization                 0.8556
Time variation                  0.5930
Overlap                         0.0001
                  Nop   Communic    Synchro  Variation    Overlap 
Reduction          10     0.9355     0.0209     0.0210     0.0001 
Shadow             20     0.3057     0.8347     0.5720     0.0000 
--- The comparative characteristics --- 
                              Tmin N proc      Tmax N proc      Tmid
Lost time                   0.8749     7     0.9796    10     0.9185 
User insufficient par.      0.7493    10     0.8541     3     0.8103 
Sys.insufficient par.       0.0094    14     0.0161     8     0.0135 
Idle time                   0.0000     3     0.0142    13     0.0060 
Communication               0.0051     7     0.2059    10     0.0887 
Synchronization             0.0024     8     0.1369    13     0.0611 
Variation                   0.0007     8     0.1358    13     0.0424 
Overlap                     0.0000     1     0.0000    12     0.0000 
Load imbalance              0.0000     7     0.1048    10     0.0436 
Execution time              1.7118    13     1.7260     3     1.7200 
User CPU time               0.7455    10     0.8500     7     0.8065 
Sys. CPU time               0.0007    14     0.0012     8     0.0010 
Processors                      14     1         14    14         14 
                      Communic          Synchro        Variation          Overlap  
Reduction       Tmin    0.0008     6     0.0001    12     0.0001    12     0.0000     1 
Reduction       Tmax    0.1929    13     0.0028     7     0.0028     3     0.0000    12 
Reduction       Tmid    0.0668           0.0015           0.0015           0.0000       
Shadow          Tmin    0.0027    14     0.0022     8     0.0005     8     0.0000     1 
Shadow          Tmax    0.1272    10     0.1341    13     0.1330    13     0.0000     8 
Shadow          Tmid    0.0218           0.0596           0.0409           0.0000       
--- The execution characteristics --- 
                                1          2          3          4          5          6          7          8          9         10         11         12         13         14 
Lost time                  0.8762     0.8761     0.8759     0.8769     0.8756     0.8752     0.8749     0.8761     0.9790     0.9796     0.9742     0.9755     0.9744     0.9692 
User insufficient par.     0.8533     0.8521     0.8541     0.8521     0.8536     0.8536     0.8541     0.8527     0.7493     0.7493     0.7555     0.7524     0.7537     0.7589 
Sys.insufficient par.      0.0143     0.0140     0.0157     0.0159     0.0158     0.0157     0.0156     0.0161     0.0117     0.0118     0.0107     0.0115     0.0105     0.0094 
Idle time                  0.0023     0.0020     0.0000     0.0000     0.0000     0.0000     0.0000     0.0000     0.0138     0.0127     0.0126     0.0135     0.0142     0.0131 
Communication              0.0063     0.0080     0.0060     0.0089     0.0062     0.0059     0.0051     0.0072     0.2042     0.2059     0.1954     0.1981     0.1961     0.1879 
Synchronization            0.0140     0.0079     0.0126     0.0061     0.0133     0.0031     0.0105     0.0024     0.1349     0.1269     0.1355     0.1273     0.1369     0.1242 
Variation                  0.0139     0.0081     0.0120     0.0041     0.0115     0.0016     0.0102     0.0007     0.0107     0.0021     0.1345     0.1237     0.1358     0.1238 
Overlap                    0.0000     0.0000     0.0000     0.0000     0.0000     0.0000     0.0000     0.0000     0.0000     0.0000     0.0000     0.0000     0.0000     0.0000 
Load imbalance             0.0013     0.0012     0.0010     0.0021     0.0007     0.0004     0.0000     0.0013     0.1041     0.1048     0.0993     0.1006     0.0996     0.0944 
Execution time             1.7237     1.7240     1.7260     1.7260     1.7260     1.7260     1.7260     1.7260     1.7122     1.7133     1.7134     1.7125     1.7118     1.7129 
User CPU time              0.8487     0.8488     0.8489     0.8479     0.8492     0.8496     0.8500     0.8486     0.7461     0.7455     0.7510     0.7496     0.7508     0.7561 
Sys. CPU time              0.0011     0.0011     0.0012     0.0012     0.0012     0.0012     0.0012     0.0012     0.0009     0.0009     0.0008     0.0009     0.0008     0.0007 
Processors                     14         14         14         14         14         14         14         14         14         14         14         14         14         14 
           Communication          
Reduction                  0.0027     0.0051     0.0019     0.0031     0.0013     0.0008     0.0013     0.0020     0.0774     0.0786     0.1916     0.1917     0.1929     0.1852 
Shadow                     0.0036     0.0029     0.0040     0.0058     0.0049     0.0051     0.0039     0.0053     0.1268     0.1272     0.0038     0.0064     0.0032     0.0027 
           Synchronization        
Reduction                  0.0028     0.0002     0.0028     0.0002     0.0028     0.0002     0.0028     0.0002     0.0028     0.0002     0.0028     0.0001     0.0028     0.0002 
Shadow                     0.0112     0.0077     0.0098     0.0059     0.0105     0.0029     0.0077     0.0022     0.1321     0.1267     0.1327     0.1271     0.1341     0.1241 
           Variation              
Reduction                  0.0028     0.0002     0.0028     0.0002     0.0028     0.0002     0.0028     0.0002     0.0028     0.0002     0.0028     0.0001     0.0028     0.0002 
Shadow                     0.0111     0.0079     0.0092     0.0039     0.0087     0.0014     0.0074     0.0005     0.0079     0.0020     0.1317     0.1236     0.1330     0.1237 
           Overlap                
Reduction                  0.0000     0.0000     0.0000     0.0000     0.0000     0.0000     0.0000     0.0000     0.0000     0.0000     0.0000     0.0000     0.0000     0.0000 
Shadow                     0.0000     0.0000     0.0000     0.0000     0.0000     0.0000     0.0000     0.0000     0.0000     0.0000     0.0000     0.0000     0.0000     0.0000 


-------------------------------------------------------------------------
Name (number) and performance time of processors
DVM(1) 1.030444
DVM(2) 1.030351
DVM(3) 1.031065
DVM(4) 1.031004
DVM(5) 1.030334
DVM(6) 1.030320
DVM(7) 1.030698
DVM(8) 1.030742
DVM(9) 1.030155
DVM(10) 1.030078
DVM(11) 1.030970
DVM(12) 1.031038
DVM(13) 1.030297
DVM(14) 1.030237
min - DVM(10) 1.030078; max - DVM(3) 1.031065; mid - 1.030552
