Processor system=1*2*8
Statistics has been accumulated on DVM-system version 5.0, platform DVM
Analyzer is executing on DVM-system version 5.0, platform DVM
-------------------------------------------------------------------------
INTERVAL ( NLINE=12 SOURCE=rb.c ) LEVEL=0  EXE_COUNT=1
--- The main characteristics --- 
Parallelization efficiency      0.1196 
Execution time                  6.8920 
Processors                          16
Threads amount                      16
Total time                    110.2724
Productive time                13.1905 ( CPU= 13.0362 Sys= 0.1543 I/O= 0.0000 )
Lost  time                     97.0819 
   Insufficient parallelism    93.6153 ( User= 91.3005 Sys= 2.3148 )
   Communication                3.1101 ( Real_sync= 0.0000 Starts= 0.0000 )
   Idle time                    0.3565
Load imbalance                  0.3980
Synchronization                 5.5291
Time variation                  4.1782
Overlap                         0.0001
                  Nop   Communic    Synchro  Variation    Overlap 
Reduction          10     1.4895     1.2835     1.2835     0.0000 
Shadow             20     1.6206     4.2456     2.8947     0.0001 
--- The comparative characteristics --- 
                              Tmin N proc      Tmax N proc      Tmid
Lost time                   6.0427     5     6.1399    15     6.0676 
User insufficient par.      5.2125    15     5.8746     1     5.7063 
Sys.insufficient par.       0.1073    13     0.1784     6     0.1447 
Idle time                   0.0000     7     0.0670    11     0.0223 
Communication               0.0038     5     0.7864    15     0.1944 
Synchronization             0.0231     6     0.8179    11     0.3456 
Variation                   0.0228     6     0.8337     3     0.2611 
Overlap                     0.0000     1     0.0000    10     0.0000 
Load imbalance              0.0000     5     0.0971    15     0.0249 
Execution time              6.8250    11     6.8920     7     6.8697 
User CPU time               0.7443    15     0.8388     1     0.8148 
Sys. CPU time               0.0072    13     0.0119     6     0.0096 
Processors                      16     1         16    16         16 
                      Communic          Synchro        Variation          Overlap  
Reduction       Tmin    0.0013     5     0.0072    14     0.0072    14     0.0000     1 
Reduction       Tmax    0.3816    15     0.2737     3     0.2737     3     0.0000     2 
Reduction       Tmid    0.0931           0.0802           0.0802           0.0000       
Shadow          Tmin    0.0025     5     0.0158     6     0.0155     6     0.0000     1 
Shadow          Tmax    0.4048    15     0.5442    11     0.5600     3     0.0000    10 
Shadow          Tmid    0.1013           0.2654           0.1809           0.0000       
--- The execution characteristics --- 
                                1          2          3          4          5          6          7          8          9         10         11         12         13         14         15         16 
Lost time                  6.0430     6.0441     6.0496     6.0459     6.0427     6.0436     6.0432     6.0428     6.0432     6.0428     6.0496     6.0468     6.1348     6.1360     6.1399     6.1341 
User insufficient par.     5.8746     5.8621     5.8394     5.8659     5.8689     5.8577     5.8636     5.8670     5.8741     5.8706     5.8389     5.8595     5.2532     5.2383     5.2125     5.2541 
Sys.insufficient par.      0.1532     0.1631     0.1347     0.1295     0.1681     0.1784     0.1736     0.1713     0.1525     0.1644     0.1354     0.1298     0.1073     0.1203     0.1183     0.1150 
Idle time                  0.0079     0.0037     0.0670     0.0452     0.0019     0.0010     0.0000     0.0004     0.0060     0.0033     0.0670     0.0448     0.0362     0.0260     0.0227     0.0231 
Communication              0.0072     0.0152     0.0084     0.0053     0.0038     0.0065     0.0060     0.0041     0.0106     0.0044     0.0083     0.0127     0.7380     0.7513     0.7864     0.7419 
Synchronization            0.1589     0.0530     0.8148     0.5500     0.0796     0.0231     0.1572     0.1399     0.1633     0.0491     0.8179     0.5538     0.4602     0.4168     0.5608     0.5307 
Variation                  0.1677     0.0597     0.8337     0.5725     0.0739     0.0228     0.1577     0.1456     0.1668     0.0565     0.8327     0.5730     0.1105     0.0433     0.1893     0.1725 
Overlap                    0.0000     0.0000     0.0000     0.0000     0.0000     0.0000     0.0000     0.0000     0.0000     0.0000     0.0000     0.0000     0.0000     0.0000     0.0000     0.0000 
Load imbalance             0.0002     0.0013     0.0068     0.0031     0.0000     0.0009     0.0004     0.0000     0.0004     0.0000     0.0069     0.0041     0.0920     0.0932     0.0971     0.0913 
Execution time             6.8841     6.8883     6.8250     6.8468     6.8901     6.8910     6.8920     6.8916     6.8860     6.8887     6.8250     6.8472     6.8558     6.8660     6.8693     6.8689 
User CPU time              0.8388     0.8371     0.8335     0.8375     0.8381     0.8365     0.8373     0.8378     0.8387     0.8383     0.8334     0.8365     0.7501     0.7480     0.7443     0.7503 
Sys. CPU time              0.0102     0.0109     0.0090     0.0086     0.0112     0.0119     0.0116     0.0114     0.0102     0.0110     0.0090     0.0087     0.0072     0.0080     0.0079     0.0077 
Processors                     16         16         16         16         16         16         16         16         16         16         16         16         16         16         16         16 
           Communication          
Reduction                  0.0043     0.0081     0.0051     0.0026     0.0013     0.0034     0.0033     0.0015     0.0041     0.0013     0.0023     0.0065     0.3568     0.3572     0.3816     0.3503 
Shadow                     0.0030     0.0071     0.0033     0.0027     0.0025     0.0031     0.0027     0.0026     0.0065     0.0031     0.0060     0.0062     0.3812     0.3941     0.4048     0.3916 
           Synchronization        
Reduction                  0.0475     0.0138     0.2737     0.1811     0.0215     0.0073     0.0508     0.0460     0.0475     0.0139     0.2737     0.1811     0.0215     0.0072     0.0508     0.0459 
Shadow                     0.1114     0.0391     0.5411     0.3689     0.0581     0.0158     0.1064     0.0939     0.1157     0.0352     0.5442     0.3727     0.4387     0.4096     0.5100     0.4848 
           Variation              
Reduction                  0.0476     0.0139     0.2737     0.1811     0.0216     0.0073     0.0508     0.0460     0.0475     0.0139     0.2737     0.1811     0.0215     0.0072     0.0507     0.0459 
Shadow                     0.1201     0.0459     0.5600     0.3914     0.0524     0.0155     0.1069     0.0996     0.1192     0.0426     0.5591     0.3919     0.0890     0.0361     0.1386     0.1266 
           Overlap                
Reduction                  0.0000     0.0000     0.0000     0.0000     0.0000     0.0000     0.0000     0.0000     0.0000     0.0000     0.0000     0.0000     0.0000     0.0000     0.0000     0.0000 
Shadow                     0.0000     0.0000     0.0000     0.0000     0.0000     0.0000     0.0000     0.0000     0.0000     0.0000     0.0000     0.0000     0.0000     0.0000     0.0000     0.0000 


-------------------------------------------------------------------------
Name (number) and performance time of processors
DVM(1) 1.030871
DVM(2) 1.030790
DVM(3) 1.030272
DVM(4) 1.030842
DVM(5) 1.030891
DVM(6) 1.030799
DVM(7) 1.030384
DVM(8) 1.030415
DVM(9) 1.030542
DVM(10) 1.030483
DVM(11) 1.030233
DVM(12) 1.030248
DVM(13) 1.030680
DVM(14) 1.030661
DVM(15) 1.030334
DVM(16) 1.030325
min - DVM(11) 1.030233; max - DVM(5) 1.030891; mid - 1.030548
