Processor system=3*1*5
Statistics has been accumulated on DVM-system version 5.0, platform DVM
Analyzer is executing on DVM-system version 5.0, platform DVM
-------------------------------------------------------------------------
INTERVAL ( NLINE=12 SOURCE=rb.c ) LEVEL=0  EXE_COUNT=1
--- The main characteristics --- 
Parallelization efficiency      0.1914 
Execution time                  4.3298 
Processors                          15
Threads amount                      15
Total time                     64.9475
Productive time                12.4310 ( CPU= 12.4001 Sys= 0.0309 I/O= 0.0000 )
Lost  time                     52.5165 
   Insufficient parallelism    50.0957 ( User= 49.6632 Sys= 0.4325 )
   Communication                2.2091 ( Real_sync= 0.0000 Starts= 0.0000 )
   Idle time                    0.2117
Load imbalance                  0.4584
Synchronization                 1.8717
Time variation                  0.7697
Overlap                         0.0001
                  Nop   Communic    Synchro  Variation    Overlap 
Reduction          10     1.0683     0.2602     0.2604     0.0000 
Shadow             20     1.1407     1.6115     0.5094     0.0000 
--- The comparative characteristics --- 
                              Tmin N proc      Tmax N proc      Tmid
Lost time                   3.4705     4     3.5634    14     3.5011 
User insufficient par.      3.0639    14     3.4320     4     3.3109 
Sys.insufficient par.       0.0163    13     0.0357     7     0.0288 
Idle time                   0.0000     4     0.0404    15     0.0141 
Communication               0.0044     8     0.4437    14     0.1473 
Synchronization             0.0047     4     0.2861    11     0.1248 
Variation                   0.0034     9     0.0665     5     0.0513 
Overlap                     0.0000     1     0.0000    14     0.0000 
Load imbalance              0.0000     4     0.0929    14     0.0306 
Execution time              4.2895    15     4.3298     4     4.3157 
User CPU time               0.7652    14     0.8569     4     0.8267 
Sys. CPU time               0.0012    13     0.0025     7     0.0021 
Processors                      15     1         15    15         15 
                      Communic          Synchro        Variation          Overlap  
Reduction       Tmin    0.0013     8     0.0002     9     0.0002     9     0.0000     1 
Reduction       Tmax    0.2207    14     0.0225    10     0.0225     5     0.0000    14 
Reduction       Tmid    0.0712           0.0173           0.0174           0.0000       
Shadow          Tmin    0.0027     4     0.0045     4     0.0032     9     0.0000     1 
Shadow          Tmax    0.2257    11     0.2646    11     0.0440     5     0.0000     9 
Shadow          Tmid    0.0760           0.1074           0.0340           0.0000       
--- The execution characteristics --- 
                                1          2          3          4          5          6          7          8          9         10         11         12         13         14         15 
Lost time                  3.4710     3.4708     3.4711     3.4705     3.4709     3.4709     3.4711     3.4708     3.4728     3.4710     3.5623     3.5608     3.5628     3.5634     3.5563 
User insufficient par.     3.4292     3.4297     3.4297     3.4320     3.4308     3.4284     3.4288     3.4294     3.4221     3.4297     3.0704     3.0754     3.0704     3.0639     3.0933 
Sys.insufficient par.      0.0345     0.0344     0.0338     0.0338     0.0339     0.0355     0.0357     0.0352     0.0352     0.0344     0.0180     0.0177     0.0163     0.0166     0.0177 
Idle time                  0.0008     0.0008     0.0019     0.0000     0.0004     0.0019     0.0004     0.0019     0.0012     0.0019     0.0403     0.0404     0.0404     0.0392     0.0404 
Communication              0.0066     0.0059     0.0057     0.0047     0.0059     0.0051     0.0062     0.0044     0.0143     0.0050     0.4335     0.4274     0.4358     0.4437     0.4049 
Synchronization            0.0648     0.0616     0.0671     0.0047     0.0672     0.0616     0.0589     0.0629     0.0048     0.0652     0.2861     0.2781     0.2860     0.2269     0.2760 
Variation                  0.0634     0.0605     0.0656     0.0051     0.0665     0.0614     0.0585     0.0631     0.0034     0.0649     0.0624     0.0595     0.0638     0.0056     0.0659 
Overlap                    0.0000     0.0000     0.0000     0.0000     0.0000     0.0000     0.0000     0.0000     0.0000     0.0000     0.0000     0.0000     0.0000     0.0000     0.0000 
Load imbalance             0.0005     0.0003     0.0005     0.0000     0.0004     0.0004     0.0005     0.0003     0.0022     0.0004     0.0917     0.0902     0.0923     0.0929     0.0857 
Execution time             4.3290     4.3290     4.3279     4.3298     4.3294     4.3279     4.3294     4.3279     4.3287     4.3279     4.2895     4.2895     4.2895     4.2906     4.2895 
User CPU time              0.8563     0.8565     0.8563     0.8569     0.8565     0.8564     0.8562     0.8565     0.8546     0.8564     0.7663     0.7678     0.7659     0.7652     0.7723 
Sys. CPU time              0.0025     0.0025     0.0024     0.0024     0.0024     0.0025     0.0025     0.0025     0.0025     0.0025     0.0013     0.0013     0.0012     0.0012     0.0013 
Processors                     15         15         15         15         15         15         15         15         15         15         15         15         15         15         15 
           Communication          
Reduction                  0.0026     0.0026     0.0018     0.0020     0.0028     0.0017     0.0026     0.0013     0.0095     0.0017     0.2078     0.2067     0.2115     0.2207     0.1930 
Shadow                     0.0040     0.0034     0.0039     0.0027     0.0031     0.0034     0.0036     0.0031     0.0048     0.0032     0.2257     0.2207     0.2243     0.2230     0.2119 
           Synchronization        
Reduction                  0.0216     0.0204     0.0221     0.0002     0.0225     0.0216     0.0204     0.0221     0.0002     0.0225     0.0215     0.0203     0.0221     0.0003     0.0224 
Shadow                     0.0432     0.0412     0.0450     0.0045     0.0447     0.0400     0.0385     0.0408     0.0046     0.0427     0.2646     0.2578     0.2639     0.2265     0.2536 
           Variation              
Reduction                  0.0216     0.0204     0.0221     0.0003     0.0225     0.0216     0.0204     0.0221     0.0002     0.0224     0.0215     0.0203     0.0221     0.0003     0.0224 
Shadow                     0.0418     0.0401     0.0435     0.0048     0.0440     0.0399     0.0381     0.0410     0.0032     0.0425     0.0409     0.0391     0.0417     0.0053     0.0435 
           Overlap                
Reduction                  0.0000     0.0000     0.0000     0.0000     0.0000     0.0000     0.0000     0.0000     0.0000     0.0000     0.0000     0.0000     0.0000     0.0000     0.0000 
Shadow                     0.0000     0.0000     0.0000     0.0000     0.0000     0.0000     0.0000     0.0000     0.0000     0.0000     0.0000     0.0000     0.0000     0.0000     0.0000 


-------------------------------------------------------------------------
Name (number) and performance time of processors
DVM(1) 1.030108
DVM(2) 1.029849
DVM(3) 1.030628
DVM(4) 1.030774
DVM(5) 1.030147
DVM(6) 1.030112
DVM(7) 1.029985
DVM(8) 1.030006
DVM(9) 1.030124
DVM(10) 1.030135
DVM(11) 1.030198
DVM(12) 1.030209
DVM(13) 1.030210
DVM(14) 1.030196
DVM(15) 0.517807
min - DVM(15) 0.517807; max - DVM(4) 1.030774; mid - 0.996033
