Processor system=2*7*1
Statistics has been accumulated on DVM-system version 5.0, platform DVM
Analyzer is executing on DVM-system version 5.0, platform DVM
-------------------------------------------------------------------------
INTERVAL ( NLINE=12 SOURCE=rb.c ) LEVEL=0  EXE_COUNT=1
--- The main characteristics --- 
Parallelization efficiency      0.9198 
Execution time                  0.8840 
Processors                          14
Threads amount                      14
Total time                     12.3758
Productive time                11.3829 ( CPU= 11.3529 Sys= 0.0300 I/O= 0.0000 )
Lost  time                      0.9929 
   Insufficient parallelism     0.4523 ( User= 0.0621 Sys= 0.3902 )
   Communication                0.5025 ( Real_sync= 0.0000 Starts= 0.0000 )
   Idle time                    0.0381
Load imbalance                  0.5007
Synchronization                 0.2867
Time variation                  0.0923
Overlap                         0.0001
                  Nop   Communic    Synchro  Variation    Overlap 
Reduction          10     0.2683     0.0007     0.0007     0.0000 
Shadow             20     0.2342     0.2860     0.0916     0.0000 
--- The comparative characteristics --- 
                              Tmin N proc      Tmax N proc      Tmid
Lost time                   0.0352     1     0.1206    14     0.0709 
User insufficient par.      0.0030     7     0.0061    14     0.0044 
Sys.insufficient par.       0.0214     7     0.0324     9     0.0279 
Idle time                   0.0000     3     0.0053    14     0.0027 
Communication               0.0031     2     0.0833    14     0.0359 
Synchronization             0.0013     5     0.0477    14     0.0205 
Variation                   0.0005     5     0.0142    14     0.0066 
Overlap                     0.0000     1     0.0000     4     0.0000 
Load imbalance              0.0000     1     0.0855    14     0.0358 
Execution time              0.8787    14     0.8840     3     0.8813 
User CPU time               0.7614    14     0.8472     1     0.8109 
Sys. CPU time               0.0016     7     0.0025     9     0.0021 
Processors                      14     1         14    14         14 
                      Communic          Synchro        Variation          Overlap  
Reduction       Tmin    0.0013     5     0.0000     7     0.0000     7     0.0000     1 
Reduction       Tmax    0.0481    14     0.0001     5     0.0001     8     0.0000    10 
Reduction       Tmid    0.0192           0.0001           0.0000           0.0000       
Shadow          Tmin    0.0015     8     0.0012     5     0.0005     5     0.0000     1 
Shadow          Tmax    0.0375    11     0.0477    14     0.0141    14     0.0000     4 
Shadow          Tmid    0.0167           0.0204           0.0065           0.0000       
--- The execution characteristics --- 
                                1          2          3          4          5          6          7          8          9         10         11         12         13         14 
Lost time                  0.0352     0.0359     0.0374     0.0373     0.0381     0.0375     0.0363     0.0353     0.1153     0.1175     0.1157     0.1158     0.1151     0.1206 
User insufficient par.     0.0041     0.0042     0.0044     0.0034     0.0039     0.0038     0.0030     0.0034     0.0056     0.0053     0.0053     0.0051     0.0047     0.0061 
Sys.insufficient par.      0.0214     0.0286     0.0290     0.0295     0.0298     0.0288     0.0214     0.0227     0.0324     0.0314     0.0292     0.0299     0.0301     0.0260 
Idle time                  0.0012     0.0000     0.0000     0.0008     0.0004     0.0005     0.0016     0.0020     0.0053     0.0053     0.0053     0.0053     0.0052     0.0053 
Communication              0.0085     0.0031     0.0041     0.0037     0.0040     0.0044     0.0103     0.0071     0.0720     0.0755     0.0759     0.0755     0.0750     0.0833 
Synchronization            0.0088     0.0020     0.0024     0.0014     0.0013     0.0026     0.0091     0.0082     0.0385     0.0403     0.0421     0.0408     0.0414     0.0477 
Variation                  0.0109     0.0028     0.0022     0.0017     0.0005     0.0018     0.0063     0.0105     0.0080     0.0088     0.0079     0.0078     0.0089     0.0142 
Overlap                    0.0000     0.0000     0.0000     0.0000     0.0000     0.0000     0.0000     0.0000     0.0000     0.0000     0.0000     0.0000     0.0000     0.0000 
Load imbalance             0.0000     0.0007     0.0023     0.0022     0.0030     0.0024     0.0011     0.0001     0.0801     0.0823     0.0805     0.0807     0.0799     0.0855 
Execution time             0.8828     0.8839     0.8840     0.8832     0.8836     0.8835     0.8824     0.8820     0.8787     0.8787     0.8787     0.8787     0.8787     0.8787 
User CPU time              0.8472     0.8459     0.8443     0.8444     0.8436     0.8442     0.8461     0.8470     0.7662     0.7641     0.7661     0.7658     0.7666     0.7614 
Sys. CPU time              0.0016     0.0022     0.0022     0.0023     0.0023     0.0022     0.0016     0.0017     0.0025     0.0024     0.0022     0.0023     0.0023     0.0020 
Processors                     14         14         14         14         14         14         14         14         14         14         14         14         14         14 
           Communication          
Reduction                  0.0054     0.0014     0.0021     0.0018     0.0013     0.0019     0.0034     0.0056     0.0387     0.0409     0.0384     0.0395     0.0397     0.0481 
Shadow                     0.0032     0.0017     0.0020     0.0018     0.0027     0.0025     0.0070     0.0015     0.0333     0.0346     0.0375     0.0360     0.0354     0.0352 
           Synchronization        
Reduction                  0.0001     0.0001     0.0001     0.0001     0.0001     0.0001     0.0000     0.0001     0.0001     0.0000     0.0000     0.0000     0.0000     0.0000 
Shadow                     0.0088     0.0019     0.0024     0.0013     0.0012     0.0025     0.0090     0.0081     0.0385     0.0403     0.0421     0.0408     0.0414     0.0477 
           Variation              
Reduction                  0.0000     0.0001     0.0001     0.0001     0.0001     0.0001     0.0000     0.0001     0.0001     0.0000     0.0000     0.0000     0.0000     0.0000 
Shadow                     0.0108     0.0028     0.0022     0.0016     0.0005     0.0017     0.0063     0.0104     0.0080     0.0087     0.0078     0.0078     0.0088     0.0141 
           Overlap                
Reduction                  0.0000     0.0000     0.0000     0.0000     0.0000     0.0000     0.0000     0.0000     0.0000     0.0000     0.0000     0.0000     0.0000     0.0000 
Shadow                     0.0000     0.0000     0.0000     0.0000     0.0000     0.0000     0.0000     0.0000     0.0000     0.0000     0.0000     0.0000     0.0000     0.0000 


-------------------------------------------------------------------------
Name (number) and performance time of processors
DVM(1) 1.030359
DVM(2) 1.030183
DVM(3) 1.030549
DVM(4) 1.030552
DVM(5) 1.030539
DVM(6) 1.030515
DVM(7) 1.030563
DVM(8) 1.030527
DVM(9) 1.030320
DVM(10) 1.030367
DVM(11) 1.030466
DVM(12) 1.030449
DVM(13) 1.030355
DVM(14) 1.030373
min - DVM(2) 1.030183; max - DVM(7) 1.030563; mid - 1.030437
