Processor system=4*1*5
Statistics has been accumulated on DVM-system version 5.0, platform DVM
Analyzer is executing on DVM-system version 5.0, platform DVM
-------------------------------------------------------------------------
INTERVAL ( NLINE=12 SOURCE=rb.c ) LEVEL=0  EXE_COUNT=2
--- The main characteristics --- 
Parallelization efficiency      0.1942 
Execution time                  4.3599 
Processors                          20
Threads amount                      20
Total time                     87.1979
Productive time                16.9318 ( CPU= 16.9097 Sys= 0.0221 I/O= 0.0000 )
Lost  time                     70.2661 
   Insufficient parallelism    68.2782 ( User= 67.8580 Sys= 0.4202 )
   Communication                1.1301 ( Real_sync= 0.0000 Starts= 0.0000 )
   Idle time                    0.8577
Load imbalance                  0.2472
Synchronization                21.2077
Time variation                 20.8848
Overlap                         0.0001
                  Nop   Communic    Synchro  Variation    Overlap 
Reduction          10     0.7109     7.0649     7.0654     0.0000 
Shadow             21     0.4193    14.1428    13.8193     0.0001 
--- The comparative characteristics --- 
                              Tmin N proc      Tmax N proc      Tmid
Lost time                   3.5009     4     3.5330     9     3.5133 
User insufficient par.      3.3094     9     3.4442     7     3.3929 
Sys.insufficient par.       0.0111     7     0.0303    19     0.0210 
Idle time                   0.0000     7     0.0779    20     0.0429 
Communication               0.0094     4     0.1642     9     0.0565 
Synchronization             0.0673     7     1.9020    20     1.0604 
Variation                   0.0633    12     1.8778     5     1.0442 
Overlap                     0.0000     1     0.0000     7     0.0000 
Load imbalance              0.0000     4     0.0321     9     0.0124 
Execution time              4.2820    20     4.3599     7     4.3170 
User CPU time               0.8258     9     0.8580     4     0.8455 
Sys. CPU time               0.0006     7     0.0016    19     0.0011 
Processors                      20     1         20    20         20 
                      Communic          Synchro        Variation          Overlap  
Reduction       Tmin    0.0027    13     0.0162     2     0.0162     2     0.0000     1 
Reduction       Tmax    0.1028    19     0.6398    20     0.6398    10     0.0000     2 
Reduction       Tmid    0.0355           0.3532           0.3533           0.0000       
Shadow          Tmin    0.0048     3     0.0510     7     0.0469    12     0.0000     1 
Shadow          Tmax    0.0711     9     1.2622    20     1.2384     5     0.0000     7 
Shadow          Tmid    0.0210           0.7071           0.6910           0.0000       
--- The execution characteristics --- 
                                1          2          3          4          5          6          7          8          9         10         11         12         13         14         15         16         17         18         19         20 
Lost time                  3.5067     3.5154     3.5069     3.5009     3.5104     3.5030     3.5038     3.5295     3.5330     3.5250     3.5071     3.5050     3.5070     3.5113     3.5109     3.5039     3.5070     3.5311     3.5261     3.5220 
User insufficient par.     3.4195     3.3883     3.4349     3.4440     3.4060     3.4275     3.4442     3.3318     3.3094     3.3420     3.4123     3.4214     3.4231     3.4071     3.4007     3.4244     3.4135     3.3183     3.3341     3.3555 
Sys.insufficient par.      0.0192     0.0286     0.0201     0.0172     0.0224     0.0200     0.0111     0.0257     0.0201     0.0249     0.0211     0.0182     0.0220     0.0134     0.0241     0.0197     0.0155     0.0235     0.0303     0.0230 
Idle time                  0.0456     0.0039     0.0383     0.0304     0.0683     0.0449     0.0000     0.0553     0.0393     0.0779     0.0453     0.0300     0.0521     0.0160     0.0706     0.0461     0.0307     0.0678     0.0176     0.0779 
Communication              0.0223     0.0946     0.0137     0.0094     0.0137     0.0105     0.0484     0.1168     0.1642     0.0803     0.0284     0.0354     0.0098     0.0748     0.0155     0.0137     0.0473     0.1216     0.1441     0.0656 
Synchronization            1.2377     0.0914     1.7463     0.2909     1.8781     1.2355     0.0673     1.7893     0.3537     1.9005     1.2415     0.0800     1.7421     0.3155     1.8771     1.2399     0.0701     1.7959     0.3527     1.9020 
Variation                  1.2364     0.0701     1.7467     0.2914     1.8778     1.2333     0.0641     1.7421     0.2878     1.8745     1.2345     0.0633     1.7409     0.3143     1.8741     1.2371     0.0650     1.7419     0.3147     1.8749 
Overlap                    0.0000     0.0000     0.0000     0.0000     0.0000     0.0000     0.0000     0.0000     0.0000     0.0000     0.0000     0.0000     0.0000     0.0000     0.0000     0.0000     0.0000     0.0000     0.0000     0.0000 
Load imbalance             0.0057     0.0145     0.0060     0.0000     0.0094     0.0020     0.0028     0.0286     0.0321     0.0241     0.0061     0.0041     0.0060     0.0103     0.0100     0.0030     0.0061     0.0302     0.0252     0.0210 
Execution time             4.3143     4.3560     4.3216     4.3295     4.2916     4.3150     4.3599     4.3046     4.3206     4.2820     4.3146     4.3299     4.3078     4.3439     4.2893     4.3138     4.3292     4.2921     4.3423     4.2820 
User CPU time              0.8522     0.8430     0.8519     0.8580     0.8483     0.8559     0.8555     0.8290     0.8258     0.8335     0.8517     0.8539     0.8518     0.8479     0.8477     0.8549     0.8520     0.8275     0.8322     0.8367 
Sys. CPU time              0.0010     0.0015     0.0011     0.0009     0.0012     0.0011     0.0006     0.0014     0.0011     0.0013     0.0011     0.0010     0.0012     0.0007     0.0013     0.0010     0.0008     0.0012     0.0016     0.0012 
Processors                     20         20         20         20         20         20         20         20         20         20         20         20         20         20         20         20         20         20         20         20 
           Communication          
Reduction                  0.0160     0.0688     0.0089     0.0044     0.0085     0.0029     0.0394     0.0645     0.0931     0.0485     0.0162     0.0134     0.0027     0.0682     0.0073     0.0073     0.0382     0.0641     0.1028     0.0355 
Shadow                     0.0063     0.0258     0.0048     0.0050     0.0052     0.0076     0.0090     0.0523     0.0711     0.0317     0.0122     0.0220     0.0072     0.0066     0.0082     0.0064     0.0091     0.0574     0.0413     0.0301 
           Synchronization        
Reduction                  0.4176     0.0162     0.5935     0.0991     0.6394     0.4176     0.0163     0.5935     0.0990     0.6398     0.4181     0.0163     0.5935     0.0991     0.6394     0.4181     0.0163     0.5935     0.0990     0.6398 
Shadow                     0.8201     0.0752     1.1528     0.1918     1.2387     0.8179     0.0510     1.1959     0.2546     1.2607     0.8235     0.0637     1.1487     0.2165     1.2378     0.8219     0.0539     1.2024     0.2537     1.2622 
           Variation              
Reduction                  0.4176     0.0162     0.5935     0.0991     0.6394     0.4177     0.0163     0.5935     0.0991     0.6398     0.4181     0.0163     0.5935     0.0991     0.6394     0.4181     0.0163     0.5935     0.0991     0.6398 
Shadow                     0.8188     0.0538     1.1532     0.1923     1.2384     0.8157     0.0477     1.1486     0.1887     1.2347     0.8164     0.0469     1.1474     0.2152     1.2347     0.8190     0.0486     1.1484     0.2157     1.2351 
           Overlap                
Reduction                  0.0000     0.0000     0.0000     0.0000     0.0000     0.0000     0.0000     0.0000     0.0000     0.0000     0.0000     0.0000     0.0000     0.0000     0.0000     0.0000     0.0000     0.0000     0.0000     0.0000 
Shadow                     0.0000     0.0000     0.0000     0.0000     0.0000     0.0000     0.0000     0.0000     0.0000     0.0000     0.0000     0.0000     0.0000     0.0000     0.0000     0.0000     0.0000     0.0000     0.0000     0.0000 


-------------------------------------------------------------------------
Name (number) and performance time of processors
DVM(1) 1.030144
DVM(2) 1.030024
DVM(3) 1.030636
DVM(4) 1.031131
DVM(5) 1.030204
DVM(6) 1.030154
DVM(7) 1.030287
DVM(8) 1.030389
DVM(9) 1.030056
DVM(10) 1.030035
DVM(11) 1.030254
DVM(12) 1.030232
DVM(13) 1.030652
DVM(14) 1.030630
DVM(15) 1.030154
DVM(16) 1.030151
DVM(17) 1.030466
DVM(18) 1.031954
DVM(19) 1.031280
DVM(20) 1.030595
min - DVM(2) 1.030024; max - DVM(18) 1.031954; mid - 1.030471
