Processor system=4*1*4
Statistics has been accumulated on DVM-system version 5.0, platform DVM
Analyzer is executing on DVM-system version 5.0, platform DVM
-------------------------------------------------------------------------
INTERVAL ( NLINE=12 SOURCE=rb.c ) LEVEL=0  EXE_COUNT=1
--- The main characteristics --- 
Parallelization efficiency      0.2394 
Execution time                  3.4444 
Processors                          16
Threads amount                      16
Total time                     55.1103
Productive time                13.1955 ( CPU= 13.1673 Sys= 0.0282 I/O= 0.0000 )
Lost  time                     41.9148 
   Insufficient parallelism    39.9827 ( User= 39.5601 Sys= 0.4226 )
   Communication                1.7462 ( Real_sync= 0.0000 Starts= 0.0000 )
   Idle time                    0.1859
Load imbalance                  0.4592
Synchronization                 2.3616
Time variation                  1.5331
Overlap                         0.0001
                  Nop   Communic    Synchro  Variation    Overlap 
Reduction          10     0.8677     0.5160     0.5162     0.0001 
Shadow             20     0.8785     1.8455     1.0169     0.0001 
--- The comparative characteristics --- 
                              Tmin N proc      Tmax N proc      Tmid
Lost time                   2.5910     4     2.7002    13     2.6197 
User insufficient par.      2.2356    13     2.5585     4     2.4725 
Sys.insufficient par.       0.0111    16     0.0323     6     0.0264 
Idle time                   0.0000     4     0.0403    15     0.0116 
Communication               0.0035     4     0.4113    13     0.1091 
Synchronization             0.0023     4     0.3346    13     0.1476 
Variation                   0.0010     8     0.1305     3     0.0958 
Overlap                     0.0000     1     0.0000    16     0.0000 
Load imbalance              0.0000     4     0.1092    13     0.0287 
Execution time              3.4041    15     3.4444     4     3.4328 
User CPU time               0.7434    13     0.8515     4     0.8230 
Sys. CPU time               0.0007    16     0.0022     6     0.0018 
Processors                      16     1         16    16         16 
                      Communic          Synchro        Variation          Overlap  
Reduction       Tmin    0.0007     4     0.0000    16     0.0000    16     0.0000     1 
Reduction       Tmax    0.2101    16     0.0439    11     0.0439    11     0.0000    16 
Reduction       Tmid    0.0542           0.0323           0.0323           0.0000       
Shadow          Tmin    0.0023     3     0.0022     4     0.0009     8     0.0000     1 
Shadow          Tmax    0.2079    13     0.2908    13     0.0866     3     0.0000     4 
Shadow          Tmid    0.0549           0.1153           0.0636           0.0000       
--- The execution characteristics --- 
                                1          2          3          4          5          6          7          8          9         10         11         12         13         14         15         16 
Lost time                  2.5922     2.5931     2.5925     2.5910     2.5929     2.5922     2.5933     2.5961     2.5930     2.5937     2.5931     2.5957     2.7002     2.6988     2.7001     2.6972 
User insufficient par.     2.5536     2.5504     2.5526     2.5585     2.5506     2.5531     2.5503     2.5432     2.5502     2.5483     2.5503     2.5444     2.2356     2.2392     2.2360     2.2436 
Sys.insufficient par.      0.0304     0.0306     0.0290     0.0289     0.0317     0.0323     0.0317     0.0314     0.0317     0.0321     0.0313     0.0313     0.0130     0.0128     0.0132     0.0111 
Idle time                  0.0027     0.0023     0.0055     0.0000     0.0036     0.0019     0.0045     0.0000     0.0040     0.0031     0.0049     0.0000     0.0403     0.0403     0.0403     0.0325 
Communication              0.0055     0.0098     0.0054     0.0035     0.0070     0.0049     0.0068     0.0214     0.0070     0.0101     0.0066     0.0200     0.4113     0.4064     0.4105     0.4100 
Synchronization            0.1288     0.1242     0.1301     0.0023     0.1272     0.1190     0.1293     0.0091     0.1282     0.1225     0.1292     0.0086     0.3346     0.3277     0.3337     0.2071 
Variation                  0.1285     0.1213     0.1305     0.0028     0.1268     0.1189     0.1289     0.0010     0.1267     0.1190     0.1291     0.0078     0.1291     0.1231     0.1302     0.0093 
Overlap                    0.0000     0.0000     0.0000     0.0000     0.0000     0.0000     0.0000     0.0000     0.0000     0.0000     0.0000     0.0000     0.0000     0.0000     0.0000     0.0000 
Load imbalance             0.0012     0.0021     0.0015     0.0000     0.0019     0.0012     0.0023     0.0051     0.0020     0.0027     0.0021     0.0047     0.1092     0.1078     0.1091     0.1063 
Execution time             3.4417     3.4421     3.4389     3.4444     3.4408     3.4425     3.4399     3.4444     3.4404     3.4413     3.4395     3.4444     3.4041     3.4041     3.4041     3.4119 
User CPU time              0.8502     0.8493     0.8500     0.8515     0.8494     0.8501     0.8490     0.8462     0.8493     0.8486     0.8492     0.8467     0.7434     0.7448     0.7434     0.7464 
Sys. CPU time              0.0020     0.0020     0.0019     0.0019     0.0021     0.0022     0.0021     0.0021     0.0021     0.0021     0.0021     0.0021     0.0009     0.0009     0.0009     0.0007 
Processors                     16         16         16         16         16         16         16         16         16         16         16         16         16         16         16         16 
           Communication          
Reduction                  0.0020     0.0043     0.0031     0.0007     0.0031     0.0016     0.0026     0.0097     0.0018     0.0036     0.0025     0.0150     0.2034     0.1995     0.2045     0.2101 
Shadow                     0.0034     0.0055     0.0023     0.0028     0.0039     0.0033     0.0042     0.0118     0.0052     0.0065     0.0042     0.0050     0.2079     0.2069     0.2059     0.1999 
           Synchronization        
Reduction                  0.0438     0.0413     0.0438     0.0001     0.0438     0.0413     0.0438     0.0001     0.0438     0.0413     0.0439     0.0001     0.0438     0.0413     0.0438     0.0000 
Shadow                     0.0850     0.0828     0.0862     0.0022     0.0834     0.0777     0.0855     0.0090     0.0844     0.0812     0.0853     0.0086     0.2908     0.2864     0.2899     0.2071 
           Variation              
Reduction                  0.0438     0.0413     0.0438     0.0001     0.0438     0.0413     0.0438     0.0001     0.0438     0.0413     0.0439     0.0001     0.0438     0.0413     0.0438     0.0000 
Shadow                     0.0847     0.0800     0.0866     0.0028     0.0830     0.0776     0.0851     0.0009     0.0829     0.0777     0.0852     0.0077     0.0853     0.0818     0.0864     0.0093 
           Overlap                
Reduction                  0.0000     0.0000     0.0000     0.0000     0.0000     0.0000     0.0000     0.0000     0.0000     0.0000     0.0000     0.0000     0.0000     0.0000     0.0000     0.0000 
Shadow                     0.0000     0.0000     0.0000     0.0000     0.0000     0.0000     0.0000     0.0000     0.0000     0.0000     0.0000     0.0000     0.0000     0.0000     0.0000     0.0000 


-------------------------------------------------------------------------
Name (number) and performance time of processors
DVM(1) 1.030359
DVM(2) 1.030291
DVM(3) 1.030617
DVM(4) 1.030751
DVM(5) 1.030489
DVM(6) 1.030527
DVM(7) 1.030471
DVM(8) 1.030467
DVM(9) 1.030493
DVM(10) 1.030376
DVM(11) 1.030284
DVM(12) 1.030258
DVM(13) 1.030710
DVM(14) 1.030699
DVM(15) 1.030505
DVM(16) 1.030472
min - DVM(12) 1.030258; max - DVM(4) 1.030751; mid - 1.030486
