Processor system=2*9*1
Statistics has been accumulated on DVM-system version 5.0, platform DVM
Analyzer is executing on DVM-system version 5.0, platform DVM
-------------------------------------------------------------------------
INTERVAL ( NLINE=12 SOURCE=rb.c ) LEVEL=0  EXE_COUNT=2
--- The main characteristics --- 
Parallelization efficiency      0.9288 
Execution time                  0.9017 
Processors                          18
Threads amount                      18
Total time                     16.2300
Productive time                15.0748 ( CPU= 15.0379 Sys= 0.0369 I/O= 0.0000 )
Lost  time                      1.1552 
   Insufficient parallelism     0.7355 ( User= 0.1085 Sys= 0.6271 )
   Communication                0.3499 ( Real_sync= 0.0000 Starts= 0.0000 )
   Idle time                    0.0698
Load imbalance                  0.3430
Synchronization                 0.1779
Time variation                  0.0674
Overlap                         0.0001
                  Nop   Communic    Synchro  Variation    Overlap 
Reduction          10     0.1999     0.0003     0.0004     0.0000 
Shadow             20     0.1499     0.1776     0.0670     0.0000 
--- The comparative characteristics --- 
                              Tmin N proc      Tmax N proc      Tmid
Lost time                   0.0451    13     0.1960    18     0.0642 
User insufficient par.      0.0034     3     0.0094    18     0.0060 
Sys.insufficient par.       0.0292     9     0.0404    17     0.0348 
Idle time                   0.0000    12     0.0148    18     0.0039 
Communication               0.0032    13     0.1373    18     0.0194 
Synchronization             0.0011     4     0.0699    18     0.0099 
Variation                   0.0011     4     0.0148    18     0.0037 
Overlap                     0.0000     1     0.0000    18     0.0000 
Load imbalance              0.0000    13     0.1509    18     0.0191 
Execution time              0.8869    18     0.9017    12     0.8978 
User CPU time               0.7037    18     0.8545    13     0.8354 
Sys. CPU time               0.0017     9     0.0024    17     0.0020 
Processors                      18     1         18    18         18 
                      Communic          Synchro        Variation          Overlap  
Reduction       Tmin    0.0011     4     0.0000    18     0.0000    18     0.0000     1 
Reduction       Tmax    0.0852    18     0.0000    14     0.0000    16     0.0000    18 
Reduction       Tmid    0.0111           0.0000           0.0000           0.0000       
Shadow          Tmin    0.0019    11     0.0011     4     0.0010     4     0.0000     1 
Shadow          Tmax    0.0521    18     0.0699    18     0.0148    18     0.0000    15 
Shadow          Tmid    0.0083           0.0099           0.0037           0.0000       
--- The execution characteristics --- 
                                1          2          3          4          5          6          7          8          9         10         11         12         13         14         15         16         17         18 
Lost time                  0.0565     0.0481     0.0472     0.0455     0.0478     0.0473     0.0473     0.0476     0.0510     0.0552     0.0460     0.0468     0.0451     0.0461     0.0535     0.0544     0.1737     0.1960 
User insufficient par.     0.0061     0.0057     0.0034     0.0065     0.0060     0.0059     0.0038     0.0047     0.0049     0.0056     0.0062     0.0073     0.0067     0.0070     0.0060     0.0060     0.0074     0.0094 
Sys.insufficient par.      0.0293     0.0361     0.0354     0.0349     0.0353     0.0355     0.0354     0.0354     0.0292     0.0319     0.0350     0.0352     0.0349     0.0348     0.0368     0.0370     0.0404     0.0346 
Idle time                  0.0077     0.0019     0.0043     0.0008     0.0016     0.0016     0.0039     0.0031     0.0035     0.0050     0.0012     0.0000     0.0004     0.0004     0.0027     0.0023     0.0148     0.0148 
Communication              0.0135     0.0044     0.0042     0.0033     0.0050     0.0043     0.0042     0.0044     0.0134     0.0127     0.0036     0.0044     0.0032     0.0039     0.0080     0.0091     0.1111     0.1373 
Synchronization            0.0109     0.0017     0.0016     0.0011     0.0021     0.0020     0.0020     0.0019     0.0098     0.0109     0.0018     0.0028     0.0018     0.0022     0.0023     0.0035     0.0496     0.0699 
Variation                  0.0115     0.0022     0.0014     0.0011     0.0012     0.0016     0.0018     0.0018     0.0052     0.0099     0.0020     0.0020     0.0019     0.0019     0.0012     0.0022     0.0037     0.0148 
Overlap                    0.0000     0.0000     0.0000     0.0000     0.0000     0.0000     0.0000     0.0000     0.0000     0.0000     0.0000     0.0000     0.0000     0.0000     0.0000     0.0000     0.0000     0.0000 
Load imbalance             0.0114     0.0030     0.0021     0.0003     0.0027     0.0022     0.0022     0.0024     0.0059     0.0101     0.0009     0.0017     0.0000     0.0010     0.0084     0.0093     0.1286     0.1509 
Execution time             0.8940     0.8997     0.8974     0.9009     0.9001     0.9001     0.8978     0.8986     0.8982     0.8967     0.9005     0.9017     0.9013     0.9013     0.8989     0.8993     0.8869     0.8869 
User CPU time              0.8434     0.8514     0.8524     0.8542     0.8517     0.8523     0.8523     0.8520     0.8489     0.8446     0.8536     0.8528     0.8545     0.8535     0.8460     0.8451     0.7256     0.7037 
Sys. CPU time              0.0017     0.0021     0.0021     0.0021     0.0021     0.0021     0.0021     0.0021     0.0017     0.0019     0.0021     0.0021     0.0021     0.0020     0.0022     0.0022     0.0024     0.0020 
Processors                     18         18         18         18         18         18         18         18         18         18         18         18         18         18         18         18         18         18 
           Communication          
Reduction                  0.0095     0.0024     0.0020     0.0011     0.0020     0.0018     0.0019     0.0023     0.0047     0.0084     0.0017     0.0017     0.0011     0.0016     0.0046     0.0060     0.0622     0.0852 
Shadow                     0.0040     0.0020     0.0022     0.0022     0.0030     0.0025     0.0023     0.0022     0.0088     0.0044     0.0019     0.0027     0.0021     0.0024     0.0034     0.0031     0.0489     0.0521 
           Synchronization        
Reduction                  0.0000     0.0000     0.0000     0.0000     0.0000     0.0000     0.0000     0.0000     0.0000     0.0000     0.0000     0.0000     0.0000     0.0000     0.0000     0.0000     0.0000     0.0000 
Shadow                     0.0109     0.0016     0.0016     0.0011     0.0021     0.0020     0.0020     0.0018     0.0098     0.0109     0.0018     0.0028     0.0017     0.0022     0.0023     0.0034     0.0496     0.0699 
           Variation              
Reduction                  0.0000     0.0000     0.0000     0.0000     0.0000     0.0000     0.0000     0.0000     0.0000     0.0000     0.0000     0.0000     0.0000     0.0000     0.0000     0.0000     0.0000     0.0000 
Shadow                     0.0114     0.0022     0.0014     0.0010     0.0012     0.0016     0.0018     0.0018     0.0051     0.0098     0.0020     0.0020     0.0018     0.0019     0.0011     0.0022     0.0037     0.0148 
           Overlap                
Reduction                  0.0000     0.0000     0.0000     0.0000     0.0000     0.0000     0.0000     0.0000     0.0000     0.0000     0.0000     0.0000     0.0000     0.0000     0.0000     0.0000     0.0000     0.0000 
Shadow                     0.0000     0.0000     0.0000     0.0000     0.0000     0.0000     0.0000     0.0000     0.0000     0.0000     0.0000     0.0000     0.0000     0.0000     0.0000     0.0000     0.0000     0.0000 


-------------------------------------------------------------------------
Name (number) and performance time of processors
DVM(1) 1.031232
DVM(2) 1.030919
DVM(3) 1.030449
DVM(4) 1.030628
DVM(5) 1.030663
DVM(6) 1.030637
DVM(7) 1.031040
DVM(8) 1.031053
DVM(9) 1.030489
DVM(10) 1.030469
DVM(11) 1.030385
DVM(12) 1.030365
DVM(13) 1.030215
DVM(14) 1.030253
DVM(15) 1.030486
DVM(16) 1.030590
DVM(17) 1.030833
DVM(18) 1.030836
min - DVM(13) 1.030215; max - DVM(1) 1.031232; mid - 1.030641
