Processor system=3*2*3
Statistics has been accumulated on DVM-system version 5.0, platform DVM
Analyzer is executing on DVM-system version 5.0, platform DVM
-------------------------------------------------------------------------
INTERVAL ( NLINE=12 SOURCE=rb.c ) LEVEL=0  EXE_COUNT=2
--- The main characteristics --- 
Parallelization efficiency      0.3208 
Execution time                  2.6151 
Processors                          18
Threads amount                      18
Total time                     47.0719
Productive time                15.0998 ( CPU= 15.0508 Sys= 0.0491 I/O= 0.0000 )
Lost  time                     31.9721 
   Insufficient parallelism    31.0084 ( User= 30.1741 Sys= 0.8343 )
   Communication                0.8481 ( Real_sync= 0.0000 Starts= 0.0000 )
   Idle time                    0.1156
Load imbalance                  0.2966
Synchronization                 0.6177
Time variation                  0.3521
Overlap                         0.0001
                  Nop   Communic    Synchro  Variation    Overlap 
Reduction          10     0.4417     0.0506     0.0507     0.0000 
Shadow             20     0.4064     0.5671     0.3014     0.0001 
--- The comparative characteristics --- 
                              Tmin N proc      Tmax N proc      Tmid
Lost time                   1.7597    14     1.8855    17     1.7762 
User insufficient par.      1.4647    17     1.7094    13     1.6763 
Sys.insufficient par.       0.0294    17     0.0546    12     0.0464 
Idle time                   0.0000    13     0.0376    18     0.0064 
Communication               0.0028    14     0.3538    17     0.0471 
Synchronization             0.0011    12     0.1982    17     0.0343 
Variation                   0.0016    12     0.0266     5     0.0196 
Overlap                     0.0000     1     0.0000    12     0.0000 
Load imbalance              0.0000    14     0.1257    17     0.0165 
Execution time              2.5775    18     2.6151    13     2.6087 
User CPU time               0.7279    17     0.8526    14     0.8362 
Sys. CPU time               0.0017    17     0.0032    12     0.0027 
Processors                      18     1         18    18         18 
                      Communic          Synchro        Variation          Overlap  
Reduction       Tmin    0.0007    12     0.0000    15     0.0000    18     0.0000     1 
Reduction       Tmax    0.1716    17     0.0043     1     0.0043     4     0.0000    15 
Reduction       Tmid    0.0245           0.0028           0.0028           0.0000       
Shadow          Tmin    0.0018     1     0.0011    12     0.0015    12     0.0000     1 
Shadow          Tmax    0.1822    17     0.1941    17     0.0224     5     0.0000    12 
Shadow          Tmid    0.0226           0.0315           0.0167           0.0000       
--- The execution characteristics --- 
                                1          2          3          4          5          6          7          8          9         10         11         12         13         14         15         16         17         18 
Lost time                  1.7616     1.7617     1.7631     1.7605     1.7629     1.7641     1.7626     1.7624     1.7648     1.7630     1.7601     1.7624     1.7600     1.7597     1.7706     1.7699     1.8855     1.8769 
User insufficient par.     1.7065     1.7042     1.7029     1.7063     1.7018     1.6996     1.7019     1.7022     1.6982     1.7018     1.7078     1.7028     1.7094     1.7090     1.6871     1.6892     1.4647     1.4786 
Sys.insufficient par.      0.0471     0.0477     0.0485     0.0464     0.0452     0.0519     0.0471     0.0482     0.0499     0.0482     0.0452     0.0546     0.0467     0.0471     0.0496     0.0519     0.0294     0.0296 
Idle time                  0.0004     0.0024     0.0004     0.0031     0.0050     0.0016     0.0039     0.0035     0.0019     0.0027     0.0020     0.0012     0.0000     0.0008     0.0060     0.0055     0.0375     0.0376 
Communication              0.0076     0.0075     0.0113     0.0047     0.0109     0.0109     0.0097     0.0085     0.0148     0.0102     0.0053     0.0038     0.0039     0.0028     0.0280     0.0233     0.3538     0.3311 
Synchronization            0.0189     0.0194     0.0064     0.0200     0.0225     0.0054     0.0188     0.0179     0.0063     0.0223     0.0194     0.0011     0.0185     0.0177     0.0097     0.0243     0.1982     0.1710 
Variation                  0.0257     0.0258     0.0124     0.0254     0.0266     0.0061     0.0255     0.0238     0.0079     0.0260     0.0255     0.0016     0.0248     0.0237     0.0148     0.0235     0.0229     0.0100 
Overlap                    0.0000     0.0000     0.0000     0.0000     0.0000     0.0000     0.0000     0.0000     0.0000     0.0000     0.0000     0.0000     0.0000     0.0000     0.0000     0.0000     0.0000     0.0000 
Load imbalance             0.0018     0.0020     0.0033     0.0008     0.0031     0.0044     0.0029     0.0027     0.0051     0.0033     0.0004     0.0027     0.0002     0.0000     0.0109     0.0102     0.1257     0.1172 
Execution time             2.6147     2.6127     2.6147     2.6120     2.6101     2.6135     2.6112     2.6116     2.6132     2.6124     2.6131     2.6139     2.6151     2.6143     2.6091     2.6096     2.5776     2.5775 
User CPU time              0.8508     0.8506     0.8492     0.8519     0.8496     0.8479     0.8497     0.8498     0.8474     0.8492     0.8523     0.8494     0.8524     0.8526     0.8416     0.8421     0.7279     0.7364 
Sys. CPU time              0.0028     0.0028     0.0029     0.0027     0.0027     0.0031     0.0028     0.0028     0.0029     0.0028     0.0027     0.0032     0.0027     0.0028     0.0029     0.0031     0.0017     0.0017 
Processors                     18         18         18         18         18         18         18         18         18         18         18         18         18         18         18         18         18         18 
           Communication          
Reduction                  0.0058     0.0055     0.0084     0.0020     0.0064     0.0065     0.0075     0.0058     0.0080     0.0059     0.0025     0.0007     0.0019     0.0010     0.0243     0.0160     0.1716     0.1620 
Shadow                     0.0018     0.0020     0.0029     0.0027     0.0045     0.0044     0.0021     0.0027     0.0069     0.0044     0.0027     0.0031     0.0020     0.0018     0.0037     0.0073     0.1822     0.1691 
           Synchronization        
Reduction                  0.0043     0.0041     0.0000     0.0043     0.0042     0.0000     0.0043     0.0041     0.0000     0.0043     0.0041     0.0000     0.0043     0.0042     0.0000     0.0043     0.0041     0.0000 
Shadow                     0.0146     0.0152     0.0064     0.0157     0.0183     0.0053     0.0145     0.0138     0.0062     0.0181     0.0153     0.0011     0.0142     0.0135     0.0097     0.0200     0.1941     0.1710 
           Variation              
Reduction                  0.0043     0.0041     0.0000     0.0043     0.0042     0.0000     0.0043     0.0042     0.0000     0.0043     0.0041     0.0000     0.0043     0.0042     0.0000     0.0043     0.0041     0.0000 
Shadow                     0.0215     0.0217     0.0124     0.0212     0.0224     0.0061     0.0212     0.0197     0.0079     0.0217     0.0213     0.0015     0.0205     0.0195     0.0148     0.0192     0.0188     0.0100 
           Overlap                
Reduction                  0.0000     0.0000     0.0000     0.0000     0.0000     0.0000     0.0000     0.0000     0.0000     0.0000     0.0000     0.0000     0.0000     0.0000     0.0000     0.0000     0.0000     0.0000 
Shadow                     0.0000     0.0000     0.0000     0.0000     0.0000     0.0000     0.0000     0.0000     0.0000     0.0000     0.0000     0.0000     0.0000     0.0000     0.0000     0.0000     0.0000     0.0000 


-------------------------------------------------------------------------
Name (number) and performance time of processors
DVM(1) 1.030590
DVM(2) 1.030396
DVM(3) 1.030061
DVM(4) 1.030487
DVM(5) 1.030423
DVM(6) 1.030323
DVM(7) 1.030477
DVM(8) 1.030476
DVM(9) 1.031093
DVM(10) 1.030962
DVM(11) 1.030638
DVM(12) 1.030614
DVM(13) 1.031285
DVM(14) 1.031298
DVM(15) 1.030323
DVM(16) 1.030280
DVM(17) 1.030676
DVM(18) 1.030676
min - DVM(3) 1.030061; max - DVM(14) 1.031298; mid - 1.030615
