Processor system=7*3*1
Statistics has been accumulated on DVM-system version 5.0, platform DVM
Analyzer is executing on DVM-system version 5.0, platform DVM
-------------------------------------------------------------------------
INTERVAL ( NLINE=12 SOURCE=rb.c ) LEVEL=0  EXE_COUNT=2
--- The main characteristics --- 
Parallelization efficiency      0.5932 
Execution time                  1.0556 
Processors                          21
Threads amount                      21
Total time                     22.1674
Productive time                13.1490 ( CPU= 13.1278 Sys= 0.0213 I/O= 0.0000 )
Lost  time                      9.0184 
   Insufficient parallelism     0.6572 ( User= 0.2316 Sys= 0.4256 )
   Communication                7.9644 ( Real_sync= 0.0000 Starts= 0.0000 )
   Idle time                    0.3967
Load imbalance                  2.7706
Synchronization                11.0689
Time variation                  9.4334
Overlap                         0.0002
                  Nop   Communic    Synchro  Variation    Overlap 
Reduction          10     5.2107     2.7304     2.7308     0.0001 
Shadow             21     2.7537     8.3385     6.7027     0.0001 
--- The comparative characteristics --- 
                              Tmin N proc      Tmax N proc      Tmid
Lost time                   0.2975     9     0.5001    21     0.4294 
User insufficient par.      0.0052    20     0.0319     1     0.0110 
Sys.insufficient par.       0.0155    21     0.0457    18     0.0203 
Idle time                   0.0000    18     0.0251    12     0.0189 
Communication               0.2422     9     0.4638    21     0.3793 
Synchronization             0.1549    18     0.6269    19     0.5271 
Variation                   0.1605    18     0.6401    19     0.4492 
Overlap                     0.0000     3     0.0001    18     0.0000 
Load imbalance              0.0000     9     0.2026    21     0.1319 
Execution time              1.0305    12     1.0556    18     1.0367 
User CPU time               0.5547    21     0.7571     9     0.6251 
Sys. CPU time               0.0008    21     0.0023    18     0.0010 
Processors                      21     1         21    21         21 
                      Communic          Synchro        Variation          Overlap  
Reduction       Tmin    0.1442     9     0.0345    18     0.0345    18     0.0000     1 
Reduction       Tmax    0.3814    19     0.1420    17     0.1420    17     0.0000    18 
Reduction       Tmid    0.2481           0.1300           0.1300           0.0000       
Shadow          Tmin    0.0234    13     0.1204    18     0.1260    18     0.0000     3 
Shadow          Tmax    0.2676    17     0.4850    19     0.4982    19     0.0001    18 
Shadow          Tmid    0.1311           0.3971           0.3192           0.0000       
--- The execution characteristics --- 
                                1          2          3          4          5          6          7          8          9         10         11         12         13         14         15         16         17         18         19         20         21 
Lost time                  0.4357     0.4705     0.4074     0.4354     0.4397     0.4598     0.3861     0.4325     0.2975     0.4706     0.4398     0.4147     0.3449     0.4609     0.4718     0.4193     0.4901     0.3078     0.4758     0.4579     0.5001 
User insufficient par.     0.0319     0.0078     0.0202     0.0073     0.0095     0.0100     0.0085     0.0064     0.0106     0.0095     0.0130     0.0090     0.0078     0.0089     0.0108     0.0158     0.0078     0.0058     0.0100     0.0052     0.0157 
Sys.insufficient par.      0.0195     0.0185     0.0164     0.0176     0.0228     0.0170     0.0162     0.0185     0.0198     0.0183     0.0240     0.0179     0.0158     0.0243     0.0200     0.0166     0.0228     0.0457     0.0187     0.0199     0.0155 
Idle time                  0.0210     0.0159     0.0250     0.0156     0.0144     0.0152     0.0167     0.0167     0.0249     0.0249     0.0206     0.0251     0.0249     0.0250     0.0243     0.0166     0.0249     0.0000     0.0250     0.0148     0.0051 
Communication              0.3633     0.4283     0.3457     0.3949     0.3930     0.4177     0.3448     0.3910     0.2422     0.4179     0.3822     0.3627     0.2964     0.4027     0.4167     0.3702     0.4345     0.2562     0.4221     0.4181     0.4638 
Synchronization            0.5720     0.5073     0.5597     0.5193     0.3149     0.5044     0.5916     0.5234     0.5042     0.6255     0.6202     0.5806     0.5710     0.6198     0.4907     0.5945     0.5216     0.1549     0.6269     0.6152     0.4511 
Variation                  0.4999     0.3853     0.5222     0.4121     0.3371     0.3641     0.5637     0.4096     0.4595     0.6016     0.5726     0.4775     0.6025     0.5125     0.3002     0.5483     0.3028     0.1605     0.6401     0.5188     0.2425 
Overlap                    0.0000     0.0000     0.0000     0.0000     0.0000     0.0000     0.0000     0.0000     0.0000     0.0000     0.0000     0.0000     0.0000     0.0000     0.0000     0.0000     0.0000     0.0001     0.0000     0.0000     0.0000 
Load imbalance             0.1382     0.1729     0.1099     0.1378     0.1422     0.1623     0.0886     0.1350     0.0000     0.1731     0.1423     0.1172     0.0474     0.1634     0.1743     0.1218     0.1926     0.0103     0.1783     0.1604     0.2026 
Execution time             1.0346     1.0397     1.0306     1.0400     1.0412     1.0404     1.0389     1.0389     1.0307     1.0306     1.0350     1.0305     1.0306     1.0306     1.0313     1.0389     1.0307     1.0556     1.0306     1.0408     1.0505 
User CPU time              0.6189     0.5842     0.6474     0.6194     0.6147     0.5949     0.6686     0.6221     0.7571     0.5840     0.6146     0.6400     0.7099     0.5935     0.5828     0.6355     0.5643     0.7455     0.5788     0.5967     0.5547 
Sys. CPU time              0.0010     0.0009     0.0008     0.0009     0.0011     0.0009     0.0008     0.0009     0.0010     0.0009     0.0012     0.0009     0.0008     0.0012     0.0010     0.0008     0.0011     0.0023     0.0009     0.0010     0.0008 
Processors                     21         21         21         21         21         21         21         21         21         21         21         21         21         21         21         21         21         21         21         21         21 
           Communication          
Reduction                  0.2390     0.2525     0.2554     0.2356     0.3612     0.2256     0.2632     0.2232     0.1442     0.3390     0.2826     0.2047     0.2730     0.2442     0.1715     0.2703     0.1669     0.2065     0.3814     0.2690     0.2015 
Shadow                     0.1243     0.1758     0.0903     0.1593     0.0318     0.1920     0.0816     0.1678     0.0980     0.0789     0.0996     0.1580     0.0234     0.1586     0.2452     0.1000     0.2676     0.0497     0.0406     0.1490     0.2623 
           Synchronization        
Reduction                  0.1420     0.1343     0.1420     0.1420     0.0412     0.1420     0.1419     0.1419     0.1338     0.1419     0.1419     0.1419     0.1414     0.1420     0.1420     0.1420     0.1420     0.0345     0.1419     0.1419     0.1160 
Shadow                     0.4300     0.3730     0.4177     0.3773     0.2737     0.3625     0.4497     0.3815     0.3704     0.4836     0.4783     0.4386     0.4296     0.4778     0.3487     0.4526     0.3796     0.1204     0.4850     0.4733     0.3351 
           Variation              
Reduction                  0.1420     0.1343     0.1420     0.1420     0.0412     0.1420     0.1419     0.1420     0.1338     0.1419     0.1419     0.1419     0.1414     0.1420     0.1420     0.1420     0.1420     0.0345     0.1419     0.1419     0.1161 
Shadow                     0.3579     0.2510     0.3802     0.2701     0.2959     0.2222     0.4218     0.2676     0.3257     0.4597     0.4307     0.3356     0.4611     0.3706     0.1583     0.4063     0.1607     0.1260     0.4982     0.3769     0.1265 
           Overlap                
Reduction                  0.0000     0.0000     0.0000     0.0000     0.0000     0.0000     0.0000     0.0000     0.0000     0.0000     0.0000     0.0000     0.0000     0.0000     0.0000     0.0000     0.0000     0.0000     0.0000     0.0000     0.0000 
Shadow                     0.0000     0.0000     0.0000     0.0000     0.0000     0.0000     0.0000     0.0000     0.0000     0.0000     0.0000     0.0000     0.0000     0.0000     0.0000     0.0000     0.0000     0.0001     0.0000     0.0000     0.0000 


-------------------------------------------------------------------------
Name (number) and performance time of processors
DVM(1) 2.458376
DVM(2) 1.030186
DVM(3) 1.029772
DVM(4) 1.031418
DVM(5) 1.054899
DVM(6) 1.030773
DVM(7) 1.030470
DVM(8) 1.032177
DVM(9) 1.030468
DVM(10) 1.030539
DVM(11) 1.030530
DVM(12) 1.030506
DVM(13) 1.030123
DVM(14) 1.030161
DVM(15) 1.030853
DVM(16) 1.031509
DVM(17) 1.030084
DVM(18) 1.032206
DVM(19) 1.030484
DVM(20) 1.030200
DVM(21) 2.434484
min - DVM(3) 1.029772; max - DVM(1) 2.458376; mid - 1.166677
