Processor system=9*1*2
Statistics has been accumulated on DVM-system version 5.0, platform DVM
Analyzer is executing on DVM-system version 5.0, platform DVM
-------------------------------------------------------------------------
INTERVAL ( NLINE=12 SOURCE=rb.c ) LEVEL=0  EXE_COUNT=2
--- The main characteristics --- 
Parallelization efficiency      0.4790 
Execution time                  1.7500 
Processors                          18
Threads amount                      18
Total time                     31.4997
Productive time                15.0881 ( CPU= 15.0691 Sys= 0.0191 I/O= 0.0000 )
Lost  time                     16.4116 
   Insufficient parallelism    15.4862 ( User= 15.1623 Sys= 0.3239 )
   Communication                0.8189 ( Real_sync= 0.0000 Starts= 0.0000 )
   Idle time                    0.1065
Load imbalance                  0.3625
Synchronization                 1.8209
Time variation                  1.5061
Overlap                         0.0001
                  Nop   Communic    Synchro  Variation    Overlap 
Reduction          10     0.4389     0.4389     0.4389     0.0001 
Shadow             20     0.3800     1.3820     1.0672     0.0001 
--- The comparative characteristics --- 
                              Tmin N proc      Tmax N proc      Tmid
Lost time                   0.8916     4     1.0394    17     0.9118 
User insufficient par.      0.7192    17     0.8615    13     0.8423 
Sys.insufficient par.       0.0086    18     0.0205    16     0.0180 
Idle time                   0.0000     8     0.0278    17     0.0059 
Communication               0.0065    13     0.2836    17     0.0455 
Synchronization             0.0055     4     0.2933    17     0.1012 
Variation                   0.0047     4     0.1624    17     0.0837 
Overlap                     0.0000     1     0.0000    14     0.0000 
Load imbalance              0.0000     4     0.1477    17     0.0201 
Execution time              1.7222    17     1.7500     8     1.7441 
User CPU time               0.7101    17     0.8573     4     0.8372 
Sys. CPU time               0.0005    18     0.0012    16     0.0011 
Processors                      18     1         18    18         18 
                      Communic          Synchro        Variation          Overlap  
Reduction       Tmin    0.0023    13     0.0005     2     0.0005     2     0.0000     1 
Reduction       Tmax    0.1500    17     0.0482     7     0.0482     3     0.0000     2 
Reduction       Tmid    0.0244           0.0244           0.0244           0.0000       
Shadow          Tmin    0.0036     1     0.0048     4     0.0041     4     0.0000     1 
Shadow          Tmax    0.1335    17     0.2451    17     0.1143    17     0.0000    14 
Shadow          Tmid    0.0211           0.0768           0.0593           0.0000       
--- The execution characteristics --- 
                                1          2          3          4          5          6          7          8          9         10         11         12         13         14         15         16         17         18 
Lost time                  0.8928     0.8955     0.8955     0.8916     0.8952     0.8983     0.8958     0.8970     0.8968     0.8970     0.8943     0.8948     0.8920     0.8924     0.9054     0.9071     1.0394     1.0306 
User insufficient par.     0.8604     0.8587     0.8592     0.8614     0.8570     0.8551     0.8582     0.8580     0.8551     0.8566     0.8598     0.8595     0.8615     0.8604     0.8489     0.8479     0.7192     0.7254 
Sys.insufficient par.      0.0177     0.0175     0.0201     0.0189     0.0189     0.0191     0.0197     0.0190     0.0197     0.0191     0.0202     0.0187     0.0199     0.0187     0.0187     0.0205     0.0089     0.0086 
Idle time                  0.0069     0.0008     0.0030     0.0023     0.0080     0.0015     0.0042     0.0000     0.0075     0.0012     0.0034     0.0004     0.0041     0.0019     0.0099     0.0027     0.0278     0.0208 
Communication              0.0078     0.0186     0.0132     0.0090     0.0113     0.0225     0.0137     0.0199     0.0144     0.0203     0.0108     0.0162     0.0065     0.0114     0.0278     0.0361     0.2836     0.2759 
Synchronization            0.1563     0.0169     0.1572     0.0055     0.1570     0.0177     0.1570     0.0162     0.1570     0.0180     0.1541     0.0158     0.1520     0.0128     0.1621     0.0230     0.2933     0.1491 
Variation                  0.1562     0.0067     0.1548     0.0047     0.1558     0.0049     0.1560     0.0158     0.1545     0.0154     0.1524     0.0140     0.1515     0.0127     0.1520     0.0128     0.1624     0.0234 
Overlap                    0.0000     0.0000     0.0000     0.0000     0.0000     0.0000     0.0000     0.0000     0.0000     0.0000     0.0000     0.0000     0.0000     0.0000     0.0000     0.0000     0.0000     0.0000 
Load imbalance             0.0012     0.0039     0.0039     0.0000     0.0035     0.0067     0.0042     0.0053     0.0052     0.0054     0.0026     0.0032     0.0004     0.0008     0.0138     0.0155     0.1477     0.1390 
Execution time             1.7431     1.7492     1.7470     1.7477     1.7420     1.7484     1.7458     1.7500     1.7424     1.7488     1.7466     1.7496     1.7458     1.7481     1.7401     1.7473     1.7222     1.7292 
User CPU time              0.8561     0.8535     0.8533     0.8573     0.8537     0.8506     0.8530     0.8519     0.8520     0.8518     0.8545     0.8541     0.8568     0.8565     0.8435     0.8416     0.7101     0.7189 
Sys. CPU time              0.0010     0.0010     0.0012     0.0011     0.0011     0.0011     0.0012     0.0011     0.0012     0.0011     0.0012     0.0011     0.0012     0.0011     0.0011     0.0012     0.0005     0.0005 
Processors                     18         18         18         18         18         18         18         18         18         18         18         18         18         18         18         18         18         18 
           Communication          
Reduction                  0.0043     0.0050     0.0072     0.0045     0.0059     0.0062     0.0088     0.0158     0.0077     0.0139     0.0054     0.0109     0.0023     0.0074     0.0141     0.0221     0.1500     0.1477 
Shadow                     0.0036     0.0136     0.0060     0.0045     0.0054     0.0164     0.0050     0.0042     0.0067     0.0063     0.0055     0.0054     0.0042     0.0040     0.0138     0.0140     0.1335     0.1281 
           Synchronization        
Reduction                  0.0480     0.0005     0.0482     0.0006     0.0482     0.0007     0.0482     0.0007     0.0482     0.0007     0.0482     0.0007     0.0480     0.0005     0.0482     0.0007     0.0481     0.0006 
Shadow                     0.1083     0.0164     0.1090     0.0048     0.1088     0.0170     0.1088     0.0155     0.1089     0.0174     0.1059     0.0151     0.1040     0.0123     0.1139     0.0223     0.2451     0.1485 
           Variation              
Reduction                  0.0480     0.0005     0.0482     0.0007     0.0482     0.0007     0.0482     0.0007     0.0482     0.0007     0.0482     0.0007     0.0480     0.0005     0.0482     0.0007     0.0481     0.0006 
Shadow                     0.1082     0.0062     0.1066     0.0041     0.1076     0.0043     0.1078     0.0152     0.1063     0.0147     0.1042     0.0133     0.1035     0.0122     0.1038     0.0121     0.1143     0.0228 
           Overlap                
Reduction                  0.0000     0.0000     0.0000     0.0000     0.0000     0.0000     0.0000     0.0000     0.0000     0.0000     0.0000     0.0000     0.0000     0.0000     0.0000     0.0000     0.0000     0.0000 
Shadow                     0.0000     0.0000     0.0000     0.0000     0.0000     0.0000     0.0000     0.0000     0.0000     0.0000     0.0000     0.0000     0.0000     0.0000     0.0000     0.0000     0.0000     0.0000 


-------------------------------------------------------------------------
Name (number) and performance time of processors
DVM(1) 1.031040
DVM(2) 1.030927
DVM(3) 1.030287
DVM(4) 1.033628
DVM(5) 1.030588
DVM(6) 1.030494
DVM(7) 1.030778
DVM(8) 1.030746
DVM(9) 1.030725
DVM(10) 1.030603
DVM(11) 1.030336
DVM(12) 1.030333
DVM(13) 1.029965
DVM(14) 1.029905
DVM(15) 1.030945
DVM(16) 1.030931
DVM(17) 1.030513
DVM(18) 1.030524
min - DVM(14) 1.029905; max - DVM(4) 1.033628; mid - 1.030737
