Processor system=1*3*5
Statistics has been accumulated on DVM-system version 5.0, platform DVM
Analyzer is executing on DVM-system version 5.0, platform DVM
-------------------------------------------------------------------------
INTERVAL ( NLINE=12 SOURCE=rb.c ) LEVEL=0  EXE_COUNT=1
--- The main characteristics --- 
Parallelization efficiency      0.1834 
Execution time                  4.3314 
Processors                          15
Threads amount                      15
Total time                     64.9713
Productive time                11.9163 ( CPU= 11.7676 Sys= 0.1487 I/O= 0.0000 )
Lost  time                     53.0550 
   Insufficient parallelism    49.2168 ( User= 47.1355 Sys= 2.0814 )
   Communication                3.3378 ( Real_sync= 0.0000 Starts= 0.0000 )
   Idle time                    0.5004
Load imbalance                  0.6150
Synchronization                 8.0796
Time variation                  7.4318
Overlap                         0.0002
                  Nop   Communic    Synchro  Variation    Overlap 
Reduction          10     1.5426     2.0120     2.0120     0.0000 
Shadow             20     1.7952     6.0675     5.4198     0.0001 
--- The comparative characteristics --- 
                              Tmin N proc      Tmax N proc      Tmid
Lost time                   3.4960     6     3.6255    12     3.5370 
User insufficient par.      2.8034    12     3.2936     4     3.1424 
Sys.insufficient par.       0.0903    11     0.2429    10     0.1388 
Idle time                   0.0000    10     0.0994    12     0.0334 
Communication               0.0058     8     0.6270    12     0.2225 
Synchronization             0.0191    10     1.4232    12     0.5386 
Variation                   0.0300    10     1.2460     2     0.4955 
Overlap                     0.0000     1     0.0001    10     0.0000 
Load imbalance              0.0000     6     0.1295    12     0.0410 
Execution time              4.2321    12     4.3314    10     4.2981 
User CPU time               0.6991    12     0.8222     4     0.7845 
Sys. CPU time               0.0065    11     0.0174    10     0.0099 
Processors                      15     1         15    15         15 
                      Communic          Synchro        Variation          Overlap  
Reduction       Tmin    0.0008     8     0.0029     5     0.0030     5     0.0000     1 
Reduction       Tmax    0.3020    12     0.3728     7     0.3728     2     0.0000     5 
Reduction       Tmid    0.1028           0.1341           0.1341           0.0000       
Shadow          Tmin    0.0045     6     0.0160    10     0.0269    10     0.0000     1 
Shadow          Tmax    0.3251    12     1.0504    12     0.8731     2     0.0001    10 
Shadow          Tmid    0.1197           0.4045           0.3613           0.0000       
--- The execution characteristics --- 
                                1          2          3          4          5          6          7          8          9         10         11         12         13         14         15 
Lost time                  3.5072     3.5075     3.5061     3.5016     3.5030     3.4960     3.5097     3.5068     3.5033     3.5034     3.5989     3.6255     3.6082     3.5902     3.5876 
User insufficient par.     3.2720     3.2697     3.2748     3.2936     3.2856     3.2935     3.2394     3.2444     3.2469     3.2466     2.9075     2.8034     2.8685     2.9400     2.9496 
Sys.insufficient par.      0.0985     0.1114     0.1090     0.1057     0.1113     0.1870     0.1832     0.2066     0.2421     0.2429     0.0903     0.0957     0.0989     0.0984     0.1004 
Idle time                  0.0130     0.0799     0.0583     0.0020     0.0013     0.0020     0.0701     0.0501     0.0004     0.0000     0.0195     0.0994     0.0755     0.0147     0.0143 
Communication              0.1237     0.0465     0.0639     0.1003     0.1049     0.0135     0.0170     0.0058     0.0139     0.0139     0.5816     0.6270     0.5653     0.5371     0.5233 
Synchronization            0.3206     1.1846     0.7603     0.1386     0.1269     0.2034     1.0998     0.6568     0.0252     0.0191     0.5222     1.4232     0.9659     0.3230     0.3099 
Variation                  0.3631     1.2460     0.8126     0.1856     0.1774     0.2648     1.1637     0.7019     0.0360     0.0300     0.3016     1.1903     0.7415     0.1124     0.1050 
Overlap                    0.0000     0.0000     0.0000     0.0000     0.0000     0.0000     0.0000     0.0000     0.0000     0.0001     0.0000     0.0000     0.0000     0.0000     0.0000 
Load imbalance             0.0112     0.0115     0.0101     0.0056     0.0070     0.0000     0.0137     0.0108     0.0073     0.0074     0.1029     0.1295     0.1122     0.0942     0.0916 
Execution time             4.3185     4.2515     4.2731     4.3294     4.3302     4.3294     4.2613     4.2813     4.3310     4.3314     4.3119     4.2321     4.2559     4.3167     4.3171 
User CPU time              0.8171     0.8160     0.8176     0.8222     0.8204     0.8221     0.8087     0.8099     0.8108     0.8107     0.7260     0.6991     0.7161     0.7342     0.7366 
Sys. CPU time              0.0070     0.0080     0.0078     0.0075     0.0079     0.0134     0.0131     0.0148     0.0173     0.0174     0.0065     0.0068     0.0071     0.0070     0.0072 
Processors                     15         15         15         15         15         15         15         15         15         15         15         15         15         15         15 
           Communication          
Reduction                  0.0620     0.0140     0.0227     0.0527     0.0608     0.0090     0.0124     0.0008     0.0093     0.0088     0.2620     0.3020     0.2554     0.2386     0.2320 
Shadow                     0.0617     0.0325     0.0412     0.0477     0.0440     0.0045     0.0045     0.0050     0.0046     0.0051     0.3195     0.3251     0.3099     0.2986     0.2913 
           Synchronization        
Reduction                  0.0630     0.3728     0.2271     0.0046     0.0029     0.0631     0.3728     0.2271     0.0046     0.0030     0.0632     0.3728     0.2272     0.0047     0.0031 
Shadow                     0.2576     0.8118     0.5332     0.1341     0.1240     0.1403     0.7270     0.4298     0.0206     0.0160     0.4590     1.0504     0.7388     0.3183     0.3068 
           Variation              
Reduction                  0.0630     0.3728     0.2271     0.0046     0.0030     0.0631     0.3728     0.2271     0.0046     0.0030     0.0632     0.3728     0.2271     0.0047     0.0031 
Shadow                     0.3001     0.8731     0.5855     0.1810     0.1744     0.2017     0.7908     0.4748     0.0314     0.0269     0.2385     0.8175     0.5144     0.1077     0.1019 
           Overlap                
Reduction                  0.0000     0.0000     0.0000     0.0000     0.0000     0.0000     0.0000     0.0000     0.0000     0.0000     0.0000     0.0000     0.0000     0.0000     0.0000 
Shadow                     0.0000     0.0000     0.0000     0.0000     0.0000     0.0000     0.0000     0.0000     0.0000     0.0001     0.0000     0.0000     0.0000     0.0000     0.0000 


-------------------------------------------------------------------------
Name (number) and performance time of processors
DVM(1) 1.030215
DVM(2) 1.029957
DVM(3) 1.030564
DVM(4) 1.030968
DVM(5) 1.030820
DVM(6) 1.030773
DVM(7) 1.030464
DVM(8) 1.030501
DVM(9) 1.030601
DVM(10) 1.030599
DVM(11) 1.030398
DVM(12) 1.030377
DVM(13) 1.030882
DVM(14) 1.030886
DVM(15) 0.517868
min - DVM(15) 0.517868; max - DVM(4) 1.030968; mid - 0.996392
