Processor system=1*5*4
Statistics has been accumulated on DVM-system version 5.0, platform DVM
Analyzer is executing on DVM-system version 5.0, platform DVM
-------------------------------------------------------------------------
INTERVAL ( NLINE=12 SOURCE=rb.c ) LEVEL=0  EXE_COUNT=2
--- The main characteristics --- 
Parallelization efficiency      0.2270 
Execution time                  3.5742 
Processors                          20
Threads amount                      20
Total time                     71.4832
Productive time                16.2292 ( CPU= 16.0448 Sys= 0.1844 I/O= 0.0000 )
Lost  time                     55.2540 
   Insufficient parallelism    51.8529 ( User= 48.3492 Sys= 3.5038 )
   Communication                2.5811 ( Real_sync= 0.0000 Starts= 0.0000 )
   Idle time                    0.8200
Load imbalance                  0.4002
Synchronization                 8.4056
Time variation                  9.2000
Overlap                         0.0002
                  Nop   Communic    Synchro  Variation    Overlap 
Reduction          10     1.7753     2.3516     2.3515     0.0001 
Shadow             21     0.8058     6.0540     6.8484     0.0001 
--- The comparative characteristics --- 
                              Tmin N proc      Tmax N proc      Tmid
Lost time                   2.7427    12     2.7810    18     2.7627 
User insufficient par.      2.3789    18     2.4707    12     2.4175 
Sys.insufficient par.       0.1105     4     0.2531     7     0.1752 
Idle time                   0.0000    19     0.0829     2     0.0410 
Communication               0.0369    13     0.2436    20     0.1291 
Synchronization             0.0873     7     0.8561     2     0.4203 
Variation                   0.1125     7     0.9012     2     0.4600 
Overlap                     0.0000     1     0.0001     7     0.0000 
Load imbalance              0.0000    12     0.0383    18     0.0200 
Execution time              3.4912     2     3.5742    19     3.5332 
User CPU time               0.7868    18     0.8217    12     0.8022 
Sys. CPU time               0.0058     4     0.0133     7     0.0092 
Processors                      20     1         20    20         20 
                      Communic          Synchro        Variation          Overlap  
Reduction       Tmin    0.0257    13     0.0225     4     0.0225     4     0.0000     1 
Reduction       Tmax    0.1745     4     0.2410    10     0.2410    10     0.0000     4 
Reduction       Tmid    0.0888           0.1176           0.1176           0.0000       
Shadow          Tmin    0.0051     5     0.0594     7     0.0845     7     0.0000     1 
Shadow          Tmax    0.1111    18     0.6155     2     0.6606     2     0.0001     7 
Shadow          Tmid    0.0403           0.3027           0.3424           0.0000       
--- The execution characteristics --- 
                                1          2          3          4          5          6          7          8          9         10         11         12         13         14         15         16         17         18         19         20 
Lost time                  2.7778     2.7790     2.7547     2.7719     2.7560     2.7577     2.7590     2.7680     2.7660     2.7655     2.7551     2.7427     2.7483     2.7595     2.7587     2.7606     2.7574     2.7810     2.7603     2.7749 
User insufficient par.     2.3832     2.3815     2.4520     2.3975     2.4403     2.4321     2.4100     2.3886     2.3982     2.4072     2.4247     2.4707     2.4596     2.4190     2.4180     2.4139     2.4479     2.3789     2.4407     2.3854 
Sys.insufficient par.      0.1141     0.1132     0.1348     0.1105     0.1929     0.2077     0.2531     0.2169     0.2054     0.2329     0.2330     0.1851     0.2240     0.2074     0.2085     0.2022     0.1154     0.1209     0.1123     0.1134 
Idle time                  0.0680     0.0829     0.0118     0.0321     0.0482     0.0682     0.0339     0.0329     0.0581     0.0642     0.0036     0.0313     0.0278     0.0758     0.0099     0.0317     0.0352     0.0719     0.0000     0.0324 
Communication              0.2125     0.2015     0.1561     0.2319     0.0746     0.0497     0.0619     0.1297     0.1042     0.0612     0.0938     0.0557     0.0369     0.0573     0.1223     0.1129     0.1589     0.2093     0.2073     0.2436 
Synchronization            0.6760     0.8561     0.2227     0.2503     0.5619     0.7261     0.0873     0.1294     0.5530     0.7168     0.1189     0.0909     0.5436     0.7270     0.1357     0.1296     0.6242     0.8360     0.2052     0.2150 
Variation                  0.7343     0.9012     0.2460     0.3082     0.6397     0.7873     0.1125     0.1716     0.6216     0.7530     0.1242     0.1544     0.6029     0.7590     0.1820     0.1479     0.6460     0.8322     0.2398     0.2362 
Overlap                    0.0000     0.0000     0.0000     0.0000     0.0000     0.0000     0.0001     0.0000     0.0000     0.0000     0.0000     0.0000     0.0000     0.0000     0.0000     0.0000     0.0000     0.0000     0.0000     0.0000 
Load imbalance             0.0351     0.0363     0.0120     0.0292     0.0133     0.0150     0.0163     0.0253     0.0233     0.0228     0.0124     0.0000     0.0056     0.0168     0.0160     0.0180     0.0147     0.0383     0.0176     0.0322 
Execution time             3.5062     3.4912     3.5624     3.5421     3.5260     3.5060     3.5402     3.5413     3.5160     3.5100     3.5705     3.5429     3.5463     3.4983     3.5643     3.5425     3.5390     3.5022     3.5742     3.5417 
User CPU time              0.7904     0.7892     0.8123     0.7965     0.8080     0.8056     0.8019     0.7947     0.7974     0.7964     0.8068     0.8217     0.8141     0.8038     0.8045     0.8029     0.8107     0.7868     0.8080     0.7933 
Sys. CPU time              0.0060     0.0060     0.0071     0.0058     0.0102     0.0109     0.0133     0.0114     0.0108     0.0123     0.0123     0.0097     0.0118     0.0109     0.0110     0.0106     0.0061     0.0064     0.0059     0.0060 
Processors                     20         20         20         20         20         20         20         20         20         20         20         20         20         20         20         20         20         20         20         20 
           Communication          
Reduction                  0.1544     0.1295     0.0945     0.1745     0.0694     0.0442     0.0559     0.1090     0.0986     0.0512     0.0592     0.0426     0.0257     0.0324     0.1006     0.0657     0.0771     0.0982     0.1361     0.1566 
Shadow                     0.0581     0.0719     0.0616     0.0574     0.0051     0.0055     0.0060     0.0206     0.0056     0.0100     0.0347     0.0131     0.0111     0.0249     0.0217     0.0472     0.0818     0.1111     0.0712     0.0870 
           Synchronization        
Reduction                  0.1787     0.2406     0.0279     0.0225     0.1790     0.2408     0.0280     0.0227     0.1790     0.2410     0.0280     0.0227     0.1788     0.2408     0.0280     0.0226     0.1790     0.2409     0.0280     0.0227 
Shadow                     0.4974     0.6155     0.1948     0.2277     0.3829     0.4853     0.0594     0.1067     0.3740     0.4758     0.0908     0.0681     0.3648     0.4862     0.1077     0.1070     0.4452     0.5950     0.1772     0.1923 
           Variation              
Reduction                  0.1787     0.2406     0.0279     0.0225     0.1790     0.2408     0.0280     0.0227     0.1790     0.2410     0.0280     0.0227     0.1788     0.2408     0.0280     0.0226     0.1790     0.2409     0.0280     0.0227 
Shadow                     0.5556     0.6606     0.2181     0.2857     0.4607     0.5465     0.0845     0.1489     0.4426     0.5120     0.0962     0.1317     0.4242     0.5182     0.1540     0.1254     0.4669     0.5912     0.2118     0.2136 
           Overlap                
Reduction                  0.0000     0.0000     0.0000     0.0000     0.0000     0.0000     0.0000     0.0000     0.0000     0.0000     0.0000     0.0000     0.0000     0.0000     0.0000     0.0000     0.0000     0.0000     0.0000     0.0000 
Shadow                     0.0000     0.0000     0.0000     0.0000     0.0000     0.0000     0.0001     0.0000     0.0000     0.0000     0.0000     0.0000     0.0000     0.0000     0.0000     0.0000     0.0000     0.0000     0.0000     0.0000 


-------------------------------------------------------------------------
Name (number) and performance time of processors
DVM(1) 1.030149
DVM(2) 1.029833
DVM(3) 1.030180
DVM(4) 1.053106
DVM(5) 1.054219
DVM(6) 1.029856
DVM(7) 1.032335
DVM(8) 1.029889
DVM(9) 1.030548
DVM(10) 1.030445
DVM(11) 1.030533
DVM(12) 1.030568
DVM(13) 1.031530
DVM(14) 1.030008
DVM(15) 1.030469
DVM(16) 1.030758
DVM(17) 1.030644
DVM(18) 1.032442
DVM(19) 1.030836
DVM(20) 1.031836
min - DVM(2) 1.029833; max - DVM(5) 1.054219; mid - 1.033009
