Processor system=1*7*2
Statistics has been accumulated on DVM-system version 5.0, platform DVM
Analyzer is executing on DVM-system version 5.0, platform DVM
-------------------------------------------------------------------------
INTERVAL ( NLINE=12 SOURCE=rb.c ) LEVEL=0  EXE_COUNT=1
--- The main characteristics --- 
Parallelization efficiency      0.4273 
Execution time                  1.7734 
Processors                          14
Threads amount                      14
Total time                     24.8269
Productive time                10.6082 ( CPU= 10.4923 Sys= 0.1159 I/O= 0.0000 )
Lost  time                     14.2187 
   Insufficient parallelism    12.0888 ( User= 10.5820 Sys= 1.5068 )
   Communication                1.7021 ( Real_sync= 0.0000 Starts= 0.0000 )
   Idle time                    0.4278
Load imbalance                  0.7125
Synchronization                 2.3453
Time variation                  2.2720
Overlap                         0.0002
                  Nop   Communic    Synchro  Variation    Overlap 
Reduction          10     1.2507     0.3600     0.3601     0.0000 
Shadow             20     0.4514     1.9853     1.9119     0.0001 
--- The comparative characteristics --- 
                              Tmin N proc      Tmax N proc      Tmid
Lost time                   0.9647     3     1.0982    13     1.0156 
User insufficient par.      0.6778    13     0.8070     1     0.7559 
Sys.insufficient par.       0.0590    13     0.1563     6     0.1076 
Idle time                   0.0000    10     0.0477    13     0.0306 
Communication               0.0052     4     0.3137    13     0.1216 
Synchronization             0.0025     4     0.3648    13     0.1675 
Variation                   0.0033     6     0.3763    13     0.1623 
Overlap                     0.0000     1     0.0000     4     0.0000 
Load imbalance              0.0000     3     0.1335    13     0.0509 
Execution time              1.7257    13     1.7734    10     1.7428 
User CPU time               0.6706    13     0.8010     1     0.7495 
Sys. CPU time               0.0045    13     0.0120     6     0.0083 
Processors                      14     1         14    14         14 
                      Communic          Synchro        Variation          Overlap  
Reduction       Tmin    0.0011     4     0.0000     2     0.0000     2     0.0000     1 
Reduction       Tmax    0.2819    13     0.0514     7     0.0514     7     0.0000     2 
Reduction       Tmid    0.0893           0.0257           0.0257           0.0000       
Shadow          Tmin    0.0032     3     0.0024     4     0.0032     6     0.0000     1 
Shadow          Tmax    0.1258     9     0.3135    13     0.3249    13     0.0000     4 
Shadow          Tmid    0.0322           0.1418           0.1366           0.0000       
--- The execution characteristics --- 
                                1          2          3          4          5          6          7          8          9         10         11         12         13         14 
Lost time                  0.9670     0.9718     0.9647     0.9744     0.9662     0.9789     0.9664     0.9787     1.0602     1.0578     1.0908     1.0716     1.0982     1.0719 
User insufficient par.     0.8070     0.7999     0.8049     0.7908     0.8030     0.7863     0.8028     0.7866     0.7107     0.7220     0.6920     0.6978     0.6778     0.7005 
Sys.insufficient par.      0.0699     0.0780     0.1200     0.1551     0.1244     0.1563     0.1232     0.1551     0.0923     0.1157     0.0927     0.1025     0.0590     0.0625 
Idle time                  0.0403     0.0268     0.0334     0.0233     0.0334     0.0237     0.0334     0.0241     0.0447     0.0000     0.0362     0.0303     0.0477     0.0307 
Communication              0.0498     0.0671     0.0064     0.0052     0.0054     0.0127     0.0070     0.0129     0.2125     0.2201     0.2699     0.2410     0.3137     0.2783 
Synchronization            0.2415     0.0812     0.1823     0.0025     0.1798     0.0052     0.1813     0.0055     0.3045     0.1284     0.3344     0.1498     0.3648     0.1839 
Variation                  0.2662     0.0951     0.2066     0.0067     0.2000     0.0033     0.2013     0.0070     0.2119     0.0197     0.3366     0.1539     0.3763     0.1876 
Overlap                    0.0000     0.0000     0.0000     0.0000     0.0000     0.0000     0.0000     0.0000     0.0000     0.0000     0.0000     0.0000     0.0000     0.0000 
Load imbalance             0.0023     0.0071     0.0000     0.0097     0.0015     0.0142     0.0017     0.0139     0.0955     0.0931     0.1261     0.1068     0.1335     0.1072 
Execution time             1.7330     1.7466     1.7399     1.7501     1.7399     1.7497     1.7399     1.7493     1.7287     1.7734     1.7372     1.7431     1.7257     1.7427 
User CPU time              0.8010     0.7955     0.7994     0.7870     0.7976     0.7824     0.7974     0.7827     0.7060     0.7067     0.6754     0.6939     0.6706     0.6966 
Sys. CPU time              0.0054     0.0060     0.0092     0.0119     0.0096     0.0120     0.0095     0.0119     0.0071     0.0089     0.0071     0.0079     0.0045     0.0048 
Processors                     14         14         14         14         14         14         14         14         14         14         14         14         14         14 
           Communication          
Reduction                  0.0293     0.0404     0.0032     0.0011     0.0016     0.0055     0.0021     0.0071     0.0867     0.0948     0.2375     0.2170     0.2819     0.2428 
Shadow                     0.0206     0.0267     0.0032     0.0041     0.0038     0.0072     0.0050     0.0059     0.1258     0.1253     0.0324     0.0241     0.0318     0.0355 
           Synchronization        
Reduction                  0.0513     0.0000     0.0513     0.0001     0.0514     0.0001     0.0514     0.0001     0.0514     0.0001     0.0514     0.0001     0.0514     0.0001 
Shadow                     0.1903     0.0812     0.1310     0.0024     0.1284     0.0051     0.1299     0.0054     0.2531     0.1283     0.2830     0.1497     0.3135     0.1839 
           Variation              
Reduction                  0.0513     0.0000     0.0513     0.0001     0.0514     0.0001     0.0514     0.0001     0.0514     0.0001     0.0514     0.0001     0.0514     0.0001 
Shadow                     0.2149     0.0951     0.1552     0.0066     0.1486     0.0032     0.1499     0.0069     0.1605     0.0196     0.2852     0.1538     0.3249     0.1875 
           Overlap                
Reduction                  0.0000     0.0000     0.0000     0.0000     0.0000     0.0000     0.0000     0.0000     0.0000     0.0000     0.0000     0.0000     0.0000     0.0000 
Shadow                     0.0000     0.0000     0.0000     0.0000     0.0000     0.0000     0.0000     0.0000     0.0000     0.0000     0.0000     0.0000     0.0000     0.0000 


-------------------------------------------------------------------------
Name (number) and performance time of processors
DVM(1) 1.030234
DVM(2) 1.030140
DVM(3) 1.030957
DVM(4) 1.030985
DVM(5) 1.031040
DVM(6) 1.031015
DVM(7) 1.031282
DVM(8) 1.031183
DVM(9) 1.030502
DVM(10) 1.030498
DVM(11) 1.030778
DVM(12) 1.030819
DVM(13) 1.030923
DVM(14) 1.030894
min - DVM(2) 1.030140; max - DVM(7) 1.031282; mid - 1.030804
