Processor system=8*2*1
Statistics has been accumulated on DVM-system version 5.0, platform DVM
Analyzer is executing on DVM-system version 5.0, platform DVM
-------------------------------------------------------------------------
INTERVAL ( NLINE=12 SOURCE=rb.c ) LEVEL=0  EXE_COUNT=1
--- The main characteristics --- 
Parallelization efficiency      0.9338 
Execution time                  0.8826 
Processors                          16
Threads amount                      16
Total time                     14.1212
Productive time                13.1859 ( CPU= 13.1687 Sys= 0.0172 I/O= 0.0000 )
Lost  time                      0.9353 
   Insufficient parallelism     0.3387 ( User= 0.0809 Sys= 0.2578 )
   Communication                0.5369 ( Real_sync= 0.0000 Starts= 0.0000 )
   Idle time                    0.0597
Load imbalance                  0.4948
Synchronization                 0.2777
Time variation                  0.1562
Overlap                         0.0001
                  Nop   Communic    Synchro  Variation    Overlap 
Reduction          10     0.3712     0.0004     0.0004     0.0000 
Shadow             20     0.1657     0.2773     0.1558     0.0000 
--- The comparative characteristics --- 
                              Tmin N proc      Tmax N proc      Tmid
Lost time                   0.0275     4     0.1645    15     0.0585 
User insufficient par.      0.0034     7     0.0073    15     0.0051 
Sys.insufficient par.       0.0113    16     0.0181     4     0.0161 
Idle time                   0.0000     5     0.0101    14     0.0037 
Communication               0.0036     4     0.1354    15     0.0336 
Synchronization             0.0010     4     0.0636    15     0.0174 
Variation                   0.0010     4     0.0630    15     0.0098 
Overlap                     0.0000     1     0.0000     4     0.0000 
Load imbalance              0.0000     4     0.1369    15     0.0309 
Execution time              0.8724    14     0.8826     5     0.8788 
User CPU time               0.7173    15     0.8538     4     0.8230 
Sys. CPU time               0.0008    16     0.0012     4     0.0011 
Processors                      16     1         16    16         16 
                      Communic          Synchro        Variation          Overlap  
Reduction       Tmin    0.0008     4     0.0000    16     0.0000    16     0.0000     1 
Reduction       Tmax    0.1320    15     0.0000     4     0.0000     9     0.0000    16 
Reduction       Tmid    0.0232           0.0000           0.0000           0.0000       
Shadow          Tmin    0.0023     1     0.0010     4     0.0010     4     0.0000     1 
Shadow          Tmax    0.0612    14     0.0636    15     0.0630    15     0.0000     4 
Shadow          Tmid    0.0104           0.0173           0.0097           0.0000       
--- The execution characteristics --- 
                                1          2          3          4          5          6          7          8          9         10         11         12         13         14         15         16 
Lost time                  0.0281     0.0277     0.0293     0.0275     0.0280     0.0287     0.0292     0.0298     0.0285     0.0277     0.0286     0.0285     0.1360     0.1377     0.1645     0.1555 
User insufficient par.     0.0054     0.0051     0.0039     0.0049     0.0055     0.0045     0.0034     0.0042     0.0055     0.0040     0.0056     0.0038     0.0056     0.0061     0.0073     0.0061 
Sys.insufficient par.      0.0174     0.0171     0.0175     0.0181     0.0181     0.0177     0.0175     0.0175     0.0178     0.0176     0.0177     0.0172     0.0118     0.0120     0.0117     0.0113 
Idle time                  0.0012     0.0012     0.0031     0.0008     0.0000     0.0016     0.0035     0.0028     0.0004     0.0020     0.0004     0.0024     0.0101     0.0101     0.0101     0.0101 
Communication              0.0042     0.0044     0.0048     0.0036     0.0044     0.0049     0.0048     0.0054     0.0049     0.0041     0.0048     0.0051     0.1085     0.1095     0.1354     0.1280 
Synchronization            0.0035     0.0033     0.0024     0.0010     0.0017     0.0023     0.0022     0.0021     0.0019     0.0015     0.0022     0.0024     0.0621     0.0625     0.0636     0.0629 
Variation                  0.0033     0.0029     0.0015     0.0010     0.0015     0.0015     0.0017     0.0018     0.0015     0.0016     0.0020     0.0021     0.0038     0.0039     0.0630     0.0630 
Overlap                    0.0000     0.0000     0.0000     0.0000     0.0000     0.0000     0.0000     0.0000     0.0000     0.0000     0.0000     0.0000     0.0000     0.0000     0.0000     0.0000 
Load imbalance             0.0006     0.0002     0.0018     0.0000     0.0005     0.0012     0.0016     0.0023     0.0010     0.0002     0.0010     0.0010     0.1084     0.1102     0.1369     0.1280 
Execution time             0.8814     0.8814     0.8795     0.8818     0.8826     0.8810     0.8791     0.8798     0.8822     0.8806     0.8822     0.8802     0.8725     0.8724     0.8725     0.8724 
User CPU time              0.8533     0.8537     0.8521     0.8538     0.8534     0.8527     0.8522     0.8516     0.8529     0.8537     0.8528     0.8529     0.7458     0.7441     0.7173     0.7263 
Sys. CPU time              0.0012     0.0011     0.0012     0.0012     0.0012     0.0012     0.0012     0.0012     0.0012     0.0012     0.0012     0.0011     0.0008     0.0008     0.0008     0.0008 
Processors                     16         16         16         16         16         16         16         16         16         16         16         16         16         16         16         16 
           Communication          
Reduction                  0.0019     0.0015     0.0015     0.0008     0.0014     0.0013     0.0017     0.0018     0.0016     0.0011     0.0018     0.0017     0.0474     0.0483     0.1320     0.1253 
Shadow                     0.0023     0.0028     0.0033     0.0028     0.0031     0.0037     0.0031     0.0036     0.0033     0.0029     0.0030     0.0034     0.0610     0.0612     0.0034     0.0027 
           Synchronization        
Reduction                  0.0000     0.0000     0.0000     0.0000     0.0000     0.0000     0.0000     0.0000     0.0000     0.0000     0.0000     0.0000     0.0000     0.0000     0.0000     0.0000 
Shadow                     0.0034     0.0033     0.0023     0.0010     0.0017     0.0022     0.0021     0.0021     0.0019     0.0015     0.0022     0.0024     0.0620     0.0625     0.0636     0.0629 
           Variation              
Reduction                  0.0000     0.0000     0.0000     0.0000     0.0000     0.0000     0.0000     0.0000     0.0000     0.0000     0.0000     0.0000     0.0000     0.0000     0.0000     0.0000 
Shadow                     0.0033     0.0029     0.0015     0.0010     0.0015     0.0015     0.0016     0.0018     0.0015     0.0016     0.0019     0.0020     0.0038     0.0039     0.0630     0.0630 
           Overlap                
Reduction                  0.0000     0.0000     0.0000     0.0000     0.0000     0.0000     0.0000     0.0000     0.0000     0.0000     0.0000     0.0000     0.0000     0.0000     0.0000     0.0000 
Shadow                     0.0000     0.0000     0.0000     0.0000     0.0000     0.0000     0.0000     0.0000     0.0000     0.0000     0.0000     0.0000     0.0000     0.0000     0.0000     0.0000 


-------------------------------------------------------------------------
Name (number) and performance time of processors
DVM(1) 1.030957
DVM(2) 1.030861
DVM(3) 1.031020
DVM(4) 1.031197
DVM(5) 1.031296
DVM(6) 1.031277
DVM(7) 1.030248
DVM(8) 1.030193
DVM(9) 1.031184
DVM(10) 1.031181
DVM(11) 1.030434
DVM(12) 1.030420
DVM(13) 1.030217
DVM(14) 1.030208
DVM(15) 1.030538
DVM(16) 1.030522
min - DVM(8) 1.030193; max - DVM(5) 1.031296; mid - 1.030735
