Processor system=3*3*2
Statistics has been accumulated on DVM-system version 5.0, platform DVM
Analyzer is executing on DVM-system version 5.0, platform DVM
-------------------------------------------------------------------------
INTERVAL ( NLINE=12 SOURCE=rb.c ) LEVEL=0  EXE_COUNT=2
--- The main characteristics --- 
Parallelization efficiency      0.4783 
Execution time                  1.7462 
Processors                          18
Threads amount                      18
Total time                     31.4324
Productive time                15.0354 ( CPU= 14.9968 Sys= 0.0386 I/O= 0.0000 )
Lost  time                     16.3970 
   Insufficient parallelism    15.7454 ( User= 15.0894 Sys= 0.6561 )
   Communication                0.5662 ( Real_sync= 0.0000 Starts= 0.0000 )
   Idle time                    0.0854
Load imbalance                  0.3169
Synchronization                 0.3626
Time variation                  0.1563
Overlap                         0.0001
                  Nop   Communic    Synchro  Variation    Overlap 
Reduction          10     0.2870     0.0159     0.0160     0.0000 
Shadow             20     0.2792     0.3467     0.1404     0.0000 
--- The comparative characteristics --- 
                              Tmin N proc      Tmax N proc      Tmid
Lost time                   0.8933    14     1.0190    17     0.9109 
User insufficient par.      0.7345    17     0.8553    14     0.8383 
Sys.insufficient par.       0.0256    17     0.0432    15     0.0364 
Idle time                   0.0000     6     0.0261    17     0.0047 
Communication               0.0027     4     0.2327    17     0.0315 
Synchronization             0.0016     4     0.1248    17     0.0201 
Variation                   0.0024    10     0.0150    13     0.0087 
Overlap                     0.0000     1     0.0000    10     0.0000 
Load imbalance              0.0000    14     0.1256    17     0.0176 
Execution time              1.7201    17     1.7462     6     1.7415 
User CPU time               0.7258    17     0.8509    14     0.8332 
Sys. CPU time               0.0015    17     0.0025    15     0.0021 
Processors                      18     1         18    18         18 
                      Communic          Synchro        Variation          Overlap  
Reduction       Tmin    0.0008     4     0.0000    18     0.0000    18     0.0000     1 
Reduction       Tmax    0.1143    17     0.0017     9     0.0017    15     0.0000    18 
Reduction       Tmid    0.0159           0.0009           0.0009           0.0000       
Shadow          Tmin    0.0014    14     0.0016     4     0.0023    10     0.0000     1 
Shadow          Tmax    0.1184    17     0.1231    17     0.0132    13     0.0000    10 
Shadow          Tmid    0.0155           0.0193           0.0078           0.0000       
--- The execution characteristics --- 
                                1          2          3          4          5          6          7          8          9         10         11         12         13         14         15         16         17         18 
Lost time                  0.8973     0.8977     0.8966     0.8966     0.8966     0.8970     0.8998     0.8981     0.8978     0.8987     0.8961     0.8967     0.8947     0.8933     0.9040     0.9046     1.0190     1.0124 
User insufficient par.     0.8536     0.8504     0.8526     0.8521     0.8515     0.8530     0.8486     0.8499     0.8501     0.8513     0.8538     0.8516     0.8545     0.8553     0.8450     0.8433     0.7345     0.7384 
Sys.insufficient par.      0.0360     0.0354     0.0400     0.0407     0.0349     0.0352     0.0367     0.0356     0.0414     0.0416     0.0352     0.0352     0.0350     0.0334     0.0432     0.0428     0.0256     0.0281 
Idle time                  0.0008     0.0031     0.0008     0.0012     0.0023     0.0000     0.0043     0.0035     0.0027     0.0004     0.0004     0.0020     0.0016     0.0016     0.0039     0.0047     0.0261     0.0261 
Communication              0.0069     0.0087     0.0032     0.0027     0.0078     0.0088     0.0101     0.0092     0.0036     0.0055     0.0067     0.0079     0.0037     0.0031     0.0119     0.0139     0.2327     0.2197 
Synchronization            0.0124     0.0094     0.0061     0.0016     0.0114     0.0075     0.0128     0.0087     0.0059     0.0017     0.0108     0.0064     0.0115     0.0073     0.0081     0.0040     0.1248     0.1122 
Variation                  0.0145     0.0112     0.0076     0.0030     0.0096     0.0055     0.0149     0.0113     0.0069     0.0024     0.0099     0.0061     0.0150     0.0111     0.0091     0.0045     0.0101     0.0035 
Overlap                    0.0000     0.0000     0.0000     0.0000     0.0000     0.0000     0.0000     0.0000     0.0000     0.0000     0.0000     0.0000     0.0000     0.0000     0.0000     0.0000     0.0000     0.0000 
Load imbalance             0.0040     0.0043     0.0033     0.0033     0.0033     0.0036     0.0064     0.0048     0.0045     0.0054     0.0028     0.0034     0.0014     0.0000     0.0106     0.0112     0.1256     0.1191 
Execution time             1.7455     1.7432     1.7455     1.7451     1.7439     1.7462     1.7420     1.7428     1.7435     1.7458     1.7458     1.7443     1.7447     1.7447     1.7424     1.7416     1.7201     1.7201 
User CPU time              0.8468     0.8465     0.8473     0.8472     0.8476     0.8472     0.8443     0.8460     0.8460     0.8451     0.8481     0.8475     0.8495     0.8509     0.8397     0.8391     0.7258     0.7322 
Sys. CPU time              0.0021     0.0021     0.0024     0.0024     0.0021     0.0021     0.0022     0.0021     0.0024     0.0024     0.0021     0.0021     0.0021     0.0020     0.0025     0.0025     0.0015     0.0017 
Processors                     18         18         18         18         18         18         18         18         18         18         18         18         18         18         18         18         18         18 
           Communication          
Reduction                  0.0042     0.0051     0.0015     0.0008     0.0021     0.0026     0.0069     0.0064     0.0013     0.0029     0.0013     0.0028     0.0022     0.0017     0.0094     0.0111     0.1143     0.1107 
Shadow                     0.0027     0.0036     0.0018     0.0019     0.0058     0.0062     0.0032     0.0028     0.0023     0.0025     0.0054     0.0051     0.0015     0.0014     0.0025     0.0028     0.1184     0.1091 
           Synchronization        
Reduction                  0.0017     0.0000     0.0017     0.0000     0.0017     0.0000     0.0017     0.0000     0.0017     0.0000     0.0017     0.0000     0.0017     0.0000     0.0017     0.0000     0.0017     0.0000 
Shadow                     0.0106     0.0094     0.0043     0.0016     0.0096     0.0074     0.0111     0.0087     0.0042     0.0016     0.0090     0.0064     0.0098     0.0072     0.0064     0.0040     0.1231     0.1122 
           Variation              
Reduction                  0.0017     0.0000     0.0017     0.0001     0.0017     0.0000     0.0017     0.0000     0.0017     0.0000     0.0017     0.0000     0.0017     0.0000     0.0017     0.0000     0.0017     0.0000 
Shadow                     0.0128     0.0111     0.0059     0.0030     0.0079     0.0054     0.0131     0.0113     0.0052     0.0023     0.0082     0.0061     0.0132     0.0111     0.0074     0.0045     0.0083     0.0034 
           Overlap                
Reduction                  0.0000     0.0000     0.0000     0.0000     0.0000     0.0000     0.0000     0.0000     0.0000     0.0000     0.0000     0.0000     0.0000     0.0000     0.0000     0.0000     0.0000     0.0000 
Shadow                     0.0000     0.0000     0.0000     0.0000     0.0000     0.0000     0.0000     0.0000     0.0000     0.0000     0.0000     0.0000     0.0000     0.0000     0.0000     0.0000     0.0000     0.0000 


-------------------------------------------------------------------------
Name (number) and performance time of processors
DVM(1) 1.030966
DVM(2) 1.030887
DVM(3) 1.030951
DVM(4) 1.031146
DVM(5) 1.030687
DVM(6) 1.030684
DVM(7) 1.030510
DVM(8) 1.030533
DVM(9) 1.031117
DVM(10) 1.031093
DVM(11) 1.030549
DVM(12) 1.030531
DVM(13) 1.030418
DVM(14) 1.030337
DVM(15) 1.030543
DVM(16) 1.030472
DVM(17) 1.030798
DVM(18) 1.030774
min - DVM(14) 1.030337; max - DVM(4) 1.031146; mid - 1.030722
