Processor system=2*5*2
Statistics has been accumulated on DVM-system version 5.0, platform DVM
Analyzer is executing on DVM-system version 5.0, platform DVM
-------------------------------------------------------------------------
INTERVAL ( NLINE=12 SOURCE=rb.c ) LEVEL=0  EXE_COUNT=2
--- The main characteristics --- 
Parallelization efficiency      0.4464 
Execution time                  1.7723 
Processors                          20
Threads amount                      20
Total time                     35.4460
Productive time                15.8228 ( CPU= 15.7383 Sys= 0.0846 I/O= 0.0000 )
Lost  time                     19.6232 
   Insufficient parallelism    17.5765 ( User= 15.9699 Sys= 1.6066 )
   Communication                1.5103 ( Real_sync= 0.0000 Starts= 0.0000 )
   Idle time                    0.5364
Load imbalance                  0.4114
Synchronization                18.6824
Time variation                 18.4158
Overlap                         0.0002
                  Nop   Communic    Synchro  Variation    Overlap 
Reduction          10     0.9522     5.6006     5.6006     0.0001 
Shadow             21     0.5581    13.0818    12.8153     0.0001 
--- The comparative characteristics --- 
                              Tmin N proc      Tmax N proc      Tmid
Lost time                   0.9606    12     1.0074     9     0.9812 
User insufficient par.      0.7702     9     0.8197    12     0.7985 
Sys.insufficient par.       0.0588    11     0.1145     8     0.0803 
Idle time                   0.0000    17     0.0450     8     0.0268 
Communication               0.0279     6     0.1459     9     0.0755 
Synchronization             0.0638     3     1.7895     2     0.9341 
Variation                   0.0350     9     1.7982    12     0.9208 
Overlap                     0.0000     9     0.0001     7     0.0000 
Load imbalance              0.0000    12     0.0468     9     0.0206 
Execution time              1.7273     8     1.7723    17     1.7455 
User CPU time               0.7612     9     0.8085    12     0.7869 
Sys. CPU time               0.0031    11     0.0060     8     0.0042 
Processors                      20     1         20    20         20 
                      Communic          Synchro        Variation          Overlap  
Reduction       Tmin    0.0219     6     0.0000     1     0.0000     1     0.0000     3 
Reduction       Tmax    0.0867    11     0.5599    16     0.5599     4     0.0000     1 
Reduction       Tmid    0.0476           0.2800           0.2800           0.0000       
Shadow          Tmin    0.0046     7     0.0635     3     0.0347     9     0.0000     1 
Shadow          Tmax    0.1042     9     1.2298     2     1.2384    12     0.0001     7 
Shadow          Tmid    0.0279           0.6541           0.6408           0.0000       
--- The execution characteristics --- 
                                1          2          3          4          5          6          7          8          9         10         11         12         13         14         15         16         17         18         19         20 
Lost time                  0.9940     0.9804     0.9738     0.9796     0.9873     0.9781     0.9804     0.9906     1.0074     0.9823     0.9742     0.9606     0.9766     0.9755     0.9719     0.9763     0.9814     0.9873     0.9774     0.9881 
User insufficient par.     0.7860     0.8002     0.8003     0.7941     0.7874     0.8080     0.7930     0.7833     0.7702     0.8066     0.8149     0.8197     0.7966     0.8137     0.8006     0.8000     0.8039     0.7929     0.8098     0.7887 
Sys.insufficient par.      0.0612     0.0645     0.1007     0.1121     0.0954     0.1113     0.0989     0.1145     0.0700     0.0729     0.0588     0.0620     0.0685     0.0697     0.0822     0.0782     0.0653     0.0785     0.0673     0.0746 
Idle time                  0.0278     0.0449     0.0213     0.0449     0.0205     0.0310     0.0213     0.0450     0.0212     0.0303     0.0038     0.0450     0.0032     0.0307     0.0029     0.0450     0.0000     0.0449     0.0078     0.0449 
Communication              0.1190     0.0709     0.0515     0.0285     0.0840     0.0279     0.0671     0.0478     0.1459     0.0724     0.0967     0.0340     0.1082     0.0614     0.0862     0.0531     0.1122     0.0710     0.0925     0.0799 
Synchronization            0.1372     1.7895     0.0638     1.7339     0.0913     1.7321     0.0820     1.7445     0.1281     1.7763     0.1243     1.7857     0.1174     1.7658     0.1007     1.7580     0.1072     1.7731     0.0846     1.7866 
Variation                  0.1112     1.7862     0.0671     1.7311     0.0701     1.7283     0.0852     1.7287     0.0350     1.7537     0.1366     1.7982     0.0924     1.7659     0.1085     1.7584     0.0505     1.7690     0.0596     1.7802 
Overlap                    0.0000     0.0000     0.0000     0.0000     0.0000     0.0000     0.0001     0.0000     0.0000     0.0000     0.0000     0.0000     0.0000     0.0000     0.0000     0.0000     0.0000     0.0000     0.0000     0.0000 
Load imbalance             0.0334     0.0198     0.0132     0.0191     0.0268     0.0175     0.0198     0.0300     0.0468     0.0217     0.0136     0.0000     0.0160     0.0149     0.0113     0.0157     0.0208     0.0267     0.0168     0.0275 
Execution time             1.7445     1.7274     1.7510     1.7274     1.7518     1.7413     1.7510     1.7273     1.7511     1.7420     1.7685     1.7273     1.7691     1.7416     1.7694     1.7273     1.7723     1.7274     1.7645     1.7274 
User CPU time              0.7751     0.7885     0.7932     0.7868     0.7799     0.7883     0.7867     0.7757     0.7612     0.7861     0.7950     0.8085     0.7921     0.7932     0.7961     0.7919     0.7875     0.7809     0.7914     0.7803 
Sys. CPU time              0.0032     0.0034     0.0053     0.0059     0.0050     0.0059     0.0052     0.0060     0.0037     0.0038     0.0031     0.0033     0.0036     0.0037     0.0043     0.0041     0.0034     0.0041     0.0035     0.0039 
Processors                     20         20         20         20         20         20         20         20         20         20         20         20         20         20         20         20         20         20         20         20 
           Communication          
Reduction                  0.0732     0.0488     0.0462     0.0235     0.0527     0.0219     0.0626     0.0316     0.0418     0.0394     0.0867     0.0241     0.0576     0.0346     0.0768     0.0309     0.0337     0.0475     0.0550     0.0636 
Shadow                     0.0458     0.0222     0.0054     0.0050     0.0313     0.0060     0.0046     0.0162     0.1042     0.0330     0.0099     0.0099     0.0506     0.0268     0.0094     0.0222     0.0785     0.0235     0.0374     0.0163 
           Synchronization        
Reduction                  0.0000     0.5598     0.0003     0.5599     0.0003     0.5598     0.0001     0.5599     0.0003     0.5598     0.0003     0.5598     0.0002     0.5599     0.0003     0.5599     0.0003     0.5598     0.0003     0.5598 
Shadow                     0.1372     1.2298     0.0635     1.1741     0.0910     1.1723     0.0819     1.1846     0.1279     1.2165     0.1240     1.2259     0.1171     1.2059     0.1004     1.1981     0.1070     1.2133     0.0844     1.2268 
           Variation              
Reduction                  0.0000     0.5598     0.0003     0.5599     0.0003     0.5598     0.0001     0.5599     0.0003     0.5598     0.0003     0.5598     0.0003     0.5599     0.0003     0.5598     0.0003     0.5598     0.0003     0.5598 
Shadow                     0.1112     1.2264     0.0668     1.1713     0.0698     1.1685     0.0851     1.1688     0.0347     1.1939     0.1363     1.2384     0.0921     1.2061     0.1082     1.1985     0.0502     1.2092     0.0593     1.2204 
           Overlap                
Reduction                  0.0000     0.0000     0.0000     0.0000     0.0000     0.0000     0.0000     0.0000     0.0000     0.0000     0.0000     0.0000     0.0000     0.0000     0.0000     0.0000     0.0000     0.0000     0.0000     0.0000 
Shadow                     0.0000     0.0000     0.0000     0.0000     0.0000     0.0000     0.0001     0.0000     0.0000     0.0000     0.0000     0.0000     0.0000     0.0000     0.0000     0.0000     0.0000     0.0000     0.0000     0.0000 


-------------------------------------------------------------------------
Name (number) and performance time of processors
DVM(1) 1.030163
DVM(2) 1.031281
DVM(3) 1.030369
DVM(4) 1.030333
DVM(5) 1.030447
DVM(6) 1.030483
DVM(7) 1.030444
DVM(8) 1.030771
DVM(9) 1.030088
DVM(10) 1.030117
DVM(11) 1.030540
DVM(12) 1.030613
DVM(13) 1.030280
DVM(14) 1.030177
DVM(15) 1.030521
DVM(16) 1.030505
DVM(17) 1.030342
DVM(18) 1.030235
DVM(19) 1.030474
DVM(20) 1.030311
min - DVM(9) 1.030088; max - DVM(2) 1.031281; mid - 1.030425
