Processor system=3*6*1
Statistics has been accumulated on DVM-system version 5.0, platform DVM
Analyzer is executing on DVM-system version 5.0, platform DVM
-------------------------------------------------------------------------
INTERVAL ( NLINE=12 SOURCE=rb.c ) LEVEL=0  EXE_COUNT=2
--- The main characteristics --- 
Parallelization efficiency      0.9383 
Execution time                  0.8937 
Processors                          18
Threads amount                      18
Total time                     16.0870
Productive time                15.0949 ( CPU= 15.0668 Sys= 0.0280 I/O= 0.0000 )
Lost  time                      0.9921 
   Insufficient parallelism     0.5608 ( User= 0.0841 Sys= 0.4767 )
   Communication                0.3531 ( Real_sync= 0.0000 Starts= 0.0000 )
   Idle time                    0.0782
Load imbalance                  0.3304
Synchronization                 0.2060
Time variation                  0.0872
Overlap                         0.0000
                  Nop   Communic    Synchro  Variation    Overlap 
Reduction          10     0.1843     0.0005     0.0004     0.0000 
Shadow             20     0.1688     0.2056     0.0867     0.0000 
--- The comparative characteristics --- 
                              Tmin N proc      Tmax N proc      Tmid
Lost time                   0.0368    14     0.1777    18     0.0551 
User insufficient par.      0.0028    13     0.0066    18     0.0047 
Sys.insufficient par.       0.0223     6     0.0298    16     0.0265 
Idle time                   0.0000     4     0.0165    17     0.0043 
Communication               0.0027    11     0.1302    18     0.0196 
Synchronization             0.0006    11     0.0720    18     0.0114 
Variation                   0.0006    11     0.0119    18     0.0048 
Overlap                     0.0000     1     0.0000     5     0.0000 
Load imbalance              0.0000    14     0.1409    18     0.0184 
Execution time              0.8772    17     0.8937     4     0.8894 
User CPU time               0.7146    18     0.8554    14     0.8370 
Sys. CPU time               0.0013     6     0.0018    16     0.0016 
Processors                      18     1         18    18         18 
                      Communic          Synchro        Variation          Overlap  
Reduction       Tmin    0.0006    11     0.0000    18     0.0000    18     0.0000     1 
Reduction       Tmax    0.0709    18     0.0000     3     0.0000    16     0.0000    18 
Reduction       Tmid    0.0102           0.0000           0.0000           0.0000       
Shadow          Tmin    0.0017    14     0.0006    11     0.0006    11     0.0000     1 
Shadow          Tmax    0.0592    18     0.0720    18     0.0119    18     0.0000     5 
Shadow          Tmid    0.0094           0.0114           0.0048           0.0000       
--- The execution characteristics --- 
                                1          2          3          4          5          6          7          8          9         10         11         12         13         14         15         16         17         18 
Lost time                  0.0452     0.0382     0.0376     0.0378     0.0395     0.0384     0.0480     0.0397     0.0374     0.0386     0.0388     0.0390     0.0415     0.0368     0.0461     0.0464     0.1654     0.1777 
User insufficient par.     0.0049     0.0040     0.0039     0.0063     0.0055     0.0037     0.0048     0.0034     0.0065     0.0065     0.0044     0.0035     0.0028     0.0061     0.0034     0.0033     0.0045     0.0066 
Sys.insufficient par.      0.0246     0.0276     0.0267     0.0280     0.0293     0.0223     0.0239     0.0277     0.0273     0.0280     0.0293     0.0229     0.0230     0.0271     0.0287     0.0298     0.0256     0.0248 
Idle time                  0.0043     0.0027     0.0027     0.0000     0.0012     0.0031     0.0068     0.0039     0.0000     0.0000     0.0023     0.0035     0.0054     0.0000     0.0050     0.0047     0.0165     0.0162 
Communication              0.0115     0.0038     0.0042     0.0034     0.0034     0.0093     0.0125     0.0047     0.0037     0.0041     0.0027     0.0091     0.0103     0.0035     0.0090     0.0087     0.1187     0.1302 
Synchronization            0.0100     0.0027     0.0041     0.0015     0.0011     0.0081     0.0096     0.0027     0.0033     0.0023     0.0006     0.0079     0.0088     0.0035     0.0047     0.0038     0.0591     0.0720 
Variation                  0.0104     0.0038     0.0039     0.0021     0.0011     0.0039     0.0105     0.0035     0.0034     0.0025     0.0006     0.0031     0.0105     0.0045     0.0037     0.0038     0.0041     0.0119 
Overlap                    0.0000     0.0000     0.0000     0.0000     0.0000     0.0000     0.0000     0.0000     0.0000     0.0000     0.0000     0.0000     0.0000     0.0000     0.0000     0.0000     0.0000     0.0000 
Load imbalance             0.0084     0.0014     0.0009     0.0010     0.0027     0.0016     0.0112     0.0030     0.0007     0.0018     0.0020     0.0023     0.0048     0.0000     0.0093     0.0097     0.1286     0.1409 
Execution time             0.8895     0.8910     0.8910     0.8937     0.8925     0.8906     0.8870     0.8898     0.8937     0.8937     0.8914     0.8902     0.8883     0.8937     0.8887     0.8891     0.8772     0.8776 
User CPU time              0.8471     0.8539     0.8545     0.8543     0.8525     0.8540     0.8443     0.8524     0.8547     0.8535     0.8532     0.8534     0.8508     0.8554     0.8459     0.8455     0.7268     0.7146 
Sys. CPU time              0.0014     0.0016     0.0016     0.0016     0.0017     0.0013     0.0014     0.0016     0.0016     0.0016     0.0017     0.0013     0.0014     0.0016     0.0017     0.0018     0.0015     0.0015 
Processors                     18         18         18         18         18         18         18         18         18         18         18         18         18         18         18         18         18         18 
           Communication          
Reduction                  0.0076     0.0018     0.0017     0.0010     0.0009     0.0022     0.0090     0.0022     0.0017     0.0018     0.0006     0.0014     0.0073     0.0018     0.0058     0.0065     0.0604     0.0709 
Shadow                     0.0039     0.0020     0.0026     0.0025     0.0025     0.0072     0.0036     0.0025     0.0020     0.0023     0.0021     0.0078     0.0031     0.0017     0.0032     0.0022     0.0583     0.0592 
           Synchronization        
Reduction                  0.0000     0.0000     0.0000     0.0000     0.0000     0.0000     0.0000     0.0000     0.0000     0.0000     0.0000     0.0000     0.0000     0.0000     0.0000     0.0000     0.0000     0.0000 
Shadow                     0.0100     0.0027     0.0041     0.0015     0.0011     0.0081     0.0095     0.0027     0.0032     0.0023     0.0006     0.0079     0.0088     0.0035     0.0047     0.0038     0.0591     0.0720 
           Variation              
Reduction                  0.0000     0.0000     0.0000     0.0000     0.0000     0.0000     0.0000     0.0000     0.0000     0.0000     0.0000     0.0000     0.0000     0.0000     0.0000     0.0000     0.0000     0.0000 
Shadow                     0.0104     0.0038     0.0038     0.0021     0.0011     0.0039     0.0105     0.0035     0.0034     0.0024     0.0006     0.0030     0.0105     0.0045     0.0036     0.0038     0.0040     0.0119 
           Overlap                
Reduction                  0.0000     0.0000     0.0000     0.0000     0.0000     0.0000     0.0000     0.0000     0.0000     0.0000     0.0000     0.0000     0.0000     0.0000     0.0000     0.0000     0.0000     0.0000 
Shadow                     0.0000     0.0000     0.0000     0.0000     0.0000     0.0000     0.0000     0.0000     0.0000     0.0000     0.0000     0.0000     0.0000     0.0000     0.0000     0.0000     0.0000     0.0000 


-------------------------------------------------------------------------
Name (number) and performance time of processors
DVM(1) 1.030677
DVM(2) 1.030511
DVM(3) 1.030491
DVM(4) 1.030649
DVM(5) 1.030995
DVM(6) 1.030972
DVM(7) 1.030733
DVM(8) 1.030693
DVM(9) 1.031263
DVM(10) 1.031256
DVM(11) 1.030591
DVM(12) 1.030600
DVM(13) 1.030226
DVM(14) 1.030286
DVM(15) 1.030621
DVM(16) 1.030632
DVM(17) 1.030853
DVM(18) 1.030799
min - DVM(13) 1.030226; max - DVM(9) 1.031263; mid - 1.030714
