Processor system=2*1*9
Statistics has been accumulated on DVM-system version 5.0, platform DVM
Analyzer is executing on DVM-system version 5.0, platform DVM
-------------------------------------------------------------------------
INTERVAL ( NLINE=12 SOURCE=rb.c ) LEVEL=0  EXE_COUNT=2
--- The main characteristics --- 
Parallelization efficiency      0.1081 
Execution time                  7.7636 
Processors                          18
Threads amount                      18
Total time                    139.7445
Productive time                15.0995 ( CPU= 15.0471 Sys= 0.0523 I/O= 0.0000 )
Lost  time                    124.6451 
   Insufficient parallelism   121.3315 ( User= 120.4417 Sys= 0.8898 )
   Communication                2.7909 ( Real_sync= 0.0000 Starts= 0.0000 )
   Idle time                    0.5227
Load imbalance                  0.3492
Synchronization                11.5057
Time variation                 10.1806
Overlap                         0.0002
                  Nop   Communic    Synchro  Variation    Overlap 
Reduction          10     1.4083     3.5026     3.5025     0.0001 
Shadow             20     1.3826     8.0032     6.6781     0.0000 
--- The comparative characteristics --- 
                              Tmin N proc      Tmax N proc      Tmid
Lost time                   6.9053    14     7.0514    17     6.9247 
User insufficient par.      5.6901    17     6.8441    14     6.6912 
Sys.insufficient par.       0.0236    18     0.0586     2     0.0494 
Idle time                   0.0000    13     0.1259    17     0.0290 
Communication               0.0054     8     1.2113    17     0.1550 
Synchronization             0.0045    13     1.6349    18     0.6392 
Variation                   0.0024    13     1.0689    18     0.5656 
Overlap                     0.0000     1     0.0001    13     0.0000 
Load imbalance              0.0000    14     0.1461    17     0.0194 
Execution time              7.6377    17     7.7636    13     7.7345 
User CPU time               0.7108    17     0.8551     4     0.8360 
Sys. CPU time               0.0014    18     0.0034     2     0.0029 
Processors                      18     1         18    18         18 
                      Communic          Synchro        Variation          Overlap  
Reduction       Tmin    0.0015     7     0.0000    13     0.0000    13     0.0000     1 
Reduction       Tmax    0.6009    17     0.3668     9     0.3668     9     0.0001    13 
Reduction       Tmid    0.0782           0.1946           0.1946           0.0000       
Shadow          Tmin    0.0029    11     0.0045    13     0.0024    13     0.0000     1 
Shadow          Tmax    0.6105    17     1.2682    18     0.7022    18     0.0000    13 
Shadow          Tmid    0.0768           0.4446           0.3710           0.0000       
--- The execution characteristics --- 
                                1          2          3          4          5          6          7          8          9         10         11         12         13         14         15         16         17         18 
Lost time                  6.9066     6.9085     6.9076     6.9054     6.9123     6.9075     6.9089     6.9099     6.9114     6.9111     6.9056     6.9055     6.9056     6.9053     6.9183     6.9188     7.0514     7.0452 
User insufficient par.     6.8324     6.8173     6.8248     6.8437     6.7881     6.8256     6.8170     6.8141     6.8064     6.7956     6.8398     6.8405     6.8411     6.8441     6.7387     6.7407     5.6901     5.7417 
Sys.insufficient par.      0.0580     0.0586     0.0576     0.0520     0.0555     0.0561     0.0504     0.0386     0.0322     0.0586     0.0579     0.0578     0.0528     0.0541     0.0577     0.0444     0.0240     0.0236 
Idle time                  0.0091     0.0019     0.0019     0.0008     0.0012     0.0198     0.0340     0.0519     0.0644     0.0136     0.0019     0.0019     0.0000     0.0004     0.0214     0.0468     0.1259     0.1259 
Communication              0.0071     0.0307     0.0233     0.0089     0.0676     0.0060     0.0075     0.0054     0.0083     0.0434     0.0060     0.0054     0.0117     0.0068     0.1005     0.0869     1.2113     1.1540 
Synchronization            0.5517     0.4338     0.3754     0.0058     0.0618     0.7326     0.9121     1.0057     1.0685     0.5778     0.4248     0.3684     0.0045     0.0273     0.7550     0.9514     1.6141     1.6349 
Variation                  0.5516     0.4250     0.3686     0.0032     0.0260     0.7321     0.9098     1.0058     1.0687     0.5518     0.4247     0.3683     0.0024     0.0257     0.7320     0.9095     1.0064     1.0689 
Overlap                    0.0000     0.0000     0.0000     0.0001     0.0000     0.0000     0.0000     0.0000     0.0000     0.0000     0.0000     0.0000     0.0001     0.0000     0.0000     0.0000     0.0000     0.0000 
Load imbalance             0.0013     0.0032     0.0023     0.0001     0.0070     0.0022     0.0036     0.0046     0.0061     0.0058     0.0003     0.0002     0.0003     0.0000     0.0130     0.0135     0.1461     0.1399 
Execution time             7.7545     7.7617     7.7617     7.7628     7.7624     7.7438     7.7296     7.7117     7.6991     7.7500     7.7617     7.7617     7.7636     7.7632     7.7422     7.7167     7.6377     7.6377 
User CPU time              0.8536     0.8516     0.8526     0.8551     0.8480     0.8528     0.8517     0.8514     0.8503     0.8490     0.8546     0.8547     0.8548     0.8551     0.8419     0.8422     0.7108     0.7170 
Sys. CPU time              0.0034     0.0034     0.0034     0.0031     0.0033     0.0033     0.0030     0.0023     0.0019     0.0034     0.0034     0.0034     0.0031     0.0032     0.0034     0.0026     0.0014     0.0014 
Processors                     18         18         18         18         18         18         18         18         18         18         18         18         18         18         18         18         18         18 
           Communication          
Reduction                  0.0028     0.0186     0.0137     0.0030     0.0287     0.0018     0.0015     0.0018     0.0048     0.0144     0.0031     0.0025     0.0068     0.0020     0.0742     0.0422     0.6009     0.5857 
Shadow                     0.0043     0.0121     0.0096     0.0060     0.0389     0.0043     0.0060     0.0036     0.0035     0.0290     0.0029     0.0029     0.0049     0.0047     0.0263     0.0447     0.6105     0.5683 
           Synchronization        
Reduction                  0.1910     0.1456     0.1260     0.0000     0.0088     0.2485     0.3158     0.3489     0.3668     0.1910     0.1456     0.1260     0.0000     0.0088     0.2484     0.3157     0.3488     0.3667 
Shadow                     0.3608     0.2882     0.2494     0.0058     0.0530     0.4841     0.5963     0.6568     0.7016     0.3868     0.2792     0.2424     0.0045     0.0185     0.5066     0.6357     1.2653     1.2682 
           Variation              
Reduction                  0.1910     0.1456     0.1260     0.0001     0.0088     0.2485     0.3158     0.3489     0.3668     0.1909     0.1456     0.1260     0.0000     0.0088     0.2484     0.3157     0.3488     0.3667 
Shadow                     0.3606     0.2794     0.2426     0.0031     0.0172     0.4836     0.5940     0.6569     0.7019     0.3608     0.2791     0.2422     0.0024     0.0169     0.4836     0.5938     0.6576     0.7022 
           Overlap                
Reduction                  0.0000     0.0000     0.0000     0.0000     0.0000     0.0000     0.0000     0.0000     0.0000     0.0000     0.0000     0.0000     0.0001     0.0000     0.0000     0.0000     0.0000     0.0000 
Shadow                     0.0000     0.0000     0.0000     0.0000     0.0000     0.0000     0.0000     0.0000     0.0000     0.0000     0.0000     0.0000     0.0000     0.0000     0.0000     0.0000     0.0000     0.0000 


-------------------------------------------------------------------------
Name (number) and performance time of processors
DVM(1) 1.030573
DVM(2) 1.030521
DVM(3) 1.030190
DVM(4) 1.030564
DVM(5) 1.030514
DVM(6) 1.030486
DVM(7) 1.030450
DVM(8) 1.030368
DVM(9) 1.030795
DVM(10) 1.030864
DVM(11) 1.030577
DVM(12) 1.030566
DVM(13) 1.030393
DVM(14) 1.030388
DVM(15) 1.030660
DVM(16) 1.030648
DVM(17) 1.030462
DVM(18) 1.031105
min - DVM(3) 1.030190; max - DVM(18) 1.031105; mid - 1.030562
