Processor system=1*8*2
Statistics has been accumulated on DVM-system version 5.0, platform DVM
Analyzer is executing on DVM-system version 5.0, platform DVM
-------------------------------------------------------------------------
INTERVAL ( NLINE=12 SOURCE=rb.c ) LEVEL=0  EXE_COUNT=1
--- The main characteristics --- 
Parallelization efficiency      0.4345 
Execution time                  1.7810 
Processors                          16
Threads amount                      16
Total time                     28.4964
Productive time                12.3818 ( CPU= 12.2512 Sys= 0.1306 I/O= 0.0000 )
Lost  time                     16.1147 
   Insufficient parallelism    14.3466 ( User= 12.3881 Sys= 1.9586 )
   Communication                1.3861 ( Real_sync= 0.0000 Starts= 0.0000 )
   Idle time                    0.3820
Load imbalance                  0.5781
Synchronization                 2.4902
Time variation                  2.5241
Overlap                         0.0001
                  Nop   Communic    Synchro  Variation    Overlap 
Reduction          10     0.9048     0.5096     0.5097     0.0001 
Shadow             20     0.4813     1.9805     2.0144     0.0001 
--- The comparative characteristics --- 
                              Tmin N proc      Tmax N proc      Tmid
Lost time                   0.9710     5     1.1376    15     1.0072 
User insufficient par.      0.6621    15     0.8118     1     0.7743 
Sys.insufficient par.       0.0712    15     0.1657     4     0.1224 
Idle time                   0.0000    14     0.0285     1     0.0239 
Communication               0.0072     5     0.3760    15     0.0866 
Synchronization             0.0020     4     0.4013    15     0.1556 
Variation                   0.0052     4     0.3664    15     0.1578 
Overlap                     0.0000     9     0.0000     4     0.0000 
Load imbalance              0.0000     5     0.1666    15     0.0361 
Execution time              1.7525     1     1.7810    14     1.7572 
User CPU time               0.6387    15     0.8014     5     0.7657 
Sys. CPU time               0.0047    15     0.0110     4     0.0082 
Processors                      16     1         16    16         16 
                      Communic          Synchro        Variation          Overlap  
Reduction       Tmin    0.0035     4     0.0000     2     0.0000     2     0.0000     4 
Reduction       Tmax    0.2964    15     0.0634    11     0.0634    11     0.0000     2 
Reduction       Tmid    0.0565           0.0319           0.0319           0.0000       
Shadow          Tmin    0.0034     3     0.0019     4     0.0051     4     0.0000     1 
Shadow          Tmax    0.1138    13     0.3379    15     0.3031    15     0.0000     4 
Shadow          Tmid    0.0301           0.1238           0.1259           0.0000       
--- The execution characteristics --- 
                                1          2          3          4          5          6          7          8          9         10         11         12         13         14         15         16 
Lost time                  0.9796     0.9759     0.9717     0.9842     0.9710     0.9861     0.9714     0.9849     0.9724     0.9832     0.9727     0.9852     1.0755     1.0661     1.1376     1.0973 
User insufficient par.     0.8118     0.8064     0.8065     0.7906     0.8074     0.7889     0.8064     0.7914     0.8069     0.7931     0.8066     0.7896     0.7167     0.7193     0.6621     0.6843 
Sys.insufficient par.      0.0789     0.0814     0.1253     0.1657     0.1286     0.1584     0.1282     0.1444     0.1256     0.1421     0.1252     0.1588     0.1089     0.1427     0.0712     0.0731 
Idle time                  0.0285     0.0247     0.0283     0.0202     0.0278     0.0210     0.0283     0.0214     0.0274     0.0218     0.0283     0.0206     0.0283     0.0000     0.0283     0.0271 
Communication              0.0603     0.0633     0.0116     0.0076     0.0072     0.0178     0.0085     0.0277     0.0125     0.0263     0.0126     0.0162     0.2216     0.2040     0.3760     0.3127 
Synchronization            0.2810     0.0803     0.2130     0.0020     0.2107     0.0073     0.2117     0.0132     0.2142     0.0141     0.2136     0.0062     0.3239     0.1165     0.4013     0.1812 
Variation                  0.3035     0.1024     0.2481     0.0052     0.2421     0.0110     0.2422     0.0266     0.2464     0.0359     0.2479     0.0150     0.2519     0.0232     0.3664     0.1562 
Overlap                    0.0000     0.0000     0.0000     0.0000     0.0000     0.0000     0.0000     0.0000     0.0000     0.0000     0.0000     0.0000     0.0000     0.0000     0.0000     0.0000 
Load imbalance             0.0086     0.0049     0.0006     0.0131     0.0000     0.0150     0.0004     0.0138     0.0014     0.0122     0.0017     0.0142     0.1044     0.0950     0.1666     0.1262 
Execution time             1.7525     1.7563     1.7527     1.7608     1.7532     1.7600     1.7527     1.7597     1.7536     1.7593     1.7528     1.7604     1.7527     1.7810     1.7527     1.7540 
User CPU time              0.7962     0.7997     0.8010     0.7858     0.8014     0.7844     0.8011     0.7865     0.8003     0.7883     0.8000     0.7852     0.6983     0.7055     0.6387     0.6789 
Sys. CPU time              0.0053     0.0054     0.0084     0.0110     0.0086     0.0106     0.0085     0.0096     0.0084     0.0095     0.0083     0.0106     0.0073     0.0095     0.0047     0.0049 
Processors                     16         16         16         16         16         16         16         16         16         16         16         16         16         16         16         16 
           Communication          
Reduction                  0.0327     0.0389     0.0082     0.0035     0.0036     0.0075     0.0037     0.0172     0.0067     0.0202     0.0089     0.0121     0.1078     0.0911     0.2964     0.2465 
Shadow                     0.0277     0.0245     0.0034     0.0042     0.0036     0.0102     0.0049     0.0105     0.0058     0.0061     0.0036     0.0041     0.1138     0.1129     0.0796     0.0662 
           Synchronization        
Reduction                  0.0632     0.0000     0.0633     0.0001     0.0634     0.0005     0.0634     0.0005     0.0634     0.0005     0.0634     0.0005     0.0634     0.0005     0.0633     0.0005 
Shadow                     0.2179     0.0803     0.1497     0.0019     0.1473     0.0068     0.1483     0.0127     0.1508     0.0137     0.1502     0.0057     0.2605     0.1161     0.3379     0.1808 
           Variation              
Reduction                  0.0632     0.0000     0.0633     0.0001     0.0634     0.0005     0.0634     0.0005     0.0634     0.0005     0.0634     0.0005     0.0634     0.0005     0.0633     0.0005 
Shadow                     0.2403     0.1023     0.1848     0.0051     0.1788     0.0105     0.1788     0.0261     0.1830     0.0355     0.1845     0.0145     0.1886     0.0227     0.3031     0.1557 
           Overlap                
Reduction                  0.0000     0.0000     0.0000     0.0000     0.0000     0.0000     0.0000     0.0000     0.0000     0.0000     0.0000     0.0000     0.0000     0.0000     0.0000     0.0000 
Shadow                     0.0000     0.0000     0.0000     0.0000     0.0000     0.0000     0.0000     0.0000     0.0000     0.0000     0.0000     0.0000     0.0000     0.0000     0.0000     0.0000 


-------------------------------------------------------------------------
Name (number) and performance time of processors
DVM(1) 1.030591
DVM(2) 1.030446
DVM(3) 1.030855
DVM(4) 1.030753
DVM(5) 1.030133
DVM(6) 1.030159
DVM(7) 1.031029
DVM(8) 1.030870
DVM(9) 1.030412
DVM(10) 1.030442
DVM(11) 1.030765
DVM(12) 1.030778
DVM(13) 1.030754
DVM(14) 1.030751
DVM(15) 1.030153
DVM(16) 1.030129
min - DVM(16) 1.030129; max - DVM(7) 1.031029; mid - 1.030564
