Processor system=4*4*1
Statistics has been accumulated on DVM-system version 5.0, platform DVM
Analyzer is executing on DVM-system version 5.0, platform DVM
-------------------------------------------------------------------------
INTERVAL ( NLINE=12 SOURCE=rb.c ) LEVEL=0  EXE_COUNT=1
--- The main characteristics --- 
Parallelization efficiency      0.9318 
Execution time                  0.8844 
Processors                          16
Threads amount                      16
Total time                     14.1507
Productive time                13.1857 ( CPU= 13.1634 Sys= 0.0223 I/O= 0.0000 )
Lost  time                      0.9649 
   Insufficient parallelism     0.4135 ( User= 0.0783 Sys= 0.3352 )
   Communication                0.4752 ( Real_sync= 0.0000 Starts= 0.0000 )
   Idle time                    0.0762
Load imbalance                  0.4686
Synchronization                 0.2755
Time variation                  0.1009
Overlap                         0.0001
                  Nop   Communic    Synchro  Variation    Overlap 
Reduction          10     0.2469     0.0003     0.0003     0.0000 
Shadow             20     0.2283     0.2753     0.1007     0.0001 
--- The comparative characteristics --- 
                              Tmin N proc      Tmax N proc      Tmid
Lost time                   0.0310     4     0.1440    13     0.0603 
User insufficient par.      0.0028     2     0.0151    14     0.0049 
Sys.insufficient par.       0.0177    13     0.0260     7     0.0209 
Idle time                   0.0000    14     0.0150    13     0.0048 
Communication               0.0037    11     0.1064    13     0.0297 
Synchronization             0.0007     7     0.0577    13     0.0172 
Variation                   0.0004     7     0.0133    13     0.0063 
Overlap                     0.0000     1     0.0000     7     0.0000 
Load imbalance              0.0000     4     0.1129    13     0.0293 
Execution time              0.8695    13     0.8844    14     0.8797 
User CPU time               0.7393    13     0.8522     4     0.8227 
Sys. CPU time               0.0012    13     0.0017     7     0.0014 
Processors                      16     1         16    16         16 
                      Communic          Synchro        Variation          Overlap  
Reduction       Tmin    0.0011     4     0.0000    13     0.0000    13     0.0000     1 
Reduction       Tmax    0.0591    13     0.0000    11     0.0000    12     0.0000    16 
Reduction       Tmid    0.0154           0.0000           0.0000           0.0000       
Shadow          Tmin    0.0020     1     0.0007     7     0.0004     7     0.0000     1 
Shadow          Tmax    0.0473    13     0.0577    13     0.0133    13     0.0000     7 
Shadow          Tmid    0.0143           0.0172           0.0063           0.0000       
--- The execution characteristics --- 
                                1          2          3          4          5          6          7          8          9         10         11         12         13         14         15         16 
Lost time                  0.0344     0.0342     0.0346     0.0310     0.0358     0.0336     0.0364     0.0355     0.0372     0.0347     0.0354     0.0351     0.1440     0.1334     0.1311     0.1385 
User insufficient par.     0.0036     0.0028     0.0042     0.0038     0.0032     0.0045     0.0045     0.0045     0.0035     0.0048     0.0044     0.0043     0.0049     0.0151     0.0045     0.0057 
Sys.insufficient par.      0.0185     0.0225     0.0245     0.0187     0.0187     0.0230     0.0260     0.0203     0.0186     0.0227     0.0252     0.0194     0.0177     0.0204     0.0203     0.0188 
Idle time                  0.0045     0.0041     0.0021     0.0022     0.0049     0.0021     0.0021     0.0021     0.0053     0.0021     0.0021     0.0021     0.0150     0.0000     0.0131     0.0124 
Communication              0.0079     0.0049     0.0038     0.0064     0.0091     0.0040     0.0038     0.0086     0.0098     0.0051     0.0037     0.0092     0.1064     0.0979     0.0932     0.1016 
Synchronization            0.0089     0.0041     0.0018     0.0066     0.0092     0.0027     0.0007     0.0076     0.0088     0.0032     0.0013     0.0078     0.0577     0.0499     0.0477     0.0575 
Variation                  0.0113     0.0056     0.0021     0.0045     0.0102     0.0044     0.0004     0.0028     0.0108     0.0046     0.0017     0.0040     0.0133     0.0078     0.0057     0.0117 
Overlap                    0.0000     0.0000     0.0000     0.0000     0.0000     0.0000     0.0000     0.0000     0.0000     0.0000     0.0000     0.0000     0.0000     0.0000     0.0000     0.0000 
Load imbalance             0.0034     0.0032     0.0036     0.0000     0.0048     0.0026     0.0054     0.0045     0.0062     0.0037     0.0044     0.0041     0.1129     0.1024     0.1001     0.1075 
Execution time             0.8800     0.8803     0.8823     0.8823     0.8795     0.8823     0.8823     0.8823     0.8791     0.8823     0.8823     0.8823     0.8695     0.8844     0.8713     0.8720 
User CPU time              0.8488     0.8487     0.8482     0.8522     0.8474     0.8493     0.8463     0.8476     0.8460     0.8482     0.8473     0.8480     0.7393     0.7496     0.7520     0.7447 
Sys. CPU time              0.0012     0.0015     0.0016     0.0012     0.0012     0.0015     0.0017     0.0014     0.0012     0.0015     0.0017     0.0013     0.0012     0.0014     0.0014     0.0013 
Processors                     16         16         16         16         16         16         16         16         16         16         16         16         16         16         16         16 
           Communication          
Reduction                  0.0059     0.0027     0.0012     0.0011     0.0057     0.0020     0.0012     0.0016     0.0072     0.0024     0.0013     0.0026     0.0591     0.0516     0.0470     0.0544 
Shadow                     0.0020     0.0022     0.0026     0.0053     0.0033     0.0020     0.0026     0.0069     0.0026     0.0027     0.0024     0.0067     0.0473     0.0463     0.0462     0.0473 
           Synchronization        
Reduction                  0.0000     0.0000     0.0000     0.0000     0.0000     0.0000     0.0000     0.0000     0.0000     0.0000     0.0000     0.0000     0.0000     0.0000     0.0000     0.0000 
Shadow                     0.0089     0.0041     0.0018     0.0066     0.0091     0.0026     0.0007     0.0076     0.0088     0.0032     0.0013     0.0078     0.0577     0.0499     0.0477     0.0575 
           Variation              
Reduction                  0.0000     0.0000     0.0000     0.0000     0.0000     0.0000     0.0000     0.0000     0.0000     0.0000     0.0000     0.0000     0.0000     0.0000     0.0000     0.0000 
Shadow                     0.0113     0.0056     0.0021     0.0045     0.0102     0.0044     0.0004     0.0028     0.0107     0.0045     0.0017     0.0040     0.0133     0.0078     0.0057     0.0117 
           Overlap                
Reduction                  0.0000     0.0000     0.0000     0.0000     0.0000     0.0000     0.0000     0.0000     0.0000     0.0000     0.0000     0.0000     0.0000     0.0000     0.0000     0.0000 
Shadow                     0.0000     0.0000     0.0000     0.0000     0.0000     0.0000     0.0000     0.0000     0.0000     0.0000     0.0000     0.0000     0.0000     0.0000     0.0000     0.0000 


-------------------------------------------------------------------------
Name (number) and performance time of processors
DVM(1) 1.030708
DVM(2) 1.030552
DVM(3) 1.030990
DVM(4) 1.031067
DVM(5) 1.030667
DVM(6) 1.030683
DVM(7) 1.030783
DVM(8) 1.030814
DVM(9) 1.030407
DVM(10) 1.030389
DVM(11) 1.030582
DVM(12) 1.030667
DVM(13) 1.030555
DVM(14) 1.030548
DVM(15) 1.030377
DVM(16) 1.030337
min - DVM(16) 1.030337; max - DVM(4) 1.031067; mid - 1.030633
