Processor system=1*3*6
Statistics has been accumulated on DVM-system version 5.0, platform DVM
Analyzer is executing on DVM-system version 5.0, platform DVM
-------------------------------------------------------------------------
INTERVAL ( NLINE=12 SOURCE=rb.c ) LEVEL=0  EXE_COUNT=2
--- The main characteristics --- 
Parallelization efficiency      0.1578 
Execution time                  5.2287 
Processors                          18
Threads amount                      18
Total time                     94.1166
Productive time                14.8492 ( CPU= 14.6559 Sys= 0.1932 I/O= 0.0000 )
Lost  time                     79.2675 
   Insufficient parallelism    76.6448 ( User= 73.3599 Sys= 3.2849 )
   Communication                2.3881 ( Real_sync= 0.0000 Starts= 0.0000 )
   Idle time                    0.2347
Load imbalance                  0.2944
Synchronization                 4.5239
Time variation                  4.8111
Overlap                         0.0002
                  Nop   Communic    Synchro  Variation    Overlap 
Reduction          10     1.0364     0.9048     0.9049     0.0000 
Shadow             20     1.3517     3.6191     3.9062     0.0001 
--- The comparative characteristics --- 
                              Tmin N proc      Tmax N proc      Tmid
Lost time                   4.3874     7     4.4932    17     4.4037 
User insufficient par.      3.6461    17     4.1650    13     4.0755 
Sys.insufficient par.       0.1246    17     0.3080    12     0.1825 
Idle time                   0.0000     7     0.0334     4     0.0130 
Communication               0.0065     7     0.6891    17     0.1327 
Synchronization             0.0021    12     0.4585     3     0.2513 
Variation                   0.0078    12     0.5140     3     0.2673 
Overlap                     0.0000     1     0.0001    12     0.0000 
Load imbalance              0.0000     7     0.1058    17     0.0164 
Execution time              5.1953     4     5.2287     7     5.2157 
User CPU time               0.7282    17     0.8319    13     0.8142 
Sys. CPU time               0.0073    17     0.0181    12     0.0107 
Processors                      18     1         18    18         18 
                      Communic          Synchro        Variation          Overlap  
Reduction       Tmin    0.0028     7     0.0003     6     0.0004     6     0.0000     1 
Reduction       Tmax    0.3134    17     0.1145    15     0.1145    15     0.0000     6 
Reduction       Tmid    0.0576           0.0503           0.0503           0.0000       
Shadow          Tmin    0.0038     7     0.0017    12     0.0073    12     0.0000     1 
Shadow          Tmax    0.3758    17     0.3908    17     0.3996     3     0.0001    12 
Shadow          Tmid    0.0751           0.2011           0.2170           0.0000       
--- The execution characteristics --- 
                                1          2          3          4          5          6          7          8          9         10         11         12         13         14         15         16         17         18 
Lost time                  4.3908     4.3907     4.4019     4.3998     4.3883     4.3900     4.3874     4.3886     4.3894     4.3893     4.3944     4.3960     4.3882     4.3886     4.4023     4.4017     4.4932     4.4868 
User insufficient par.     4.1530     4.1533     4.0977     4.1077     4.1626     4.1541     4.1407     4.1314     4.1314     4.1322     4.0896     4.0779     4.1650     4.1614     4.0894     4.0922     3.6461     3.6742 
Sys.insufficient par.      0.1380     0.1385     0.1512     0.1491     0.1450     0.1487     0.2402     0.2465     0.2334     0.2303     0.2962     0.3080     0.1453     0.1438     0.1567     0.1558     0.1246     0.1337 
Idle time                  0.0086     0.0066     0.0333     0.0334     0.0020     0.0001     0.0000     0.0016     0.0160     0.0171     0.0004     0.0012     0.0008     0.0024     0.0257     0.0252     0.0333     0.0269 
Communication              0.0912     0.0922     0.1196     0.1096     0.0788     0.0872     0.0065     0.0091     0.0086     0.0097     0.0081     0.0090     0.0772     0.0811     0.1305     0.1284     0.6891     0.6520 
Synchronization            0.2274     0.2123     0.4585     0.4489     0.1232     0.1125     0.1325     0.1150     0.3401     0.3346     0.0208     0.0021     0.1974     0.1826     0.4320     0.4236     0.3957     0.3649 
Variation                  0.3076     0.2940     0.5140     0.5093     0.1986     0.1845     0.1846     0.1652     0.4246     0.4207     0.0311     0.0078     0.2320     0.2168     0.4450     0.4405     0.1277     0.1073 
Overlap                    0.0000     0.0000     0.0000     0.0000     0.0000     0.0000     0.0000     0.0000     0.0000     0.0000     0.0000     0.0001     0.0000     0.0000     0.0000     0.0000     0.0000     0.0000 
Load imbalance             0.0034     0.0033     0.0145     0.0124     0.0009     0.0027     0.0000     0.0013     0.0020     0.0019     0.0070     0.0086     0.0008     0.0012     0.0149     0.0143     0.1058     0.0994 
Execution time             5.2201     5.2221     5.1954     5.1953     5.2267     5.2286     5.2287     5.2271     5.2127     5.2116     5.2283     5.2275     5.2279     5.2263     5.2030     5.2035     5.1954     5.2018 
User CPU time              0.8298     0.8299     0.8179     0.8201     0.8319     0.8299     0.8272     0.8256     0.8255     0.8258     0.8169     0.8146     0.8319     0.8316     0.8172     0.8179     0.7282     0.7340 
Sys. CPU time              0.0081     0.0081     0.0089     0.0088     0.0085     0.0087     0.0141     0.0145     0.0137     0.0135     0.0174     0.0181     0.0085     0.0085     0.0092     0.0092     0.0073     0.0079 
Processors                     18         18         18         18         18         18         18         18         18         18         18         18         18         18         18         18         18         18 
           Communication          
Reduction                  0.0490     0.0507     0.0612     0.0555     0.0459     0.0511     0.0028     0.0053     0.0037     0.0050     0.0030     0.0034     0.0107     0.0124     0.0368     0.0378     0.3134     0.2888 
Shadow                     0.0422     0.0416     0.0584     0.0541     0.0328     0.0362     0.0038     0.0038     0.0049     0.0047     0.0051     0.0056     0.0665     0.0688     0.0937     0.0906     0.3758     0.3632 
           Synchronization        
Reduction                  0.0374     0.0327     0.1144     0.1117     0.0046     0.0003     0.0375     0.0327     0.1145     0.1118     0.0047     0.0004     0.0375     0.0328     0.1145     0.1118     0.0049     0.0006 
Shadow                     0.1900     0.1796     0.3440     0.3372     0.1186     0.1121     0.0951     0.0822     0.2256     0.2228     0.0161     0.0017     0.1600     0.1499     0.3175     0.3117     0.3908     0.3642 
           Variation              
Reduction                  0.0374     0.0327     0.1144     0.1117     0.0046     0.0004     0.0375     0.0327     0.1145     0.1118     0.0047     0.0004     0.0375     0.0328     0.1145     0.1118     0.0049     0.0006 
Shadow                     0.2701     0.2613     0.3996     0.3975     0.1940     0.1841     0.1471     0.1324     0.3101     0.3089     0.0265     0.0073     0.1945     0.1840     0.3305     0.3287     0.1228     0.1067 
           Overlap                
Reduction                  0.0000     0.0000     0.0000     0.0000     0.0000     0.0000     0.0000     0.0000     0.0000     0.0000     0.0000     0.0000     0.0000     0.0000     0.0000     0.0000     0.0000     0.0000 
Shadow                     0.0000     0.0000     0.0000     0.0000     0.0000     0.0000     0.0000     0.0000     0.0000     0.0000     0.0000     0.0001     0.0000     0.0000     0.0000     0.0000     0.0000     0.0000 


-------------------------------------------------------------------------
Name (number) and performance time of processors
DVM(1) 1.031180
DVM(2) 1.030974
DVM(3) 1.030469
DVM(4) 1.030491
DVM(5) 1.030874
DVM(6) 1.030859
DVM(7) 1.030676
DVM(8) 1.030663
DVM(9) 1.030382
DVM(10) 1.030387
DVM(11) 1.030356
DVM(12) 1.030310
DVM(13) 1.030845
DVM(14) 1.030814
DVM(15) 1.030165
DVM(16) 1.030142
DVM(17) 1.030773
DVM(18) 1.030776
min - DVM(16) 1.030142; max - DVM(1) 1.031180; mid - 1.030619
