Processor system=1*5*3
Statistics has been accumulated on DVM-system version 5.0, platform DVM
Analyzer is executing on DVM-system version 5.0, platform DVM
-------------------------------------------------------------------------
INTERVAL ( NLINE=12 SOURCE=rb.c ) LEVEL=0  EXE_COUNT=1
--- The main characteristics --- 
Parallelization efficiency      0.2901 
Execution time                  2.6063 
Processors                          15
Threads amount                      15
Total time                     39.0951
Productive time                11.3399 ( CPU= 11.1818 Sys= 0.1581 I/O= 0.0000 )
Lost  time                     27.7552 
   Insufficient parallelism    24.6707 ( User= 22.4577 Sys= 2.2130 )
   Communication                2.6216 ( Real_sync= 0.0000 Starts= 0.0000 )
   Idle time                    0.4629
Load imbalance                  0.8192
Synchronization                 8.4929
Time variation                  8.2922
Overlap                         0.0001
                  Nop   Communic    Synchro  Variation    Overlap 
Reduction          10     1.6630     2.2771     2.2771     0.0000 
Shadow             20     0.9586     6.2158     6.0151     0.0001 
--- The comparative characteristics --- 
                              Tmin N proc      Tmax N proc      Tmid
Lost time                   1.7957     4     1.9684    14     1.8503 
User insufficient par.      1.2713    14     1.5995     4     1.4972 
Sys.insufficient par.       0.0781    15     0.2198    10     0.1475 
Idle time                   0.0000    10     0.0914    14     0.0309 
Communication               0.0070     9     0.5168    15     0.1748 
Synchronization             0.0032    10     1.6139    14     0.5662 
Variation                   0.0007    10     1.5859    14     0.5528 
Overlap                     0.0000     2     0.0001    10     0.0000 
Load imbalance              0.0000     4     0.1727    14     0.0546 
Execution time              2.5149    14     2.6063    10     2.5755 
User CPU time               0.6316    14     0.7976     4     0.7455 
Sys. CPU time               0.0056    15     0.0157    10     0.0105 
Processors                      15     1         15    15         15 
                      Communic          Synchro        Variation          Overlap  
Reduction       Tmin    0.0011    10     0.0000     1     0.0000     1     0.0000     2 
Reduction       Tmax    0.4230    15     0.4482     5     0.4481     5     0.0000     1 
Reduction       Tmid    0.1109           0.1518           0.1518           0.0000       
Shadow          Tmin    0.0044     4     0.0031    10     0.0006    10     0.0000     1 
Shadow          Tmax    0.2354    13     1.1658    14     1.1378    14     0.0001    10 
Shadow          Tmid    0.0639           0.4144           0.4010           0.0000       
--- The execution characteristics --- 
                                1          2          3          4          5          6          7          8          9         10         11         12         13         14         15 
Lost time                  1.8105     1.8238     1.8127     1.7957     1.8286     1.8086     1.8111     1.8262     1.8022     1.8046     1.9334     1.8907     1.8989     1.9684     1.9399 
User insufficient par.     1.5835     1.5566     1.5788     1.5995     1.5299     1.5797     1.5683     1.5386     1.5822     1.5764     1.3296     1.4151     1.4199     1.2713     1.3283 
Sys.insufficient par.      0.0937     0.1083     0.1001     0.1826     0.2064     0.1515     0.1907     0.1925     0.2123     0.2198     0.1573     0.1480     0.0829     0.0890     0.0781 
Idle time                  0.0085     0.0847     0.0022     0.0012     0.0805     0.0023     0.0016     0.0808     0.0008     0.0000     0.0897     0.0023     0.0004     0.0914     0.0166 
Communication              0.1248     0.0741     0.1316     0.0125     0.0118     0.0751     0.0505     0.0143     0.0070     0.0084     0.3569     0.3254     0.3958     0.5167     0.5168 
Synchronization            0.1364     1.4608     0.1436     0.0172     1.3554     0.0882     0.0418     1.3623     0.0242     0.0032     1.5185     0.1990     0.2377     1.6139     0.2907 
Variation                  0.1538     1.4906     0.2088     0.0528     1.3782     0.1394     0.0420     1.3887     0.0309     0.0007     1.4030     0.0719     0.0715     1.5859     0.2743 
Overlap                    0.0000     0.0000     0.0000     0.0000     0.0000     0.0000     0.0000     0.0000     0.0000     0.0001     0.0000     0.0000     0.0000     0.0000     0.0000 
Load imbalance             0.0147     0.0280     0.0169     0.0000     0.0329     0.0128     0.0153     0.0305     0.0064     0.0088     0.1377     0.0950     0.1032     0.1727     0.1442 
Execution time             2.5978     2.5216     2.6041     2.6052     2.5258     2.6041     2.6048     2.5255     2.6056     2.6063     2.5167     2.6041     2.6060     2.5149     2.5897 
User CPU time              0.7892     0.7748     0.7865     0.7976     0.7630     0.7870     0.7816     0.7664     0.7890     0.7861     0.6617     0.7050     0.7015     0.6316     0.6609 
Sys. CPU time              0.0067     0.0077     0.0071     0.0130     0.0147     0.0108     0.0136     0.0137     0.0152     0.0157     0.0112     0.0106     0.0059     0.0064     0.0056 
Processors                     15         15         15         15         15         15         15         15         15         15         15         15         15         15         15 
           Communication          
Reduction                  0.0636     0.0335     0.1217     0.0082     0.0067     0.0570     0.0195     0.0013     0.0025     0.0011     0.1967     0.1484     0.1604     0.4194     0.4230 
Shadow                     0.0612     0.0406     0.0098     0.0044     0.0050     0.0180     0.0310     0.0130     0.0045     0.0072     0.1602     0.1771     0.2354     0.0973     0.0938 
           Synchronization        
Reduction                  0.0000     0.4481     0.0069     0.0002     0.4482     0.0073     0.0002     0.4481     0.0070     0.0001     0.4481     0.0073     0.0002     0.4481     0.0073 
Shadow                     0.1364     1.0127     0.1367     0.0170     0.9073     0.0809     0.0416     0.9141     0.0173     0.0031     1.0703     0.1917     0.2375     1.1658     0.2834 
           Variation              
Reduction                  0.0000     0.4481     0.0069     0.0002     0.4481     0.0073     0.0002     0.4481     0.0070     0.0001     0.4481     0.0073     0.0002     0.4481     0.0073 
Shadow                     0.1538     1.0425     0.2019     0.0526     0.9300     0.1321     0.0418     0.9405     0.0239     0.0006     0.9549     0.0645     0.0713     1.1378     0.2670 
           Overlap                
Reduction                  0.0000     0.0000     0.0000     0.0000     0.0000     0.0000     0.0000     0.0000     0.0000     0.0000     0.0000     0.0000     0.0000     0.0000     0.0000 
Shadow                     0.0000     0.0000     0.0000     0.0000     0.0000     0.0000     0.0000     0.0000     0.0000     0.0001     0.0000     0.0000     0.0000     0.0000     0.0000 


-------------------------------------------------------------------------
Name (number) and performance time of processors
DVM(1) 1.030393
DVM(2) 1.030026
DVM(3) 1.030482
DVM(4) 1.030462
DVM(5) 1.030191
DVM(6) 1.030115
DVM(7) 1.030574
DVM(8) 1.030509
DVM(9) 1.030787
DVM(10) 1.030833
DVM(11) 1.030326
DVM(12) 1.030275
DVM(13) 1.030427
DVM(14) 1.030399
DVM(15) 0.517483
min - DVM(15) 0.517483; max - DVM(10) 1.030833; mid - 0.996219
