Processor system=8*1*2
Statistics has been accumulated on DVM-system version 5.0, platform DVM
Analyzer is executing on DVM-system version 5.0, platform DVM
-------------------------------------------------------------------------
INTERVAL ( NLINE=12 SOURCE=rb.c ) LEVEL=0  EXE_COUNT=1
--- The main characteristics --- 
Parallelization efficiency      0.4729 
Execution time                  1.7448 
Processors                          16
Threads amount                      16
Total time                     27.9176
Productive time                13.2023 ( CPU= 13.1840 Sys= 0.0183 I/O= 0.0000 )
Lost  time                     14.7153 
   Insufficient parallelism    13.5364 ( User= 13.2619 Sys= 0.2745 )
   Communication                1.0798 ( Real_sync= 0.0000 Starts= 0.0000 )
   Idle time                    0.0992
Load imbalance                  0.5259
Synchronization                 0.5989
Time variation                  0.3303
Overlap                         0.0001
                  Nop   Communic    Synchro  Variation    Overlap 
Reduction          10     0.7587     0.0111     0.0112     0.0001 
Shadow             20     0.3210     0.5878     0.3191     0.0001 
--- The comparative characteristics --- 
                              Tmin N proc      Tmax N proc      Tmid
Lost time                   0.8868     1     1.0245    15     0.9197 
User insufficient par.      0.7260    15     0.8627     1     0.8289 
Sys.insufficient par.       0.0092    16     0.0202     6     0.0172 
Idle time                   0.0000     1     0.0201    16     0.0062 
Communication               0.0049     4     0.2681    15     0.0675 
Synchronization             0.0039     6     0.1355    15     0.0374 
Variation                   0.0030     6     0.1337    15     0.0206 
Overlap                     0.0000     1     0.0000    16     0.0000 
Load imbalance              0.0000     1     0.1376    15     0.0329 
Execution time              1.7247    16     1.7448     2     1.7387 
User CPU time               0.7197    15     0.8568     1     0.8240 
Sys. CPU time               0.0006    16     0.0013     6     0.0011 
Processors                      16     1         16    16         16 
                      Communic          Synchro        Variation          Overlap  
Reduction       Tmin    0.0010     4     0.0005    16     0.0005    16     0.0000     4 
Reduction       Tmax    0.2638    15     0.0009     5     0.0009     7     0.0000    16 
Reduction       Tmid    0.0474           0.0007           0.0007           0.0000       
Shadow          Tmin    0.0033    16     0.0034     6     0.0025     6     0.0000     1 
Shadow          Tmax    0.1312    13     0.1347    15     0.1328    15     0.0000    11 
Shadow          Tmid    0.0201           0.0367           0.0199           0.0000       
--- The execution characteristics --- 
                                1          2          3          4          5          6          7          8          9         10         11         12         13         14         15         16 
Lost time                  0.8868     0.8879     0.8871     0.8871     0.8881     0.8882     0.8885     0.8886     0.8894     0.8890     0.8880     0.8881     1.0073     1.0070     1.0245     1.0198 
User insufficient par.     0.8627     0.8616     0.8604     0.8604     0.8589     0.8599     0.8595     0.8603     0.8582     0.8594     0.8596     0.8586     0.7430     0.7436     0.7260     0.7297 
Sys.insufficient par.      0.0182     0.0185     0.0196     0.0198     0.0195     0.0202     0.0199     0.0199     0.0192     0.0201     0.0192     0.0194     0.0108     0.0107     0.0102     0.0092 
Idle time                  0.0000     0.0000     0.0016     0.0020     0.0027     0.0012     0.0012     0.0004     0.0035     0.0008     0.0024     0.0031     0.0201     0.0201     0.0201     0.0201 
Communication              0.0060     0.0078     0.0054     0.0049     0.0070     0.0070     0.0078     0.0080     0.0085     0.0086     0.0068     0.0070     0.2335     0.2326     0.2681     0.2607 
Synchronization            0.0072     0.0080     0.0049     0.0041     0.0053     0.0039     0.0062     0.0049     0.0066     0.0053     0.0053     0.0051     0.1338     0.1319     0.1355     0.1310 
Variation                  0.0066     0.0065     0.0045     0.0035     0.0041     0.0030     0.0050     0.0032     0.0056     0.0045     0.0051     0.0045     0.0055     0.0052     0.1337     0.1299 
Overlap                    0.0000     0.0000     0.0000     0.0000     0.0000     0.0000     0.0000     0.0000     0.0000     0.0000     0.0000     0.0000     0.0000     0.0000     0.0000     0.0000 
Load imbalance             0.0000     0.0011     0.0002     0.0003     0.0013     0.0013     0.0016     0.0018     0.0026     0.0022     0.0011     0.0013     0.1205     0.1201     0.1376     0.1329 
Execution time             1.7448     1.7448     1.7433     1.7429     1.7421     1.7437     1.7436     1.7444     1.7414     1.7441     1.7425     1.7417     1.7248     1.7248     1.7248     1.7247 
User CPU time              0.8568     0.8557     0.8565     0.8564     0.8555     0.8553     0.8550     0.8549     0.8542     0.8545     0.8556     0.8554     0.7368     0.7372     0.7197     0.7245 
Sys. CPU time              0.0012     0.0012     0.0013     0.0013     0.0013     0.0013     0.0013     0.0013     0.0013     0.0013     0.0013     0.0013     0.0007     0.0007     0.0007     0.0006 
Processors                     16         16         16         16         16         16         16         16         16         16         16         16         16         16         16         16 
           Communication          
Reduction                  0.0017     0.0033     0.0016     0.0010     0.0021     0.0024     0.0032     0.0025     0.0040     0.0041     0.0031     0.0027     0.1023     0.1036     0.2638     0.2574 
Shadow                     0.0042     0.0045     0.0039     0.0039     0.0049     0.0046     0.0046     0.0055     0.0045     0.0046     0.0037     0.0042     0.1312     0.1291     0.0043     0.0033 
           Synchronization        
Reduction                  0.0009     0.0005     0.0009     0.0005     0.0009     0.0005     0.0009     0.0005     0.0009     0.0005     0.0009     0.0005     0.0009     0.0005     0.0009     0.0005 
Shadow                     0.0063     0.0075     0.0040     0.0035     0.0044     0.0034     0.0053     0.0044     0.0057     0.0048     0.0044     0.0045     0.1329     0.1314     0.1347     0.1305 
           Variation              
Reduction                  0.0009     0.0005     0.0009     0.0005     0.0009     0.0005     0.0009     0.0005     0.0009     0.0005     0.0009     0.0005     0.0009     0.0005     0.0009     0.0005 
Shadow                     0.0057     0.0059     0.0036     0.0030     0.0032     0.0025     0.0041     0.0027     0.0047     0.0039     0.0043     0.0039     0.0046     0.0047     0.1328     0.1294 
           Overlap                
Reduction                  0.0000     0.0000     0.0000     0.0000     0.0000     0.0000     0.0000     0.0000     0.0000     0.0000     0.0000     0.0000     0.0000     0.0000     0.0000     0.0000 
Shadow                     0.0000     0.0000     0.0000     0.0000     0.0000     0.0000     0.0000     0.0000     0.0000     0.0000     0.0000     0.0000     0.0000     0.0000     0.0000     0.0000 


-------------------------------------------------------------------------
Name (number) and performance time of processors
DVM(1) 1.030920
DVM(2) 1.030753
DVM(3) 1.030451
DVM(4) 1.031027
DVM(5) 1.030531
DVM(6) 1.030514
DVM(7) 1.030485
DVM(8) 1.030509
DVM(9) 1.030586
DVM(10) 1.030713
DVM(11) 1.030286
DVM(12) 1.030335
DVM(13) 1.030566
DVM(14) 1.030543
DVM(15) 1.030546
DVM(16) 1.030487
min - DVM(11) 1.030286; max - DVM(4) 1.031027; mid - 1.030578
