Processor system=5*1*3
Statistics has been accumulated on DVM-system version 5.0, platform DVM
Analyzer is executing on DVM-system version 5.0, platform DVM
-------------------------------------------------------------------------
INTERVAL ( NLINE=12 SOURCE=rb.c ) LEVEL=0  EXE_COUNT=1
--- The main characteristics --- 
Parallelization efficiency      0.3150 
Execution time                  2.5931 
Processors                          15
Threads amount                      15
Total time                     38.8959
Productive time                12.2541 ( CPU= 12.2320 Sys= 0.0221 I/O= 0.0000 )
Lost  time                     26.6418 
   Insufficient parallelism    24.8387 ( User= 24.5289 Sys= 0.3098 )
   Communication                1.6628 ( Real_sync= 0.0000 Starts= 0.0000 )
   Idle time                    0.1403
Load imbalance                  0.5578
Synchronization                 0.9240
Time variation                  0.4199
Overlap                         0.0001
                  Nop   Communic    Synchro  Variation    Overlap 
Reduction          10     1.1162     0.0188     0.0190     0.0000 
Shadow             20     0.5466     0.9052     0.4009     0.0000 
--- The comparative characteristics --- 
                              Tmin N proc      Tmax N proc      Tmid
Lost time                   1.7389     6     1.8633    14     1.7761 
User insufficient par.      1.4625    14     1.7093     6     1.6353 
Sys.insufficient par.       0.0122    15     0.0250     5     0.0207 
Idle time                   0.0000     5     0.0253    14     0.0094 
Communication               0.0050     6     0.3621    14     0.1109 
Synchronization             0.0031     7     0.1737    11     0.0616 
Variation                   0.0025    10     0.1727    14     0.0280 
Overlap                     0.0000     2     0.0000     7     0.0000 
Load imbalance              0.0000     6     0.1243    14     0.0372 
Execution time              2.5678    14     2.5931     5     2.5837 
User CPU time               0.7288    14     0.8524     6     0.8155 
Sys. CPU time               0.0009    15     0.0018     5     0.0015 
Processors                      15     1         15    15         15 
                      Communic          Synchro        Variation          Overlap  
Reduction       Tmin    0.0008     8     0.0005    13     0.0005    13     0.0000     1 
Reduction       Tmax    0.3596    14     0.0019     9     0.0019     6     0.0000    13 
Reduction       Tmid    0.0744           0.0013           0.0013           0.0000       
Shadow          Tmin    0.0024    15     0.0025     7     0.0019    10     0.0000     2 
Shadow          Tmax    0.1707    11     0.1724    11     0.1714    14     0.0000     7 
Shadow          Tmid    0.0364           0.0603           0.0267           0.0000       
--- The execution characteristics --- 
                                1          2          3          4          5          6          7          8          9         10         11         12         13         14         15 
Lost time                  1.7394     1.7393     1.7396     1.7399     1.7400     1.7389     1.7396     1.7392     1.7397     1.7403     1.8441     1.8400     1.8412     1.8633     1.8574 
User insufficient par.     1.7091     1.7078     1.7073     1.7060     1.7076     1.7093     1.7068     1.7080     1.7075     1.7053     1.5022     1.5090     1.5071     1.4625     1.4737 
Sys.insufficient par.      0.0236     0.0235     0.0229     0.0242     0.0250     0.0246     0.0250     0.0250     0.0249     0.0248     0.0144     0.0139     0.0125     0.0134     0.0122 
Idle time                  0.0004     0.0019     0.0031     0.0027     0.0000     0.0000     0.0015     0.0012     0.0008     0.0024     0.0252     0.0252     0.0253     0.0253     0.0252 
Communication              0.0064     0.0061     0.0063     0.0070     0.0074     0.0050     0.0062     0.0051     0.0065     0.0079     0.3023     0.2919     0.2964     0.3621     0.3462 
Synchronization            0.0069     0.0097     0.0109     0.0049     0.0060     0.0087     0.0031     0.0055     0.0084     0.0048     0.1737     0.1709     0.1690     0.1732     0.1683 
Variation                  0.0067     0.0082     0.0104     0.0037     0.0053     0.0082     0.0025     0.0045     0.0077     0.0025     0.0054     0.0087     0.0056     0.1727     0.1679 
Overlap                    0.0000     0.0000     0.0000     0.0000     0.0000     0.0000     0.0000     0.0000     0.0000     0.0000     0.0000     0.0000     0.0000     0.0000     0.0000 
Load imbalance             0.0005     0.0004     0.0007     0.0010     0.0011     0.0000     0.0006     0.0003     0.0008     0.0013     0.1052     0.1010     0.1022     0.1243     0.1184 
Execution time             2.5927     2.5911     2.5899     2.5903     2.5931     2.5930     2.5915     2.5919     2.5923     2.5907     2.5678     2.5678     2.5678     2.5678     2.5678 
User CPU time              0.8520     0.8521     0.8518     0.8514     0.8513     0.8524     0.8517     0.8521     0.8516     0.8510     0.7479     0.7521     0.7510     0.7288     0.7348 
Sys. CPU time              0.0017     0.0017     0.0016     0.0017     0.0018     0.0018     0.0018     0.0018     0.0018     0.0018     0.0010     0.0010     0.0009     0.0010     0.0009 
Processors                     15         15         15         15         15         15         15         15         15         15         15         15         15         15         15 
           Communication          
Reduction                  0.0034     0.0022     0.0032     0.0024     0.0033     0.0014     0.0021     0.0008     0.0022     0.0018     0.1317     0.1272     0.1310     0.3596     0.3438 
Shadow                     0.0030     0.0039     0.0031     0.0046     0.0041     0.0036     0.0041     0.0043     0.0043     0.0060     0.1707     0.1646     0.1653     0.0025     0.0024 
           Synchronization        
Reduction                  0.0006     0.0013     0.0019     0.0006     0.0013     0.0019     0.0005     0.0013     0.0019     0.0006     0.0013     0.0019     0.0005     0.0013     0.0019 
Shadow                     0.0063     0.0083     0.0090     0.0044     0.0047     0.0068     0.0025     0.0042     0.0065     0.0042     0.1724     0.1690     0.1685     0.1719     0.1664 
           Variation              
Reduction                  0.0006     0.0013     0.0019     0.0006     0.0013     0.0019     0.0005     0.0013     0.0019     0.0006     0.0013     0.0019     0.0005     0.0013     0.0019 
Shadow                     0.0061     0.0069     0.0084     0.0031     0.0040     0.0063     0.0020     0.0032     0.0057     0.0019     0.0041     0.0068     0.0050     0.1714     0.1660 
           Overlap                
Reduction                  0.0000     0.0000     0.0000     0.0000     0.0000     0.0000     0.0000     0.0000     0.0000     0.0000     0.0000     0.0000     0.0000     0.0000     0.0000 
Shadow                     0.0000     0.0000     0.0000     0.0000     0.0000     0.0000     0.0000     0.0000     0.0000     0.0000     0.0000     0.0000     0.0000     0.0000     0.0000 


-------------------------------------------------------------------------
Name (number) and performance time of processors
DVM(1) 1.030320
DVM(2) 1.030092
DVM(3) 1.030364
DVM(4) 1.030449
DVM(5) 1.030474
DVM(6) 1.030441
DVM(7) 1.030197
DVM(8) 1.030182
DVM(9) 1.030456
DVM(10) 1.030447
DVM(11) 1.030201
DVM(12) 1.030201
DVM(13) 1.030869
DVM(14) 1.030873
DVM(15) 0.517520
min - DVM(15) 0.517520; max - DVM(14) 1.030873; mid - 0.996206
