Processor system=6*3*1
Statistics has been accumulated on DVM-system version 5.0, platform DVM
Analyzer is executing on DVM-system version 5.0, platform DVM
-------------------------------------------------------------------------
INTERVAL ( NLINE=12 SOURCE=rb.c ) LEVEL=0  EXE_COUNT=2
--- The main characteristics --- 
Parallelization efficiency      0.9470 
Execution time                  0.8895 
Processors                          18
Threads amount                      18
Total time                     16.0110
Productive time                15.1632 ( CPU= 15.1428 Sys= 0.0204 I/O= 0.0000 )
Lost  time                      0.8478 
   Insufficient parallelism     0.4324 ( User= 0.0860 Sys= 0.3464 )
   Communication                0.3414 ( Real_sync= 0.0000 Starts= 0.0000 )
   Idle time                    0.0740
Load imbalance                  0.3272
Synchronization                 0.1992
Time variation                  0.0761
Overlap                         0.0001
                  Nop   Communic    Synchro  Variation    Overlap 
Reduction          10     0.1697     0.0006     0.0005     0.0000 
Shadow             20     0.1717     0.1987     0.0757     0.0000 
--- The comparative characteristics --- 
                              Tmin N proc      Tmax N proc      Tmid
Lost time                   0.0289    13     0.1612    17     0.0471 
User insufficient par.      0.0030     3     0.0065    14     0.0048 
Sys.insufficient par.       0.0138    18     0.0225     5     0.0192 
Idle time                   0.0000    14     0.0163    18     0.0041 
Communication               0.0029    14     0.1242    18     0.0190 
Synchronization             0.0008    11     0.0653    18     0.0111 
Variation                   0.0006    11     0.0086    18     0.0042 
Overlap                     0.0000     3     0.0000    11     0.0000 
Load imbalance              0.0000    13     0.1323    17     0.0182 
Execution time              0.8732    18     0.8895    14     0.8854 
User CPU time               0.7274    17     0.8595    13     0.8413 
Sys. CPU time               0.0008    18     0.0013     5     0.0011 
Processors                      18     1         18    18         18 
                      Communic          Synchro        Variation          Overlap  
Reduction       Tmin    0.0002    14     0.0000    17     0.0000    17     0.0000     3 
Reduction       Tmax    0.0652    18     0.0000    12     0.0000    13     0.0000    17 
Reduction       Tmid    0.0094           0.0000           0.0000           0.0000       
Shadow          Tmin    0.0021    13     0.0008    11     0.0006    11     0.0000     1 
Shadow          Tmax    0.0608    17     0.0653    18     0.0086    18     0.0000    11 
Shadow          Tmid    0.0095           0.0110           0.0042           0.0000       
--- The execution characteristics --- 
                                1          2          3          4          5          6          7          8          9         10         11         12         13         14         15         16         17         18 
Lost time                  0.0315     0.0312     0.0333     0.0305     0.0333     0.0327     0.0331     0.0328     0.0325     0.0325     0.0327     0.0317     0.0289     0.0306     0.0391     0.0407     0.1612     0.1594 
User insufficient par.     0.0052     0.0061     0.0030     0.0055     0.0060     0.0043     0.0034     0.0039     0.0054     0.0034     0.0052     0.0035     0.0046     0.0065     0.0044     0.0049     0.0056     0.0051 
Sys.insufficient par.      0.0183     0.0211     0.0183     0.0190     0.0225     0.0193     0.0185     0.0214     0.0188     0.0188     0.0222     0.0191     0.0183     0.0212     0.0194     0.0199     0.0163     0.0138 
Idle time                  0.0023     0.0004     0.0046     0.0012     0.0007     0.0027     0.0042     0.0031     0.0015     0.0039     0.0015     0.0035     0.0019     0.0000     0.0050     0.0054     0.0159     0.0163 
Communication              0.0058     0.0036     0.0075     0.0048     0.0041     0.0064     0.0070     0.0043     0.0068     0.0064     0.0038     0.0056     0.0041     0.0029     0.0103     0.0105     0.1233     0.1242 
Synchronization            0.0058     0.0027     0.0065     0.0045     0.0015     0.0054     0.0060     0.0019     0.0053     0.0061     0.0008     0.0053     0.0050     0.0018     0.0063     0.0067     0.0622     0.0653 
Variation                  0.0062     0.0032     0.0048     0.0052     0.0014     0.0034     0.0060     0.0017     0.0042     0.0056     0.0006     0.0032     0.0059     0.0017     0.0037     0.0065     0.0042     0.0086 
Overlap                    0.0000     0.0000     0.0000     0.0000     0.0000     0.0000     0.0000     0.0000     0.0000     0.0000     0.0000     0.0000     0.0000     0.0000     0.0000     0.0000     0.0000     0.0000 
Load imbalance             0.0026     0.0022     0.0044     0.0016     0.0044     0.0038     0.0042     0.0038     0.0036     0.0036     0.0037     0.0028     0.0000     0.0016     0.0102     0.0118     0.1323     0.1305 
Execution time             0.8872     0.8891     0.8849     0.8883     0.8888     0.8868     0.8853     0.8864     0.8880     0.8856     0.8880     0.8860     0.8876     0.8895     0.8845     0.8841     0.8736     0.8732 
User CPU time              0.8569     0.8571     0.8551     0.8579     0.8549     0.8556     0.8553     0.8555     0.8559     0.8559     0.8555     0.8566     0.8595     0.8577     0.8493     0.8476     0.7274     0.7293 
Sys. CPU time              0.0011     0.0012     0.0011     0.0011     0.0013     0.0011     0.0011     0.0013     0.0011     0.0011     0.0013     0.0011     0.0011     0.0012     0.0011     0.0012     0.0010     0.0008 
Processors                     18         18         18         18         18         18         18         18         18         18         18         18         18         18         18         18         18         18 
           Communication          
Reduction                  0.0034     0.0015     0.0032     0.0025     0.0016     0.0021     0.0037     0.0014     0.0030     0.0031     0.0010     0.0013     0.0021     0.0002     0.0044     0.0074     0.0626     0.0652 
Shadow                     0.0024     0.0021     0.0043     0.0022     0.0024     0.0043     0.0032     0.0030     0.0038     0.0033     0.0028     0.0043     0.0021     0.0027     0.0059     0.0031     0.0608     0.0590 
           Synchronization        
Reduction                  0.0000     0.0000     0.0000     0.0000     0.0000     0.0000     0.0000     0.0000     0.0000     0.0000     0.0000     0.0000     0.0000     0.0000     0.0000     0.0000     0.0000     0.0000 
Shadow                     0.0058     0.0027     0.0064     0.0045     0.0014     0.0053     0.0060     0.0019     0.0053     0.0061     0.0008     0.0053     0.0049     0.0018     0.0063     0.0067     0.0622     0.0653 
           Variation              
Reduction                  0.0000     0.0000     0.0000     0.0000     0.0000     0.0000     0.0000     0.0000     0.0000     0.0000     0.0000     0.0000     0.0000     0.0000     0.0000     0.0000     0.0000     0.0000 
Shadow                     0.0062     0.0032     0.0048     0.0052     0.0013     0.0034     0.0060     0.0017     0.0042     0.0055     0.0006     0.0031     0.0058     0.0017     0.0037     0.0065     0.0042     0.0086 
           Overlap                
Reduction                  0.0000     0.0000     0.0000     0.0000     0.0000     0.0000     0.0000     0.0000     0.0000     0.0000     0.0000     0.0000     0.0000     0.0000     0.0000     0.0000     0.0000     0.0000 
Shadow                     0.0000     0.0000     0.0000     0.0000     0.0000     0.0000     0.0000     0.0000     0.0000     0.0000     0.0000     0.0000     0.0000     0.0000     0.0000     0.0000     0.0000     0.0000 


-------------------------------------------------------------------------
Name (number) and performance time of processors
DVM(1) 1.030650
DVM(2) 1.030448
DVM(3) 1.030524
DVM(4) 1.030561
DVM(5) 1.030476
DVM(6) 1.030432
DVM(7) 1.030472
DVM(8) 1.030484
DVM(9) 1.030962
DVM(10) 1.030913
DVM(11) 1.030868
DVM(12) 1.030857
DVM(13) 1.030512
DVM(14) 1.030523
DVM(15) 1.030475
DVM(16) 1.030489
DVM(17) 1.030273
DVM(18) 1.030231
min - DVM(18) 1.030231; max - DVM(9) 1.030962; mid - 1.030564
