Processor system=5*2*2
Statistics has been accumulated on DVM-system version 5.0, platform DVM
Analyzer is executing on DVM-system version 5.0, platform DVM
-------------------------------------------------------------------------
INTERVAL ( NLINE=12 SOURCE=rb.c ) LEVEL=0  EXE_COUNT=2
--- The main characteristics --- 
Parallelization efficiency      0.4811 
Execution time                  1.7547 
Processors                          20
Threads amount                      20
Total time                     35.0938
Productive time                16.8852 ( CPU= 16.8470 Sys= 0.0383 I/O= 0.0000 )
Lost  time                     18.2086 
   Insufficient parallelism    17.7629 ( User= 17.0360 Sys= 0.7268 )
   Communication                0.3892 ( Real_sync= 0.0000 Starts= 0.0000 )
   Idle time                    0.0565
Load imbalance                  0.1693
Synchronization                 0.7792
Time variation                  0.7779
Overlap                         0.0001
                  Nop   Communic    Synchro  Variation    Overlap 
Reduction          10     0.2488     0.2103     0.2105     0.0000 
Shadow             21     0.1404     0.5689     0.5674     0.0001 
--- The comparative characteristics --- 
                              Tmin N proc      Tmax N proc      Tmid
Lost time                   0.9020     7     0.9240    18     0.9104 
User insufficient par.      0.8388    19     0.8606    12     0.8518 
Sys.insufficient par.       0.0334    16     0.0414     9     0.0363 
Idle time                   0.0000    17     0.0062    18     0.0028 
Communication               0.0051     7     0.0376    18     0.0195 
Synchronization             0.0016     7     0.0784    20     0.0390 
Variation                   0.0014     5     0.0746    18     0.0389 
Overlap                     0.0000     3     0.0000     7     0.0000 
Load imbalance              0.0000     7     0.0220    18     0.0085 
Execution time              1.7485    18     1.7547    17     1.7519 
User CPU time               0.8288    18     0.8507     7     0.8423 
Sys. CPU time               0.0018    16     0.0022     9     0.0019 
Processors                      20     1         20    20         20 
                      Communic          Synchro        Variation          Overlap  
Reduction       Tmin    0.0009     7     0.0000     9     0.0000     9     0.0000     3 
Reduction       Tmax    0.0267    18     0.0211    14     0.0211    14     0.0000     9 
Reduction       Tmid    0.0124           0.0105           0.0105           0.0000       
Shadow          Tmin    0.0028     1     0.0016     7     0.0013     5     0.0000     2 
Shadow          Tmax    0.0149     8     0.0574    20     0.0536    18     0.0000     7 
Shadow          Tmid    0.0070           0.0284           0.0284           0.0000       
--- The execution characteristics --- 
                                1          2          3          4          5          6          7          8          9         10         11         12         13         14         15         16         17         18         19         20 
Lost time                  0.9069     0.9058     0.9078     0.9077     0.9103     0.9023     0.9020     0.9235     0.9200     0.9166     0.9074     0.9028     0.9067     0.9084     0.9093     0.9027     0.9024     0.9240     0.9206     0.9216 
User insufficient par.     0.8565     0.8568     0.8526     0.8565     0.8505     0.8595     0.8584     0.8434     0.8395     0.8478     0.8533     0.8606     0.8508     0.8564     0.8505     0.8582     0.8583     0.8438     0.8388     0.8439 
Sys.insufficient par.      0.0356     0.0334     0.0350     0.0339     0.0409     0.0335     0.0377     0.0386     0.0414     0.0382     0.0355     0.0336     0.0353     0.0347     0.0377     0.0334     0.0351     0.0363     0.0411     0.0358 
Idle time                  0.0012     0.0039     0.0012     0.0027     0.0008     0.0036     0.0008     0.0054     0.0023     0.0051     0.0004     0.0020     0.0043     0.0016     0.0016     0.0047     0.0000     0.0062     0.0031     0.0058 
Communication              0.0137     0.0116     0.0190     0.0146     0.0181     0.0058     0.0051     0.0360     0.0367     0.0255     0.0182     0.0067     0.0163     0.0156     0.0195     0.0065     0.0089     0.0376     0.0376     0.0361 
Synchronization            0.0038     0.0682     0.0087     0.0693     0.0054     0.0659     0.0016     0.0768     0.0133     0.0728     0.0060     0.0649     0.0052     0.0684     0.0069     0.0667     0.0039     0.0774     0.0155     0.0784 
Variation                  0.0079     0.0719     0.0078     0.0735     0.0014     0.0704     0.0032     0.0679     0.0080     0.0681     0.0063     0.0699     0.0080     0.0723     0.0090     0.0704     0.0076     0.0746     0.0067     0.0728 
Overlap                    0.0000     0.0000     0.0000     0.0000     0.0000     0.0000     0.0000     0.0000     0.0000     0.0000     0.0000     0.0000     0.0000     0.0000     0.0000     0.0000     0.0000     0.0000     0.0000     0.0000 
Load imbalance             0.0050     0.0038     0.0058     0.0057     0.0084     0.0003     0.0000     0.0215     0.0181     0.0146     0.0054     0.0009     0.0047     0.0064     0.0074     0.0007     0.0004     0.0220     0.0186     0.0196 
Execution time             1.7535     1.7507     1.7535     1.7520     1.7539     1.7511     1.7539     1.7493     1.7524     1.7496     1.7543     1.7527     1.7504     1.7531     1.7531     1.7500     1.7547     1.7485     1.7516     1.7489 
User CPU time              0.8459     0.8472     0.8451     0.8452     0.8422     0.8507     0.8507     0.8292     0.8325     0.8361     0.8454     0.8501     0.8461     0.8445     0.8434     0.8502     0.8504     0.8288     0.8319     0.8312 
Sys. CPU time              0.0019     0.0018     0.0018     0.0018     0.0022     0.0018     0.0020     0.0020     0.0022     0.0020     0.0019     0.0018     0.0019     0.0018     0.0020     0.0018     0.0018     0.0019     0.0022     0.0019 
Processors                     20         20         20         20         20         20         20         20         20         20         20         20         20         20         20         20         20         20         20         20 
           Communication          
Reduction                  0.0109     0.0079     0.0113     0.0112     0.0110     0.0026     0.0009     0.0211     0.0252     0.0153     0.0108     0.0035     0.0111     0.0113     0.0143     0.0024     0.0053     0.0267     0.0234     0.0225 
Shadow                     0.0028     0.0037     0.0077     0.0033     0.0072     0.0032     0.0042     0.0149     0.0115     0.0102     0.0074     0.0032     0.0053     0.0044     0.0052     0.0041     0.0036     0.0109     0.0142     0.0136 
           Synchronization        
Reduction                  0.0000     0.0207     0.0001     0.0211     0.0001     0.0210     0.0001     0.0210     0.0000     0.0210     0.0001     0.0207     0.0001     0.0211     0.0001     0.0210     0.0001     0.0210     0.0000     0.0210 
Shadow                     0.0037     0.0475     0.0086     0.0482     0.0053     0.0449     0.0016     0.0558     0.0133     0.0518     0.0059     0.0442     0.0051     0.0474     0.0068     0.0457     0.0038     0.0564     0.0154     0.0574 
           Variation              
Reduction                  0.0001     0.0207     0.0001     0.0211     0.0001     0.0211     0.0001     0.0210     0.0000     0.0210     0.0001     0.0207     0.0001     0.0211     0.0001     0.0210     0.0001     0.0210     0.0000     0.0211 
Shadow                     0.0079     0.0512     0.0077     0.0525     0.0013     0.0493     0.0031     0.0469     0.0080     0.0471     0.0063     0.0492     0.0079     0.0512     0.0089     0.0493     0.0075     0.0536     0.0067     0.0518 
           Overlap                
Reduction                  0.0000     0.0000     0.0000     0.0000     0.0000     0.0000     0.0000     0.0000     0.0000     0.0000     0.0000     0.0000     0.0000     0.0000     0.0000     0.0000     0.0000     0.0000     0.0000     0.0000 
Shadow                     0.0000     0.0000     0.0000     0.0000     0.0000     0.0000     0.0000     0.0000     0.0000     0.0000     0.0000     0.0000     0.0000     0.0000     0.0000     0.0000     0.0000     0.0000     0.0000     0.0000 


-------------------------------------------------------------------------
Name (number) and performance time of processors
DVM(1) 1.030007
DVM(2) 1.030077
DVM(3) 1.029961
DVM(4) 1.035696
DVM(5) 1.030799
DVM(6) 1.030819
DVM(7) 1.030328
DVM(8) 1.030549
DVM(9) 1.032532
DVM(10) 1.030609
DVM(11) 1.030458
DVM(12) 1.030478
DVM(13) 1.030478
DVM(14) 1.030436
DVM(15) 1.030501
DVM(16) 1.030480
DVM(17) 1.030017
DVM(18) 1.030025
DVM(19) 1.030306
DVM(20) 1.030438
min - DVM(3) 1.029961; max - DVM(4) 1.035696; mid - 1.030750
