Processor system=2*2*4
Statistics has been accumulated on DVM-system version 5.0, platform DVM
Analyzer is executing on DVM-system version 5.0, platform DVM
-------------------------------------------------------------------------
INTERVAL ( NLINE=12 SOURCE=rb.c ) LEVEL=0  EXE_COUNT=1
--- The main characteristics --- 
Parallelization efficiency      0.2370 
Execution time                  3.4486 
Processors                          16
Threads amount                      16
Total time                     55.1783
Productive time                13.0751 ( CPU= 12.9951 Sys= 0.0801 I/O= 0.0000 )
Lost  time                     42.1031 
   Insufficient parallelism    40.2784 ( User= 39.0774 Sys= 1.2010 )
   Communication                1.6861 ( Real_sync= 0.0000 Starts= 0.0000 )
   Idle time                    0.1386
Load imbalance                  0.4118
Synchronization                 2.7919
Time variation                  2.1130
Overlap                         0.0002
                  Nop   Communic    Synchro  Variation    Overlap 
Reduction          10     0.8485     0.6141     0.6141     0.0001 
Shadow             20     0.8376     2.1778     1.4988     0.0001 
--- The comparative characteristics --- 
                              Tmin N proc      Tmax N proc      Tmid
Lost time                   2.6057     4     2.7081    15     2.6314 
User insufficient par.      2.2271    15     2.5193     4     2.4423 
Sys.insufficient par.       0.0442    16     0.0931     1     0.0751 
Idle time                   0.0000     2     0.0295    13     0.0087 
Communication               0.0038     6     0.4041    15     0.1054 
Synchronization             0.0017     6     0.4279    16     0.1745 
Variation                   0.0028     6     0.2463     4     0.1321 
Overlap                     0.0000     3     0.0001     6     0.0000 
Load imbalance              0.0000     4     0.1024    15     0.0257 
Execution time              3.4191    13     3.4486     2     3.4400 
User CPU time               0.7373    15     0.8384     4     0.8122 
Sys. CPU time               0.0029    16     0.0062     1     0.0050 
Processors                      16     1         16    16         16 
                      Communic          Synchro        Variation          Overlap  
Reduction       Tmin    0.0009     6     0.0002     2     0.0002     2     0.0000     1 
Reduction       Tmax    0.1962    15     0.0721     8     0.0721     8     0.0000    10 
Reduction       Tmid    0.0530           0.0384           0.0384           0.0000       
Shadow          Tmin    0.0022    12     0.0015     6     0.0026     6     0.0000     3 
Shadow          Tmax    0.2078    15     0.3558    16     0.1743     4     0.0001     6 
Shadow          Tmid    0.0524           0.1361           0.0937           0.0000       
--- The execution characteristics --- 
                                1          2          3          4          5          6          7          8          9         10         11         12         13         14         15         16 
Lost time                  2.6086     2.6094     2.6059     2.6057     2.6079     2.6072     2.6066     2.6061     2.6103     2.6105     2.6067     2.6060     2.7006     2.6997     2.7081     2.7037 
User insufficient par.     2.5058     2.5038     2.5163     2.5193     2.5072     2.5096     2.5137     2.5176     2.5016     2.5006     2.5125     2.5152     2.2414     2.2457     2.2271     2.2399 
Sys.insufficient par.      0.0931     0.0903     0.0727     0.0676     0.0894     0.0931     0.0754     0.0698     0.0890     0.0905     0.0819     0.0786     0.0508     0.0672     0.0475     0.0442 
Idle time                  0.0012     0.0000     0.0070     0.0074     0.0019     0.0008     0.0066     0.0077     0.0015     0.0004     0.0058     0.0062     0.0295     0.0036     0.0294     0.0295 
Communication              0.0085     0.0153     0.0100     0.0115     0.0094     0.0038     0.0109     0.0110     0.0182     0.0190     0.0065     0.0059     0.3789     0.3832     0.4041     0.3900 
Synchronization            0.0410     0.0104     0.2209     0.2305     0.0430     0.0017     0.2206     0.2290     0.0476     0.0116     0.2179     0.2274     0.2351     0.2028     0.4245     0.4279 
Variation                  0.0385     0.0066     0.2317     0.2463     0.0400     0.0028     0.2300     0.2434     0.0476     0.0137     0.2227     0.2336     0.0600     0.0191     0.2323     0.2446 
Overlap                    0.0000     0.0000     0.0000     0.0000     0.0000     0.0001     0.0000     0.0000     0.0000     0.0000     0.0000     0.0000     0.0000     0.0000     0.0000     0.0000 
Load imbalance             0.0029     0.0037     0.0002     0.0000     0.0022     0.0015     0.0009     0.0004     0.0046     0.0048     0.0010     0.0003     0.0949     0.0940     0.1024     0.0980 
Execution time             3.4475     3.4486     3.4417     3.4413     3.4467     3.4479     3.4421     3.4409     3.4471     3.4483     3.4428     3.4424     3.4191     3.4450     3.4193     3.4191 
User CPU time              0.8338     0.8332     0.8379     0.8384     0.8347     0.8352     0.8370     0.8379     0.8324     0.8321     0.8365     0.8374     0.7447     0.7444     0.7373     0.7420 
Sys. CPU time              0.0062     0.0060     0.0048     0.0045     0.0060     0.0062     0.0050     0.0047     0.0059     0.0060     0.0055     0.0052     0.0034     0.0045     0.0032     0.0029 
Processors                     16         16         16         16         16         16         16         16         16         16         16         16         16         16         16         16 
           Communication          
Reduction                  0.0054     0.0056     0.0059     0.0073     0.0051     0.0009     0.0077     0.0084     0.0142     0.0161     0.0040     0.0037     0.1898     0.1897     0.1962     0.1884 
Shadow                     0.0031     0.0097     0.0040     0.0042     0.0043     0.0029     0.0031     0.0026     0.0040     0.0029     0.0025     0.0022     0.1891     0.1935     0.2078     0.2016 
           Synchronization        
Reduction                  0.0116     0.0002     0.0695     0.0720     0.0116     0.0002     0.0695     0.0721     0.0118     0.0004     0.0695     0.0720     0.0118     0.0004     0.0694     0.0720 
Shadow                     0.0293     0.0102     0.1514     0.1585     0.0314     0.0015     0.1511     0.1569     0.0358     0.0113     0.1484     0.1554     0.2232     0.2024     0.3551     0.3558 
           Variation              
Reduction                  0.0116     0.0002     0.0695     0.0720     0.0116     0.0002     0.0695     0.0721     0.0118     0.0004     0.0695     0.0720     0.0118     0.0004     0.0694     0.0720 
Shadow                     0.0269     0.0064     0.1622     0.1743     0.0283     0.0026     0.1605     0.1713     0.0358     0.0134     0.1532     0.1616     0.0482     0.0187     0.1628     0.1725 
           Overlap                
Reduction                  0.0000     0.0000     0.0000     0.0000     0.0000     0.0000     0.0000     0.0000     0.0000     0.0000     0.0000     0.0000     0.0000     0.0000     0.0000     0.0000 
Shadow                     0.0000     0.0000     0.0000     0.0000     0.0000     0.0001     0.0000     0.0000     0.0000     0.0000     0.0000     0.0000     0.0000     0.0000     0.0000     0.0000 


-------------------------------------------------------------------------
Name (number) and performance time of processors
DVM(1) 1.030783
DVM(2) 1.030641
DVM(3) 1.030576
DVM(4) 1.030898
DVM(5) 1.030652
DVM(6) 1.030647
DVM(7) 1.030260
DVM(8) 1.030294
DVM(9) 1.030007
DVM(10) 1.029922
DVM(11) 1.030002
DVM(12) 1.029895
DVM(13) 1.030346
DVM(14) 1.030342
DVM(15) 1.030726
DVM(16) 1.030793
min - DVM(12) 1.029895; max - DVM(4) 1.030898; mid - 1.030424
