Processor system=1*7*3
Statistics has been accumulated on DVM-system version 5.0, platform DVM
Analyzer is executing on DVM-system version 5.0, platform DVM
-------------------------------------------------------------------------
INTERVAL ( NLINE=12 SOURCE=rb.c ) LEVEL=0  EXE_COUNT=2
--- The main characteristics --- 
Parallelization efficiency      0.2388 
Execution time                  2.7243 
Processors                          21
Threads amount                      21
Total time                     57.2109
Productive time                13.6601 ( CPU= 13.4748 Sys= 0.1853 I/O= 0.0000 )
Lost  time                     43.5508 
   Insufficient parallelism    30.9028 ( User= 27.1968 Sys= 3.7060 )
   Communication               12.1833 ( Real_sync= 0.0000 Starts= 0.0000 )
   Idle time                    0.4647
Load imbalance                  1.7206
Synchronization                66.5777
Time variation                 64.5636
Overlap                         0.0002
                  Nop   Communic    Synchro  Variation    Overlap 
Reduction          10     9.2175    19.1537    19.1541     0.0001 
Shadow             21     2.9658    47.4240    45.4094     0.0001 
--- The comparative characteristics --- 
                              Tmin N proc      Tmax N proc      Tmid
Lost time                   1.9919    19     2.1302    21     2.0738 
User insufficient par.      1.1930    21     1.4599    19     1.2951 
Sys.insufficient par.       0.1072     1     0.2499    12     0.1765 
Idle time                   0.0000    19     0.0476     9     0.0221 
Communication               0.3154     4     0.7852    21     0.5802 
Synchronization             0.9258     4     4.3724    20     3.1704 
Variation                   0.9029     7     4.3382     2     3.0745 
Overlap                     0.0000     3     0.0000    14     0.0000 
Load imbalance              0.0000    19     0.1382    21     0.0819 
Execution time              2.6767     9     2.7243    19     2.7022 
User CPU time               0.5885    21     0.7269    19     0.6417 
Sys. CPU time               0.0054     1     0.0125    12     0.0088 
Processors                      21     1         21    21         21 
                      Communic          Synchro        Variation          Overlap  
Reduction       Tmin    0.2549    14     0.2443     1     0.2443     1     0.0000     3 
Reduction       Tmax    0.6779     2     1.2750     5     1.2750     5     0.0000     1 
Reduction       Tmid    0.4389           0.9121           0.9121           0.0000       
Shadow          Tmin    0.0219     2     0.6707     4     0.6477     7     0.0000     2 
Shadow          Tmax    0.3351     1     3.0974    20     3.1036     2     0.0000    14 
Shadow          Tmid    0.1412           2.2583           2.1624           0.0000       
--- The execution characteristics --- 
                                1          2          3          4          5          6          7          8          9         10         11         12         13         14         15         16         17         18         19         20         21 
Lost time                  2.1199     2.0845     2.0949     1.9980     2.0743     2.0868     2.1162     2.0716     2.0823     2.1078     2.0831     2.0392     2.0955     2.0004     2.0590     2.0865     2.0499     2.0831     1.9919     2.0956     2.1302 
User insufficient par.     1.2135     1.2751     1.2674     1.4483     1.2860     1.2745     1.2091     1.2935     1.2825     1.2312     1.2698     1.3531     1.2459     1.4313     1.3286     1.2648     1.3455     1.2693     1.4599     1.2545     1.1930 
Sys.insufficient par.      0.1072     0.1075     0.1105     0.2064     0.1989     0.1919     0.2002     0.1867     0.2092     0.1845     0.1991     0.2499     0.1716     0.2305     0.2028     0.2012     0.2012     0.2167     0.1096     0.1077     0.1125 
Idle time                  0.0392     0.0021     0.0465     0.0280     0.0010     0.0470     0.0335     0.0014     0.0476     0.0152     0.0016     0.0030     0.0413     0.0011     0.0333     0.0306     0.0023     0.0435     0.0000     0.0070     0.0396 
Communication              0.7600     0.6998     0.6706     0.3154     0.5884     0.5733     0.6733     0.5900     0.5429     0.6769     0.6127     0.4331     0.6367     0.3375     0.4943     0.5899     0.5009     0.5536     0.4225     0.7264     0.7852 
Synchronization            1.2786     4.2845     4.1609     0.9258     4.3041     4.1218     1.2007     4.2869     4.0886     1.2595     4.3198     3.8915     1.2166     4.0581     4.0896     1.1582     4.1861     4.0412     1.0946     4.3724     4.2381 
Variation                  1.0160     4.3382     4.1820     0.9346     4.2612     4.1264     0.9029     4.2918     3.9479     1.1990     4.1509     3.8462     1.1610     3.9892     3.8841     0.9476     4.0098     3.9978     1.0131     4.2463     4.1176 
Overlap                    0.0000     0.0000     0.0000     0.0000     0.0000     0.0000     0.0000     0.0000     0.0000     0.0000     0.0000     0.0000     0.0000     0.0000     0.0000     0.0000     0.0000     0.0000     0.0000     0.0000     0.0000 
Load imbalance             0.1280     0.0926     0.1030     0.0061     0.0824     0.0948     0.1243     0.0797     0.0904     0.1159     0.0912     0.0473     0.1036     0.0085     0.0671     0.0946     0.0580     0.0912     0.0000     0.1037     0.1382 
Execution time             2.6852     2.7222     2.6779     2.6964     2.7233     2.6773     2.6908     2.7229     2.6767     2.7091     2.7228     2.7213     2.6831     2.7232     2.6910     2.6937     2.7220     2.6808     2.7243     2.7174     2.6848 
User CPU time              0.5990     0.6345     0.6239     0.7160     0.6401     0.6280     0.5981     0.6434     0.6316     0.6073     0.6312     0.6726     0.6202     0.7124     0.6552     0.6278     0.6644     0.6304     0.7269     0.6234     0.5885 
Sys. CPU time              0.0054     0.0054     0.0055     0.0103     0.0099     0.0096     0.0100     0.0093     0.0105     0.0092     0.0100     0.0125     0.0086     0.0115     0.0101     0.0101     0.0101     0.0108     0.0055     0.0054     0.0056 
Processors                     21         21         21         21         21         21         21         21         21         21         21         21         21         21         21         21         21         21         21         21         21 
           Communication          
Reduction                  0.4250     0.6779     0.6202     0.2763     0.5078     0.5325     0.3407     0.5486     0.3659     0.5792     0.4046     0.3852     0.5275     0.2549     0.2556     0.3435     0.2848     0.4870     0.2696     0.5294     0.6013 
Shadow                     0.3351     0.0219     0.0503     0.0391     0.0806     0.0407     0.3327     0.0414     0.1771     0.0977     0.2081     0.0479     0.1092     0.0826     0.2386     0.2464     0.2161     0.0666     0.1529     0.1970     0.1839 
           Synchronization        
Reduction                  0.2443     1.2346     1.1977     0.2551     1.2750     1.2328     0.2552     1.2749     1.2326     0.2552     1.2749     1.2075     0.2552     1.2475     1.2230     0.2552     1.2622     1.2185     0.2444     1.2750     1.2328 
Shadow                     1.0343     3.0498     2.9632     0.6707     3.0291     2.8890     0.9455     3.0120     2.8560     1.0042     3.0448     2.6840     0.9615     2.8107     2.8666     0.9030     2.9239     2.8228     0.8502     3.0974     3.0053 
           Variation              
Reduction                  0.2443     1.2346     1.1977     0.2552     1.2750     1.2328     0.2552     1.2749     1.2326     0.2552     1.2750     1.2075     0.2552     1.2475     1.2231     0.2552     1.2622     1.2185     0.2444     1.2750     1.2328 
Shadow                     0.7717     3.1036     2.9843     0.6795     2.9862     2.8935     0.6477     3.0168     2.7153     0.9437     2.8760     2.6387     0.9058     2.7416     2.6611     0.6924     2.7476     2.7793     0.7687     2.9713     2.8848 
           Overlap                
Reduction                  0.0000     0.0000     0.0000     0.0000     0.0000     0.0000     0.0000     0.0000     0.0000     0.0000     0.0000     0.0000     0.0000     0.0000     0.0000     0.0000     0.0000     0.0000     0.0000     0.0000     0.0000 
Shadow                     0.0000     0.0000     0.0000     0.0000     0.0000     0.0000     0.0000     0.0000     0.0000     0.0000     0.0000     0.0000     0.0000     0.0000     0.0000     0.0000     0.0000     0.0000     0.0000     0.0000     0.0000 


-------------------------------------------------------------------------
Name (number) and performance time of processors
DVM(1) 2.468424
DVM(2) 1.029800
DVM(3) 1.030410
DVM(4) 1.034431
DVM(5) 1.030429
DVM(6) 1.030372
DVM(7) 1.030462
DVM(8) 1.030438
DVM(9) 1.030467
DVM(10) 1.030448
DVM(11) 1.030440
DVM(12) 1.030466
DVM(13) 1.030364
DVM(14) 1.030373
DVM(15) 1.031565
DVM(16) 1.030409
DVM(17) 1.031995
DVM(18) 1.030135
DVM(19) 1.030892
DVM(20) 1.031956
DVM(21) 2.459663
min - DVM(2) 1.029800; max - DVM(1) 2.468424; mid - 1.167330
