Processor system=2*2*5
Statistics has been accumulated on DVM-system version 5.0, platform DVM
Analyzer is executing on DVM-system version 5.0, platform DVM
-------------------------------------------------------------------------
INTERVAL ( NLINE=12 SOURCE=rb.c ) LEVEL=0  EXE_COUNT=2
--- The main characteristics --- 
Parallelization efficiency      0.1903 
Execution time                  4.3702 
Processors                          20
Threads amount                      20
Total time                     87.4040
Productive time                16.6357 ( CPU= 16.5159 Sys= 0.1197 I/O= 0.0000 )
Lost  time                     70.7683 
   Insufficient parallelism    68.5544 ( User= 66.2791 Sys= 2.2752 )
   Communication                1.2997 ( Real_sync= 0.0000 Starts= 0.0000 )
   Idle time                    0.9142
Load imbalance                  0.2860
Synchronization                14.4489
Time variation                 14.1355
Overlap                         0.0003
                  Nop   Communic    Synchro  Variation    Overlap 
Reduction          10     0.7168     4.4761     4.4760     0.0001 
Shadow             21     0.5829     9.9729     9.6595     0.0002 
--- The comparative characteristics --- 
                              Tmin N proc      Tmax N proc      Tmid
Lost time                   3.5241    12     3.5489    19     3.5384 
User insufficient par.      3.2687    19     3.3759    12     3.3140 
Sys.insufficient par.       0.1010     4     0.1258    11     0.1138 
Idle time                   0.0000     3     0.0845    20     0.0457 
Communication               0.0144    16     0.1359    18     0.0650 
Synchronization             0.2380    12     1.2744     9     0.7224 
Variation                   0.2388    17     1.2749     4     0.7068 
Overlap                     0.0000     4     0.0000     7     0.0000 
Load imbalance              0.0000    12     0.0248    19     0.0143 
Execution time              4.2857    20     4.3702     3     4.3245 
User CPU time               0.8151    19     0.8397    12     0.8258 
Sys. CPU time               0.0053     4     0.0066    11     0.0060 
Processors                      20     1         20    20         20 
                      Communic          Synchro        Variation          Overlap  
Reduction       Tmin    0.0031    15     0.0702     2     0.0702     2     0.0000     4 
Reduction       Tmax    0.0869    18     0.4137    14     0.4137    14     0.0000     2 
Reduction       Tmid    0.0358           0.2238           0.2238           0.0000       
Shadow          Tmin    0.0049    16     0.1677    12     0.1686    17     0.0000     3 
Shadow          Tmax    0.0719     8     0.8606     9     0.8612     4     0.0000     7 
Shadow          Tmid    0.0291           0.4986           0.4830           0.0000       
--- The execution characteristics --- 
                                1          2          3          4          5          6          7          8          9         10         11         12         13         14         15         16         17         18         19         20 
Lost time                  3.5366     3.5424     3.5371     3.5363     3.5366     3.5388     3.5338     3.5418     3.5468     3.5447     3.5396     3.5241     3.5410     3.5354     3.5353     3.5258     3.5326     3.5488     3.5489     3.5419 
User insufficient par.     3.3195     3.2938     3.3261     3.3311     3.3281     3.3099     3.3263     3.3055     3.2807     3.2859     3.3019     3.3759     3.3018     3.3339     3.3317     3.3623     3.3291     3.2706     3.2687     3.2963 
Sys.insufficient par.      0.1103     0.1141     0.1077     0.1010     0.1147     0.1142     0.1145     0.1170     0.1123     0.1164     0.1258     0.1220     0.1016     0.1043     0.1166     0.1151     0.1224     0.1083     0.1176     0.1196 
Idle time                  0.0400     0.0406     0.0000     0.0686     0.0686     0.0340     0.0415     0.0004     0.0822     0.0838     0.0236     0.0043     0.0340     0.0686     0.0686     0.0340     0.0185     0.0340     0.0845     0.0845 
Communication              0.0668     0.0940     0.1033     0.0356     0.0253     0.0807     0.0516     0.1189     0.0716     0.0585     0.0883     0.0219     0.1036     0.0287     0.0184     0.0144     0.0626     0.1359     0.0782     0.0415 
Synchronization            0.4513     0.2844     0.5178     1.2594     1.1317     0.4551     0.2632     0.5160     1.2744     1.1475     0.4591     0.2380     0.5153     1.2545     1.1289     0.3940     0.2670     0.4911     1.2721     1.1279 
Variation                  0.4572     0.2404     0.5105     1.2749     1.1386     0.3971     0.2668     0.4598     1.2675     1.1285     0.4025     0.2408     0.4827     1.2683     1.1245     0.3968     0.2388     0.4585     1.2587     1.1226 
Overlap                    0.0000     0.0000     0.0000     0.0000     0.0000     0.0000     0.0000     0.0000     0.0000     0.0000     0.0000     0.0000     0.0000     0.0000     0.0000     0.0000     0.0000     0.0000     0.0000     0.0000 
Load imbalance             0.0124     0.0183     0.0129     0.0122     0.0125     0.0147     0.0097     0.0177     0.0227     0.0206     0.0155     0.0000     0.0168     0.0113     0.0112     0.0017     0.0085     0.0247     0.0248     0.0178 
Execution time             4.3302     4.3296     4.3702     4.3016     4.3016     4.3362     4.3287     4.3698     4.2880     4.2864     4.3466     4.3659     4.3362     4.3016     4.3016     4.3362     4.3517     4.3362     4.2857     4.2857 
User CPU time              0.8278     0.8218     0.8275     0.8286     0.8276     0.8254     0.8303     0.8222     0.8175     0.8194     0.8240     0.8397     0.8239     0.8293     0.8287     0.8384     0.8311     0.8157     0.8151     0.8220 
Sys. CPU time              0.0058     0.0060     0.0057     0.0053     0.0060     0.0060     0.0060     0.0062     0.0059     0.0061     0.0066     0.0064     0.0053     0.0055     0.0061     0.0061     0.0064     0.0057     0.0062     0.0063 
Processors                     20         20         20         20         20         20         20         20         20         20         20         20         20         20         20         20         20         20         20         20 
           Communication          
Reduction                  0.0595     0.0398     0.0760     0.0289     0.0198     0.0151     0.0429     0.0470     0.0502     0.0303     0.0198     0.0117     0.0528     0.0220     0.0031     0.0095     0.0220     0.0869     0.0535     0.0259 
Shadow                     0.0072     0.0541     0.0272     0.0068     0.0054     0.0656     0.0087     0.0719     0.0213     0.0282     0.0685     0.0103     0.0508     0.0067     0.0153     0.0049     0.0406     0.0491     0.0247     0.0156 
           Synchronization        
Reduction                  0.1247     0.0702     0.1350     0.4137     0.3752     0.1248     0.0703     0.1350     0.4137     0.3752     0.1248     0.0703     0.1351     0.4137     0.3753     0.1247     0.0702     0.1350     0.4137     0.3753 
Shadow                     0.3266     0.2143     0.3828     0.8457     0.7565     0.3304     0.1930     0.3810     0.8606     0.7723     0.3343     0.1677     0.3803     0.8407     0.7537     0.2693     0.1968     0.3561     0.8584     0.7526 
           Variation              
Reduction                  0.1247     0.0702     0.1350     0.4137     0.3752     0.1248     0.0703     0.1350     0.4137     0.3752     0.1248     0.0703     0.1351     0.4137     0.3753     0.1247     0.0702     0.1350     0.4137     0.3753 
Shadow                     0.3325     0.1702     0.3754     0.8612     0.7634     0.2723     0.1966     0.3247     0.8538     0.7532     0.2777     0.1705     0.3477     0.8545     0.7492     0.2721     0.1686     0.3235     0.8450     0.7474 
           Overlap                
Reduction                  0.0000     0.0000     0.0000     0.0000     0.0000     0.0000     0.0000     0.0000     0.0000     0.0000     0.0000     0.0000     0.0000     0.0000     0.0000     0.0000     0.0000     0.0000     0.0000     0.0000 
Shadow                     0.0000     0.0000     0.0000     0.0000     0.0000     0.0000     0.0000     0.0000     0.0000     0.0000     0.0000     0.0000     0.0000     0.0000     0.0000     0.0000     0.0000     0.0000     0.0000     0.0000 


-------------------------------------------------------------------------
Name (number) and performance time of processors
DVM(1) 1.029900
DVM(2) 1.029749
DVM(3) 1.030646
DVM(4) 1.030730
DVM(5) 1.030271
DVM(6) 1.030236
DVM(7) 1.030222
DVM(8) 1.030162
DVM(9) 1.030551
DVM(10) 1.030534
DVM(11) 1.030488
DVM(12) 1.030450
DVM(13) 1.030469
DVM(14) 1.030462
DVM(15) 1.030297
DVM(16) 1.030325
DVM(17) 1.030643
DVM(18) 1.030714
DVM(19) 1.030221
DVM(20) 1.031868
min - DVM(2) 1.029749; max - DVM(20) 1.031868; mid - 1.030447
