Processor system=1*6*3
Statistics has been accumulated on DVM-system version 5.0, platform DVM
Analyzer is executing on DVM-system version 5.0, platform DVM
-------------------------------------------------------------------------
INTERVAL ( NLINE=12 SOURCE=rb.c ) LEVEL=0  EXE_COUNT=2
--- The main characteristics --- 
Parallelization efficiency      0.2991 
Execution time                  2.6466 
Processors                          18
Threads amount                      18
Total time                     47.6392
Productive time                14.2495 ( CPU= 14.0584 Sys= 0.1911 I/O= 0.0000 )
Lost  time                     33.3897 
   Insufficient parallelism    31.4754 ( User= 28.2266 Sys= 3.2487 )
   Communication                1.6696 ( Real_sync= 0.0000 Starts= 0.0000 )
   Idle time                    0.2447
Load imbalance                  0.3617
Synchronization                 6.9142
Time variation                  6.7026
Overlap                         0.0002
                  Nop   Communic    Synchro  Variation    Overlap 
Reduction          10     0.7969     1.8983     1.8984     0.0001 
Shadow             20     0.8727     5.0159     4.8042     0.0001 
--- The comparative characteristics --- 
                              Tmin N proc      Tmax N proc      Tmid
Lost time                   1.8349     8     1.9651    18     1.8550 
User insufficient par.      1.3621    18     1.6130     2     1.5681 
Sys.insufficient par.       0.0935    18     0.2325    10     0.1805 
Idle time                   0.0000     4     0.0404    18     0.0136 
Communication               0.0074     8     0.4690    18     0.0928 
Synchronization             0.0010     4     0.8949    18     0.3841 
Variation                   0.0091     7     0.7613     3     0.3724 
Overlap                     0.0000     3     0.0001     4     0.0000 
Load imbalance              0.0000     8     0.1302    18     0.0201 
Execution time              2.6062    18     2.6466     4     2.6330 
User CPU time               0.6761    18     0.8029     2     0.7810 
Sys. CPU time               0.0055    18     0.0137    10     0.0106 
Processors                      18     1         18    18         18 
                      Communic          Synchro        Variation          Overlap  
Reduction       Tmin    0.0013     8     0.0000     1     0.0000     1     0.0000     3 
Reduction       Tmax    0.2187    18     0.2057     9     0.2057     9     0.0000     1 
Reduction       Tmid    0.0443           0.1055           0.1055           0.0000       
Shadow          Tmin    0.0054     6     0.0009     4     0.0084     7     0.0000     1 
Shadow          Tmax    0.2542    17     0.6893    18     0.5561     3     0.0001     4 
Shadow          Tmid    0.0485           0.2787           0.2669           0.0000       
--- The execution characteristics --- 
                                1          2          3          4          5          6          7          8          9         10         11         12         13         14         15         16         17         18 
Lost time                  1.8413     1.8363     1.8594     1.8377     1.8393     1.8384     1.8476     1.8349     1.8430     1.8493     1.8401     1.8371     1.8440     1.8371     1.8349     1.8565     1.9477     1.9651 
User insufficient par.     1.6033     1.6130     1.5701     1.5975     1.5937     1.5972     1.5770     1.6017     1.5895     1.5737     1.5942     1.6002     1.5850     1.5974     1.6054     1.5730     1.3925     1.3621 
Sys.insufficient par.      0.1303     0.1252     0.1170     0.2320     0.2127     0.1992     0.2294     0.2183     0.1952     0.2325     0.2055     0.1976     0.2202     0.2144     0.1926     0.1306     0.1026     0.0935 
Idle time                  0.0052     0.0156     0.0319     0.0000     0.0079     0.0217     0.0008     0.0075     0.0242     0.0004     0.0088     0.0213     0.0015     0.0083     0.0228     0.0015     0.0248     0.0404 
Communication              0.1024     0.0825     0.1404     0.0083     0.0250     0.0202     0.0405     0.0074     0.0340     0.0427     0.0316     0.0180     0.0373     0.0170     0.0141     0.1513     0.4279     0.4690 
Synchronization            0.1164     0.4431     0.7656     0.0010     0.3415     0.6388     0.0187     0.3293     0.6525     0.0226     0.3435     0.6414     0.0201     0.3352     0.6471     0.1151     0.5873     0.8949 
Variation                  0.1253     0.4624     0.7613     0.0119     0.3679     0.6636     0.0091     0.3502     0.6675     0.0218     0.3629     0.6670     0.0342     0.3579     0.6722     0.0674     0.3915     0.7084 
Overlap                    0.0000     0.0000     0.0000     0.0001     0.0000     0.0000     0.0000     0.0000     0.0000     0.0000     0.0000     0.0000     0.0000     0.0000     0.0000     0.0000     0.0000     0.0000 
Load imbalance             0.0064     0.0014     0.0245     0.0028     0.0044     0.0035     0.0127     0.0000     0.0081     0.0144     0.0052     0.0022     0.0091     0.0023     0.0000     0.0216     0.1128     0.1302 
Execution time             2.6414     2.6310     2.6147     2.6466     2.6387     2.6249     2.6459     2.6391     2.6224     2.6462     2.6378     2.6253     2.6452     2.6383     2.6238     2.6451     2.6218     2.6062 
User CPU time              0.7977     0.8029     0.7804     0.7952     0.7948     0.7965     0.7856     0.7989     0.7922     0.7837     0.7944     0.7979     0.7896     0.7969     0.8004     0.7825     0.6928     0.6761 
Sys. CPU time              0.0077     0.0074     0.0069     0.0136     0.0125     0.0117     0.0135     0.0128     0.0115     0.0137     0.0121     0.0116     0.0130     0.0126     0.0113     0.0077     0.0060     0.0055 
Processors                     18         18         18         18         18         18         18         18         18         18         18         18         18         18         18         18         18         18 
           Communication          
Reduction                  0.0589     0.0484     0.0742     0.0014     0.0189     0.0148     0.0181     0.0013     0.0151     0.0312     0.0122     0.0124     0.0295     0.0106     0.0035     0.0541     0.1737     0.2187 
Shadow                     0.0435     0.0340     0.0662     0.0069     0.0062     0.0054     0.0224     0.0061     0.0189     0.0115     0.0194     0.0056     0.0079     0.0064     0.0106     0.0972     0.2542     0.2503 
           Synchronization        
Reduction                  0.0000     0.1103     0.2051     0.0001     0.1104     0.2057     0.0007     0.1104     0.2057     0.0007     0.1105     0.2056     0.0007     0.1105     0.2053     0.0006     0.1105     0.2056 
Shadow                     0.1164     0.3328     0.5604     0.0009     0.2311     0.4332     0.0180     0.2189     0.4469     0.0220     0.2330     0.4358     0.0194     0.2247     0.4418     0.1145     0.4769     0.6893 
           Variation              
Reduction                  0.0000     0.1103     0.2051     0.0001     0.1104     0.2057     0.0007     0.1105     0.2057     0.0007     0.1105     0.2056     0.0007     0.1105     0.2053     0.0006     0.1105     0.2056 
Shadow                     0.1253     0.3521     0.5561     0.0117     0.2575     0.4580     0.0084     0.2398     0.4618     0.0211     0.2524     0.4614     0.0336     0.2474     0.4669     0.0668     0.2811     0.5028 
           Overlap                
Reduction                  0.0000     0.0000     0.0000     0.0000     0.0000     0.0000     0.0000     0.0000     0.0000     0.0000     0.0000     0.0000     0.0000     0.0000     0.0000     0.0000     0.0000     0.0000 
Shadow                     0.0000     0.0000     0.0000     0.0001     0.0000     0.0000     0.0000     0.0000     0.0000     0.0000     0.0000     0.0000     0.0000     0.0000     0.0000     0.0000     0.0000     0.0000 


-------------------------------------------------------------------------
Name (number) and performance time of processors
DVM(1) 1.030667
DVM(2) 1.030574
DVM(3) 1.030170
DVM(4) 1.033887
DVM(5) 1.031381
DVM(6) 1.030323
DVM(7) 1.030803
DVM(8) 1.030501
DVM(9) 1.031490
DVM(10) 1.032255
DVM(11) 1.030424
DVM(12) 1.030401
DVM(13) 1.030619
DVM(14) 1.030827
DVM(15) 1.030394
DVM(16) 1.030448
DVM(17) 1.030246
DVM(18) 1.030200
min - DVM(3) 1.030170; max - DVM(4) 1.033887; mid - 1.030867
