Processor system=3*1*6
Statistics has been accumulated on DVM-system version 5.0, platform DVM
Analyzer is executing on DVM-system version 5.0, platform DVM
-------------------------------------------------------------------------
INTERVAL ( NLINE=12 SOURCE=rb.c ) LEVEL=0  EXE_COUNT=2
--- The main characteristics --- 
Parallelization efficiency      0.1616 
Execution time                  5.1883 
Processors                          18
Threads amount                      18
Total time                     93.3886
Productive time                15.0943 ( CPU= 15.0575 Sys= 0.0369 I/O= 0.0000 )
Lost  time                     78.2942 
   Insufficient parallelism    75.9888 ( User= 75.3621 Sys= 0.6267 )
   Communication                1.9581 ( Real_sync= 0.0000 Starts= 0.0000 )
   Idle time                    0.3474
Load imbalance                  0.3582
Synchronization                 4.3606
Time variation                  3.4792
Overlap                         0.0001
                  Nop   Communic    Synchro  Variation    Overlap 
Reduction          10     1.0145     1.1637     1.1637     0.0001 
Shadow             20     0.9436     3.1968     2.3155     0.0001 
--- The comparative characteristics --- 
                              Tmin N proc      Tmax N proc      Tmid
Lost time                   4.3298    14     4.4758    17     4.3497 
User insufficient par.      3.5652    17     4.2853    13     4.1868 
Sys.insufficient par.       0.0167    17     0.0413     8     0.0348 
Idle time                   0.0000    13     0.0659    17     0.0193 
Communication               0.0041     4     0.8279    17     0.1088 
Synchronization             0.0056    14     0.6458    17     0.2423 
Variation                   0.0035     8     0.4824    15     0.1933 
Overlap                     0.0000     3     0.0000     2     0.0000 
Load imbalance              0.0000    14     0.1460    17     0.0199 
Execution time              5.1223    17     5.1883    13     5.1690 
User CPU time               0.7115    17     0.8562    14     0.8365 
Sys. CPU time               0.0010    17     0.0024     8     0.0020 
Processors                      18     1         18    18         18 
                      Communic          Synchro        Variation          Overlap  
Reduction       Tmin    0.0009    14     0.0005     2     0.0005     2     0.0000     3 
Reduction       Tmax    0.4148    17     0.1636     3     0.1636     3     0.0000     2 
Reduction       Tmid    0.0564           0.0647           0.0647           0.0000       
Shadow          Tmin    0.0029     3     0.0050    14     0.0029     8     0.0000     1 
Shadow          Tmax    0.4131    17     0.5663    17     0.3188    15     0.0000    14 
Shadow          Tmid    0.0524           0.1776           0.1286           0.0000       
--- The execution characteristics --- 
                                1          2          3          4          5          6          7          8          9         10         11         12         13         14         15         16         17         18 
Lost time                  4.3335     4.3342     4.3348     4.3320     4.3332     4.3312     4.3350     4.3352     4.3362     4.3358     4.3315     4.3320     4.3298     4.3298     4.3433     4.3423     4.4758     4.4686 
User insufficient par.     4.2660     4.2637     4.2628     4.2732     4.2673     4.2772     4.2578     4.2578     4.2558     4.2538     4.2743     4.2726     4.2853     4.2850     4.2227     4.2232     3.5652     3.5984 
Sys.insufficient par.      0.0383     0.0385     0.0270     0.0381     0.0395     0.0393     0.0407     0.0413     0.0286     0.0392     0.0404     0.0402     0.0387     0.0384     0.0261     0.0379     0.0167     0.0177 
Idle time                  0.0037     0.0008     0.0391     0.0166     0.0109     0.0065     0.0041     0.0007     0.0385     0.0181     0.0104     0.0069     0.0000     0.0007     0.0442     0.0209     0.0659     0.0595 
Communication              0.0255     0.0312     0.0059     0.0041     0.0155     0.0082     0.0324     0.0354     0.0134     0.0246     0.0065     0.0123     0.0058     0.0056     0.0504     0.0603     0.8279     0.7930 
Synchronization            0.0204     0.0176     0.4807     0.3085     0.2384     0.1120     0.0239     0.0143     0.4841     0.3130     0.2343     0.1124     0.0142     0.0056     0.4997     0.3299     0.6458     0.5058 
Variation                  0.0201     0.0164     0.4816     0.3091     0.2364     0.1112     0.0118     0.0035     0.4787     0.3076     0.2337     0.1095     0.0123     0.0037     0.4824     0.3128     0.2354     0.1131 
Overlap                    0.0000     0.0000     0.0000     0.0000     0.0000     0.0000     0.0000     0.0000     0.0000     0.0000     0.0000     0.0000     0.0000     0.0000     0.0000     0.0000     0.0000     0.0000 
Load imbalance             0.0037     0.0044     0.0050     0.0022     0.0034     0.0014     0.0052     0.0054     0.0065     0.0060     0.0018     0.0022     0.0001     0.0000     0.0136     0.0125     0.1460     0.1388 
Execution time             5.1846     5.1875     5.1492     5.1716     5.1774     5.1818     5.1842     5.1875     5.1498     5.1701     5.1779     5.1814     5.1883     5.1875     5.1441     5.1674     5.1223     5.1287 
User CPU time              0.8525     0.8518     0.8519     0.8540     0.8528     0.8547     0.8509     0.8506     0.8503     0.8502     0.8543     0.8539     0.8561     0.8562     0.8434     0.8437     0.7115     0.7186 
Sys. CPU time              0.0023     0.0023     0.0016     0.0022     0.0023     0.0023     0.0024     0.0024     0.0017     0.0023     0.0024     0.0024     0.0023     0.0023     0.0015     0.0022     0.0010     0.0010 
Processors                     18         18         18         18         18         18         18         18         18         18         18         18         18         18         18         18         18         18 
           Communication          
Reduction                  0.0213     0.0264     0.0031     0.0011     0.0101     0.0036     0.0165     0.0209     0.0041     0.0155     0.0018     0.0054     0.0010     0.0009     0.0298     0.0401     0.4148     0.3978 
Shadow                     0.0042     0.0048     0.0029     0.0030     0.0053     0.0046     0.0159     0.0145     0.0093     0.0091     0.0047     0.0069     0.0049     0.0047     0.0206     0.0201     0.4131     0.3952 
           Synchronization        
Reduction                  0.0041     0.0005     0.1636     0.1039     0.0791     0.0364     0.0042     0.0006     0.1636     0.1039     0.0791     0.0364     0.0042     0.0005     0.1636     0.1038     0.0795     0.0366 
Shadow                     0.0163     0.0171     0.3171     0.2046     0.1593     0.0755     0.0197     0.0137     0.3205     0.2091     0.1552     0.0760     0.0101     0.0050     0.3362     0.2261     0.5663     0.4692 
           Variation              
Reduction                  0.0041     0.0005     0.1636     0.1039     0.0791     0.0364     0.0042     0.0006     0.1636     0.1039     0.0791     0.0364     0.0042     0.0005     0.1636     0.1038     0.0795     0.0366 
Shadow                     0.0160     0.0159     0.3179     0.2052     0.1573     0.0748     0.0076     0.0029     0.3151     0.2037     0.1546     0.0731     0.0081     0.0031     0.3188     0.2090     0.1559     0.0765 
           Overlap                
Reduction                  0.0000     0.0000     0.0000     0.0000     0.0000     0.0000     0.0000     0.0000     0.0000     0.0000     0.0000     0.0000     0.0000     0.0000     0.0000     0.0000     0.0000     0.0000 
Shadow                     0.0000     0.0000     0.0000     0.0000     0.0000     0.0000     0.0000     0.0000     0.0000     0.0000     0.0000     0.0000     0.0000     0.0000     0.0000     0.0000     0.0000     0.0000 


-------------------------------------------------------------------------
Name (number) and performance time of processors
DVM(1) 1.030282
DVM(2) 1.030071
DVM(3) 1.030264
DVM(4) 1.032087
DVM(5) 1.030528
DVM(6) 1.030531
DVM(7) 1.030593
DVM(8) 1.030550
DVM(9) 1.031098
DVM(10) 1.031108
DVM(11) 1.030470
DVM(12) 1.030381
DVM(13) 1.030602
DVM(14) 1.030516
DVM(15) 1.030114
DVM(16) 1.030122
DVM(17) 1.031099
DVM(18) 1.030917
min - DVM(2) 1.030071; max - DVM(4) 1.032087; mid - 1.030630
