Processor system=3*5*1
Statistics has been accumulated on DVM-system version 5.0, platform DVM
Analyzer is executing on DVM-system version 5.0, platform DVM
-------------------------------------------------------------------------
INTERVAL ( NLINE=12 SOURCE=rb.c ) LEVEL=0  EXE_COUNT=1
--- The main characteristics --- 
Parallelization efficiency      0.9258 
Execution time                  0.8827 
Processors                          15
Threads amount                      15
Total time                     13.2406
Productive time                12.2586 ( CPU= 12.2341 Sys= 0.0245 I/O= 0.0000 )
Lost  time                      0.9820 
   Insufficient parallelism     0.4145 ( User= 0.0715 Sys= 0.3430 )
   Communication                0.4900 ( Real_sync= 0.0000 Starts= 0.0000 )
   Idle time                    0.0775
Load imbalance                  0.4838
Synchronization                 0.2820
Time variation                  0.1007
Overlap                         0.0001
                  Nop   Communic    Synchro  Variation    Overlap 
Reduction          10     0.2631     0.0004     0.0005     0.0000 
Shadow             20     0.2269     0.2816     0.1003     0.0000 
--- The comparative characteristics --- 
                              Tmin N proc      Tmax N proc      Tmid
Lost time                   0.0332     2     0.1382    11     0.0655 
User insufficient par.      0.0032    12     0.0065    10     0.0048 
Sys.insufficient par.       0.0184     1     0.0268     9     0.0229 
Idle time                   0.0000    10     0.0125    11     0.0052 
Communication               0.0027     2     0.0991    11     0.0327 
Synchronization             0.0018     9     0.0531    11     0.0188 
Variation                   0.0005     9     0.0140    11     0.0067 
Overlap                     0.0000     1     0.0000     9     0.0000 
Load imbalance              0.0000     2     0.1050    11     0.0323 
Execution time              0.8702    11     0.8827    10     0.8775 
User CPU time               0.7430    11     0.8478     2     0.8156 
Sys. CPU time               0.0013     1     0.0019     9     0.0016 
Processors                      15     1         15    15         15 
                      Communic          Synchro        Variation          Overlap  
Reduction       Tmin    0.0010     4     0.0000    12     0.0000     8     0.0000     1 
Reduction       Tmax    0.0577    11     0.0000    10     0.0000     4     0.0000    14 
Reduction       Tmid    0.0175           0.0000           0.0000           0.0000       
Shadow          Tmin    0.0017     2     0.0018     9     0.0004     9     0.0000     1 
Shadow          Tmax    0.0414    11     0.0530    11     0.0140    11     0.0000     9 
Shadow          Tmid    0.0151           0.0188           0.0067           0.0000       
--- The execution characteristics --- 
                                1          2          3          4          5          6          7          8          9         10         11         12         13         14         15 
Lost time                  0.0345     0.0332     0.0353     0.0338     0.0368     0.0363     0.0359     0.0351     0.0381     0.0364     0.1382     0.1198     0.1201     0.1182     0.1303 
User insufficient par.     0.0033     0.0054     0.0045     0.0061     0.0064     0.0064     0.0046     0.0044     0.0053     0.0065     0.0048     0.0032     0.0037     0.0035     0.0035 
Sys.insufficient par.      0.0184     0.0240     0.0240     0.0244     0.0197     0.0199     0.0247     0.0247     0.0268     0.0208     0.0218     0.0229     0.0245     0.0240     0.0223 
Idle time                  0.0058     0.0012     0.0023     0.0004     0.0008     0.0023     0.0023     0.0023     0.0016     0.0000     0.0125     0.0118     0.0110     0.0114     0.0122 
Communication              0.0070     0.0027     0.0045     0.0030     0.0099     0.0078     0.0042     0.0038     0.0045     0.0091     0.0991     0.0820     0.0808     0.0794     0.0923 
Synchronization            0.0092     0.0035     0.0039     0.0026     0.0092     0.0087     0.0030     0.0024     0.0018     0.0082     0.0531     0.0425     0.0415     0.0402     0.0523 
Variation                  0.0112     0.0050     0.0039     0.0034     0.0055     0.0099     0.0039     0.0034     0.0005     0.0042     0.0140     0.0082     0.0077     0.0072     0.0128 
Overlap                    0.0000     0.0000     0.0000     0.0000     0.0000     0.0000     0.0000     0.0000     0.0000     0.0000     0.0000     0.0000     0.0000     0.0000     0.0000 
Load imbalance             0.0013     0.0000     0.0021     0.0006     0.0036     0.0031     0.0026     0.0019     0.0049     0.0032     0.1050     0.0866     0.0869     0.0850     0.0970 
Execution time             0.8770     0.8815     0.8804     0.8823     0.8819     0.8804     0.8804     0.8804     0.8812     0.8827     0.8702     0.8710     0.8717     0.8713     0.8706 
User CPU time              0.8469     0.8478     0.8457     0.8471     0.8445     0.8450     0.8451     0.8459     0.8427     0.8449     0.7430     0.7612     0.7608     0.7628     0.7509 
Sys. CPU time              0.0013     0.0017     0.0017     0.0017     0.0014     0.0014     0.0018     0.0018     0.0019     0.0015     0.0016     0.0016     0.0018     0.0017     0.0016 
Processors                     15         15         15         15         15         15         15         15         15         15         15         15         15         15         15 
           Communication          
Reduction                  0.0045     0.0010     0.0018     0.0010     0.0031     0.0052     0.0024     0.0018     0.0010     0.0024     0.0577     0.0433     0.0435     0.0428     0.0517 
Shadow                     0.0026     0.0017     0.0027     0.0020     0.0068     0.0026     0.0018     0.0020     0.0035     0.0067     0.0414     0.0387     0.0374     0.0366     0.0406 
           Synchronization        
Reduction                  0.0000     0.0000     0.0000     0.0000     0.0000     0.0000     0.0000     0.0000     0.0000     0.0000     0.0000     0.0000     0.0000     0.0000     0.0000 
Shadow                     0.0092     0.0034     0.0039     0.0026     0.0091     0.0086     0.0029     0.0024     0.0018     0.0082     0.0530     0.0425     0.0415     0.0402     0.0523 
           Variation              
Reduction                  0.0000     0.0000     0.0000     0.0000     0.0000     0.0000     0.0000     0.0000     0.0000     0.0000     0.0000     0.0000     0.0000     0.0000     0.0000 
Shadow                     0.0112     0.0049     0.0039     0.0034     0.0055     0.0099     0.0038     0.0034     0.0004     0.0042     0.0140     0.0082     0.0076     0.0071     0.0128 
           Overlap                
Reduction                  0.0000     0.0000     0.0000     0.0000     0.0000     0.0000     0.0000     0.0000     0.0000     0.0000     0.0000     0.0000     0.0000     0.0000     0.0000 
Shadow                     0.0000     0.0000     0.0000     0.0000     0.0000     0.0000     0.0000     0.0000     0.0000     0.0000     0.0000     0.0000     0.0000     0.0000     0.0000 


-------------------------------------------------------------------------
Name (number) and performance time of processors
DVM(1) 1.030242
DVM(2) 1.029921
DVM(3) 1.030309
DVM(4) 1.030541
DVM(5) 1.030272
DVM(6) 1.030199
DVM(7) 1.030116
DVM(8) 1.030196
DVM(9) 1.030551
DVM(10) 1.030573
DVM(11) 1.030639
DVM(12) 1.030643
DVM(13) 1.030419
DVM(14) 1.030384
DVM(15) 0.517527
min - DVM(15) 0.517527; max - DVM(12) 1.030643; mid - 0.996169
