Processor system=6*1*3
Statistics has been accumulated on DVM-system version 5.0, platform DVM
Analyzer is executing on DVM-system version 5.0, platform DVM
-------------------------------------------------------------------------
INTERVAL ( NLINE=12 SOURCE=rb.c ) LEVEL=0  EXE_COUNT=2
--- The main characteristics --- 
Parallelization efficiency      0.3214 
Execution time                  2.6075 
Processors                          18
Threads amount                      18
Total time                     46.9346
Productive time                15.0825 ( CPU= 15.0599 Sys= 0.0226 I/O= 0.0000 )
Lost  time                     31.8521 
   Insufficient parallelism    30.5791 ( User= 30.1950 Sys= 0.3842 )
   Communication                1.0945 ( Real_sync= 0.0000 Starts= 0.0000 )
   Idle time                    0.1785
Load imbalance                  0.3739
Synchronization                 1.4771
Time variation                  1.0155
Overlap                         0.0001
                  Nop   Communic    Synchro  Variation    Overlap 
Reduction          10     0.5647     0.3008     0.3009     0.0001 
Shadow             20     0.5298     1.1763     0.7146     0.0001 
--- The comparative characteristics --- 
                              Tmin N proc      Tmax N proc      Tmid
Lost time                   1.7488    14     1.8952    17     1.7696 
User insufficient par.      1.4288    17     1.7190    14     1.6775 
Sys.insufficient par.       0.0108    18     0.0248    10     0.0213 
Idle time                   0.0000    14     0.0406    18     0.0099 
Communication               0.0057    12     0.4247    17     0.0608 
Synchronization             0.0023    13     0.3460    18     0.0821 
Variation                   0.0024    13     0.1567    18     0.0564 
Overlap                     0.0000     3     0.0000     7     0.0000 
Load imbalance              0.0000    14     0.1464    17     0.0208 
Execution time              2.5669    18     2.6075    14     2.5976 
User CPU time               0.7115    17     0.8573    14     0.8367 
Sys. CPU time               0.0006    18     0.0015    10     0.0013 
Processors                      18     1         18    18         18 
                      Communic          Synchro        Variation          Overlap  
Reduction       Tmin    0.0014    13     0.0001     1     0.0001     1     0.0000     3 
Reduction       Tmax    0.2151    18     0.0471     6     0.0471     6     0.0000     7 
Reduction       Tmid    0.0314           0.0167           0.0167           0.0000       
Shadow          Tmin    0.0034     3     0.0021    13     0.0022    13     0.0000     1 
Shadow          Tmax    0.2154    17     0.2990    18     0.1097    18     0.0000    13 
Shadow          Tmid    0.0294           0.0653           0.0397           0.0000       
--- The execution characteristics --- 
                                1          2          3          4          5          6          7          8          9         10         11         12         13         14         15         16         17         18 
Lost time                  1.7523     1.7527     1.7537     1.7517     1.7535     1.7549     1.7537     1.7532     1.7550     1.7557     1.7516     1.7524     1.7492     1.7488     1.7620     1.7627     1.8952     1.8938 
User insufficient par.     1.7128     1.7104     1.7088     1.7116     1.7083     1.7061     1.7079     1.7097     1.7060     1.7039     1.7122     1.7109     1.7173     1.7190     1.6945     1.6915     1.4288     1.4353 
Sys.insufficient par.      0.0226     0.0230     0.0185     0.0245     0.0243     0.0207     0.0248     0.0246     0.0188     0.0248     0.0241     0.0202     0.0245     0.0239     0.0166     0.0243     0.0132     0.0108 
Idle time                  0.0004     0.0016     0.0163     0.0031     0.0027     0.0159     0.0020     0.0008     0.0177     0.0035     0.0023     0.0155     0.0012     0.0000     0.0225     0.0041     0.0284     0.0406 
Communication              0.0166     0.0177     0.0102     0.0126     0.0181     0.0122     0.0191     0.0182     0.0124     0.0234     0.0130     0.0057     0.0063     0.0059     0.0283     0.0429     0.4247     0.4071 
Synchronization            0.0113     0.0198     0.1479     0.0115     0.0208     0.1477     0.0095     0.0167     0.1479     0.0145     0.0177     0.1446     0.0023     0.0117     0.1563     0.0248     0.2260     0.3460 
Variation                  0.0107     0.0199     0.1485     0.0087     0.0178     0.1469     0.0082     0.0155     0.1453     0.0047     0.0125     0.1443     0.0024     0.0117     0.1448     0.0035     0.0132     0.1567 
Overlap                    0.0000     0.0000     0.0000     0.0000     0.0000     0.0000     0.0000     0.0000     0.0000     0.0000     0.0000     0.0000     0.0000     0.0000     0.0000     0.0000     0.0000     0.0000 
Load imbalance             0.0035     0.0039     0.0049     0.0029     0.0047     0.0061     0.0049     0.0044     0.0062     0.0069     0.0028     0.0036     0.0004     0.0000     0.0132     0.0140     0.1464     0.1450 
Execution time             2.6071     2.6059     2.5912     2.6044     2.6047     2.5916     2.6055     2.6067     2.5898     2.6039     2.6051     2.5920     2.6063     2.6075     2.5850     2.6034     2.5790     2.5669 
User CPU time              0.8538     0.8535     0.8526     0.8543     0.8526     0.8514     0.8523     0.8528     0.8514     0.8503     0.8545     0.8539     0.8568     0.8573     0.8445     0.8433     0.7115     0.7130 
Sys. CPU time              0.0013     0.0014     0.0011     0.0014     0.0014     0.0012     0.0015     0.0014     0.0011     0.0015     0.0014     0.0012     0.0014     0.0014     0.0010     0.0014     0.0008     0.0006 
Processors                     18         18         18         18         18         18         18         18         18         18         18         18         18         18         18         18         18         18 
           Communication          
Reduction                  0.0126     0.0142     0.0068     0.0061     0.0109     0.0074     0.0136     0.0125     0.0055     0.0102     0.0045     0.0015     0.0014     0.0015     0.0130     0.0188     0.2093     0.2151 
Shadow                     0.0039     0.0035     0.0034     0.0065     0.0072     0.0048     0.0055     0.0057     0.0069     0.0132     0.0085     0.0043     0.0049     0.0044     0.0153     0.0242     0.2154     0.1920 
           Synchronization        
Reduction                  0.0001     0.0027     0.0467     0.0004     0.0030     0.0471     0.0003     0.0030     0.0471     0.0004     0.0030     0.0467     0.0002     0.0027     0.0470     0.0003     0.0030     0.0470 
Shadow                     0.0112     0.0171     0.1013     0.0111     0.0178     0.1006     0.0092     0.0137     0.1008     0.0141     0.0147     0.0979     0.0021     0.0090     0.1093     0.0244     0.2230     0.2990 
           Variation              
Reduction                  0.0001     0.0027     0.0467     0.0004     0.0030     0.0471     0.0003     0.0030     0.0471     0.0004     0.0030     0.0467     0.0002     0.0027     0.0470     0.0004     0.0030     0.0470 
Shadow                     0.0106     0.0172     0.1018     0.0084     0.0147     0.0998     0.0079     0.0125     0.0983     0.0043     0.0095     0.0976     0.0022     0.0089     0.0977     0.0032     0.0102     0.1097 
           Overlap                
Reduction                  0.0000     0.0000     0.0000     0.0000     0.0000     0.0000     0.0000     0.0000     0.0000     0.0000     0.0000     0.0000     0.0000     0.0000     0.0000     0.0000     0.0000     0.0000 
Shadow                     0.0000     0.0000     0.0000     0.0000     0.0000     0.0000     0.0000     0.0000     0.0000     0.0000     0.0000     0.0000     0.0000     0.0000     0.0000     0.0000     0.0000     0.0000 


-------------------------------------------------------------------------
Name (number) and performance time of processors
DVM(1) 1.030668
DVM(2) 1.030567
DVM(3) 1.030602
DVM(4) 1.030607
DVM(5) 1.030414
DVM(6) 1.030417
DVM(7) 1.030811
DVM(8) 1.030790
DVM(9) 1.030556
DVM(10) 1.030556
DVM(11) 1.030858
DVM(12) 1.030879
DVM(13) 1.030610
DVM(14) 1.030562
DVM(15) 1.030500
DVM(16) 1.030602
DVM(17) 1.030625
DVM(18) 1.031762
min - DVM(5) 1.030414; max - DVM(18) 1.031762; mid - 1.030688
