Processor system=2*4*2
Statistics has been accumulated on DVM-system version 5.0, platform DVM
Analyzer is executing on DVM-system version 5.0, platform DVM
-------------------------------------------------------------------------
INTERVAL ( NLINE=12 SOURCE=rb.c ) LEVEL=0  EXE_COUNT=1
--- The main characteristics --- 
Parallelization efficiency      0.4709 
Execution time                  1.7484 
Processors                          16
Threads amount                      16
Total time                     27.9748
Productive time                13.1722 ( CPU= 13.1271 Sys= 0.0452 I/O= 0.0000 )
Lost  time                     14.8025 
   Insufficient parallelism    13.8750 ( User= 13.1975 Sys= 0.6775 )
   Communication                0.8426 ( Real_sync= 0.0000 Starts= 0.0000 )
   Idle time                    0.0849
Load imbalance                  0.4192
Synchronization                 0.5500
Time variation                  0.3562
Overlap                         0.0001
                  Nop   Communic    Synchro  Variation    Overlap 
Reduction          10     0.4486     0.0160     0.0161     0.0001 
Shadow             20     0.3941     0.5340     0.3401     0.0000 
--- The comparative characteristics --- 
                              Tmin N proc      Tmax N proc      Tmid
Lost time                   0.8990     3     1.0077    15     0.9252 
User insufficient par.      0.7458    15     0.8503     5     0.8248 
Sys.insufficient par.       0.0355     2     0.0556    14     0.0423 
Idle time                   0.0000     5     0.0186    14     0.0053 
Communication               0.0040     5     0.2041    15     0.0527 
Synchronization             0.0037    12     0.1187    15     0.0344 
Variation                   0.0046    14     0.0355    15     0.0223 
Overlap                     0.0000     1     0.0000     5     0.0000 
Load imbalance              0.0000     3     0.1087    15     0.0262 
Execution time              1.7299    14     1.7484     5     1.7431 
User CPU time               0.7381    15     0.8465     3     0.8204 
Sys. CPU time               0.0024     2     0.0037    14     0.0028 
Processors                      16     1         16    16         16 
                      Communic          Synchro        Variation          Overlap  
Reduction       Tmin    0.0017     7     0.0002    16     0.0002    16     0.0000     3 
Reduction       Tmax    0.1122    15     0.0018     3     0.0018     5     0.0000    16 
Reduction       Tmid    0.0280           0.0010           0.0010           0.0000       
Shadow          Tmin    0.0020    11     0.0035    12     0.0044    14     0.0000     1 
Shadow          Tmax    0.0920    15     0.1169    15     0.0337    15     0.0000     5 
Shadow          Tmid    0.0246           0.0334           0.0213           0.0000       
--- The execution characteristics --- 
                                1          2          3          4          5          6          7          8          9         10         11         12         13         14         15         16 
Lost time                  0.9020     0.9014     0.8990     0.8990     0.8993     0.9000     0.9013     0.9010     0.9019     0.8998     0.8995     0.9016     0.9954     0.9950     1.0077     0.9985 
User insufficient par.     0.8482     0.8480     0.8502     0.8501     0.8503     0.8497     0.8484     0.8487     0.8480     0.8492     0.8500     0.8478     0.7548     0.7551     0.7458     0.7532 
Sys.insufficient par.      0.0370     0.0355     0.0438     0.0436     0.0451     0.0434     0.0402     0.0374     0.0382     0.0363     0.0437     0.0470     0.0532     0.0556     0.0393     0.0385 
Idle time                  0.0028     0.0032     0.0000     0.0001     0.0000     0.0001     0.0000     0.0001     0.0024     0.0020     0.0000     0.0001     0.0185     0.0186     0.0185     0.0186 
Communication              0.0141     0.0147     0.0049     0.0053     0.0040     0.0070     0.0127     0.0148     0.0134     0.0123     0.0057     0.0067     0.1689     0.1658     0.2041     0.1882 
Synchronization            0.0208     0.0165     0.0090     0.0044     0.0074     0.0053     0.0182     0.0141     0.0212     0.0163     0.0103     0.0037     0.0924     0.0869     0.1187     0.1048 
Variation                  0.0334     0.0294     0.0214     0.0163     0.0189     0.0166     0.0171     0.0184     0.0336     0.0291     0.0225     0.0140     0.0137     0.0046     0.0355     0.0318 
Overlap                    0.0000     0.0000     0.0000     0.0000     0.0000     0.0000     0.0000     0.0000     0.0000     0.0000     0.0000     0.0000     0.0000     0.0000     0.0000     0.0000 
Load imbalance             0.0030     0.0024     0.0000     0.0001     0.0004     0.0011     0.0023     0.0020     0.0029     0.0009     0.0006     0.0026     0.0965     0.0961     0.1087     0.0995 
Execution time             1.7457     1.7452     1.7484     1.7483     1.7484     1.7484     1.7484     1.7484     1.7460     1.7464     1.7484     1.7484     1.7299     1.7299     1.7299     1.7299 
User CPU time              0.8440     0.8447     0.8465     0.8465     0.8461     0.8455     0.8444     0.8450     0.8440     0.8462     0.8460     0.8437     0.7494     0.7497     0.7381     0.7474 
Sys. CPU time              0.0025     0.0024     0.0029     0.0029     0.0030     0.0029     0.0027     0.0025     0.0025     0.0024     0.0029     0.0031     0.0035     0.0037     0.0026     0.0026 
Processors                     16         16         16         16         16         16         16         16         16         16         16         16         16         16         16         16 
           Communication          
Reduction                  0.0099     0.0104     0.0029     0.0021     0.0017     0.0037     0.0017     0.0057     0.0096     0.0089     0.0037     0.0045     0.0841     0.0809     0.1122     0.1066 
Shadow                     0.0041     0.0042     0.0020     0.0033     0.0022     0.0033     0.0111     0.0092     0.0037     0.0035     0.0020     0.0022     0.0848     0.0848     0.0920     0.0816 
           Synchronization        
Reduction                  0.0018     0.0002     0.0018     0.0002     0.0018     0.0002     0.0018     0.0002     0.0018     0.0002     0.0018     0.0002     0.0018     0.0002     0.0018     0.0002 
Shadow                     0.0190     0.0163     0.0072     0.0042     0.0056     0.0051     0.0164     0.0139     0.0193     0.0161     0.0085     0.0035     0.0906     0.0867     0.1169     0.1047 
           Variation              
Reduction                  0.0018     0.0002     0.0018     0.0002     0.0018     0.0002     0.0018     0.0002     0.0018     0.0002     0.0018     0.0002     0.0018     0.0002     0.0018     0.0002 
Shadow                     0.0315     0.0292     0.0195     0.0162     0.0171     0.0164     0.0153     0.0182     0.0317     0.0289     0.0207     0.0138     0.0119     0.0044     0.0337     0.0316 
           Overlap                
Reduction                  0.0000     0.0000     0.0000     0.0000     0.0000     0.0000     0.0000     0.0000     0.0000     0.0000     0.0000     0.0000     0.0000     0.0000     0.0000     0.0000 
Shadow                     0.0000     0.0000     0.0000     0.0000     0.0000     0.0000     0.0000     0.0000     0.0000     0.0000     0.0000     0.0000     0.0000     0.0000     0.0000     0.0000 


-------------------------------------------------------------------------
Name (number) and performance time of processors
DVM(1) 1.030462
DVM(2) 1.030321
DVM(3) 1.030357
DVM(4) 1.030888
DVM(5) 1.031159
DVM(6) 1.031126
DVM(7) 1.030503
DVM(8) 1.030488
DVM(9) 1.030734
DVM(10) 1.030662
DVM(11) 1.030520
DVM(12) 1.030456
DVM(13) 1.030602
DVM(14) 1.030577
DVM(15) 1.030511
DVM(16) 1.030511
min - DVM(2) 1.030321; max - DVM(5) 1.031159; mid - 1.030617
