Processor system=1*4*4
Statistics has been accumulated on DVM-system version 5.0, platform DVM
Analyzer is executing on DVM-system version 5.0, platform DVM
-------------------------------------------------------------------------
INTERVAL ( NLINE=12 SOURCE=rb.c ) LEVEL=0  EXE_COUNT=1
--- The main characteristics --- 
Parallelization efficiency      0.2230 
Execution time                  3.5179 
Processors                          16
Threads amount                      16
Total time                     56.2858
Productive time                12.5501 ( CPU= 12.3659 Sys= 0.1841 I/O= 0.0000 )
Lost  time                     43.7358 
   Insufficient parallelism    39.9661 ( User= 37.2046 Sys= 2.7615 )
   Communication                2.7523 ( Real_sync= 0.0000 Starts= 0.0000 )
   Idle time                    1.0174
Load imbalance                  0.4954
Synchronization                11.2726
Time variation                 10.8062
Overlap                         0.0002
                  Nop   Communic    Synchro  Variation    Overlap 
Reduction          10     1.2856     3.2458     3.2460     0.0001 
Shadow             20     1.4666     8.0268     7.5602     0.0001 
--- The comparative characteristics --- 
                              Tmin N proc      Tmax N proc      Tmid
Lost time                   2.7025     6     2.8292    15     2.7335 
User insufficient par.      2.0639    15     2.4147     4     2.3253 
Sys.insufficient par.       0.0979    13     0.2589     9     0.1726 
Idle time                   0.0000    14     0.1043    15     0.0636 
Communication               0.0077     8     0.5623    15     0.1720 
Synchronization             0.0059    10     1.6085    15     0.7045 
Variation                   0.0101    10     1.4542     3     0.6754 
Overlap                     0.0000     7     0.0001    10     0.0000 
Load imbalance              0.0000     6     0.1267    15     0.0310 
Execution time              3.4136    15     3.5179    14     3.4543 
User CPU time               0.6821    15     0.8031     4     0.7729 
Sys. CPU time               0.0065    13     0.0173     9     0.0115 
Processors                      16     1         16    16         16 
                      Communic          Synchro        Variation          Overlap  
Reduction       Tmin    0.0016     8     0.0002     2     0.0002     2     0.0000     7 
Reduction       Tmax    0.2571    15     0.4421     7     0.4421     7     0.0000     2 
Reduction       Tmid    0.0804           0.2029           0.2029           0.0000       
Shadow          Tmin    0.0050     7     0.0056    10     0.0098    10     0.0000     1 
Shadow          Tmax    0.3179    14     1.1664    15     1.0122     3     0.0001    10 
Shadow          Tmid    0.0917           0.5017           0.4725           0.0000       
--- The execution characteristics --- 
                                1          2          3          4          5          6          7          8          9         10         11         12         13         14         15         16 
Lost time                  2.7093     2.7089     2.7087     2.7068     2.7027     2.7025     2.7044     2.7078     2.7041     2.7042     2.7045     2.7082     2.8133     2.8060     2.8292     2.8151 
User insufficient par.     2.4064     2.4063     2.4092     2.4147     2.4048     2.4024     2.4064     2.3887     2.3953     2.3954     2.4057     2.3883     2.0984     2.1261     2.0639     2.0925 
Sys.insufficient par.      0.1253     0.1256     0.1212     0.1203     0.2411     0.2446     0.1914     0.2311     0.2589     0.2578     0.1949     0.2288     0.0979     0.1177     0.0987     0.1063 
Idle time                  0.0432     0.0428     0.0973     0.0837     0.0353     0.0360     0.0920     0.0803     0.0360     0.0360     0.0917     0.0800     0.0598     0.0000     0.1043     0.0991 
Communication              0.1345     0.1341     0.0810     0.0881     0.0216     0.0196     0.0145     0.0077     0.0139     0.0150     0.0122     0.0111     0.5573     0.5622     0.5623     0.5172 
Synchronization            0.1361     0.1332     1.3986     1.1815     0.0152     0.0100     1.3042     1.0749     0.0084     0.0059     1.3052     1.0779     0.3237     0.3227     1.6085     1.3668 
Variation                  0.1686     0.1640     1.4542     1.2333     0.0343     0.0255     1.3713     1.1073     0.0130     0.0101     1.3660     1.1074     0.0957     0.0931     1.3980     1.1645 
Overlap                    0.0000     0.0000     0.0000     0.0000     0.0000     0.0000     0.0000     0.0000     0.0000     0.0001     0.0000     0.0000     0.0000     0.0000     0.0000     0.0000 
Load imbalance             0.0068     0.0063     0.0062     0.0043     0.0001     0.0000     0.0019     0.0053     0.0016     0.0017     0.0020     0.0056     0.1108     0.1034     0.1267     0.1126 
Execution time             3.4746     3.4750     3.4205     3.4342     3.4826     3.4819     3.4258     3.4376     3.4819     3.4819     3.4262     3.4379     3.4581     3.5179     3.4136     3.4188 
User CPU time              0.8002     0.8006     0.8011     0.8031     0.7991     0.7990     0.8007     0.7947     0.7965     0.7965     0.8004     0.7945     0.6980     0.7041     0.6821     0.6957 
Sys. CPU time              0.0084     0.0084     0.0081     0.0080     0.0161     0.0163     0.0128     0.0154     0.0173     0.0172     0.0130     0.0153     0.0065     0.0078     0.0066     0.0071 
Processors                     16         16         16         16         16         16         16         16         16         16         16         16         16         16         16         16 
           Communication          
Reduction                  0.0782     0.0771     0.0454     0.0510     0.0149     0.0138     0.0095     0.0016     0.0081     0.0086     0.0058     0.0024     0.2411     0.2443     0.2571     0.2268 
Shadow                     0.0562     0.0570     0.0356     0.0371     0.0067     0.0058     0.0050     0.0061     0.0059     0.0064     0.0064     0.0086     0.3162     0.3179     0.3052     0.2904 
           Synchronization        
Reduction                  0.0017     0.0002     0.4420     0.3671     0.0020     0.0003     0.4421     0.3673     0.0018     0.0003     0.4421     0.3672     0.0020     0.0003     0.4421     0.3673 
Shadow                     0.1344     0.1329     0.9566     0.8144     0.0132     0.0097     0.8621     0.7076     0.0065     0.0056     0.8631     0.7107     0.3216     0.3224     1.1664     0.9995 
           Variation              
Reduction                  0.0017     0.0002     0.4420     0.3671     0.0020     0.0003     0.4421     0.3673     0.0018     0.0003     0.4421     0.3672     0.0021     0.0003     0.4421     0.3673 
Shadow                     0.1669     0.1638     1.0122     0.8662     0.0323     0.0252     0.9292     0.7400     0.0111     0.0098     0.9239     0.7403     0.0936     0.0928     0.9559     0.7972 
           Overlap                
Reduction                  0.0000     0.0000     0.0000     0.0000     0.0000     0.0000     0.0000     0.0000     0.0000     0.0000     0.0000     0.0000     0.0000     0.0000     0.0000     0.0000 
Shadow                     0.0000     0.0000     0.0000     0.0000     0.0000     0.0000     0.0000     0.0000     0.0000     0.0001     0.0000     0.0000     0.0000     0.0000     0.0000     0.0000 


-------------------------------------------------------------------------
Name (number) and performance time of processors
DVM(1) 1.031283
DVM(2) 1.031115
DVM(3) 1.030431
DVM(4) 1.030325
DVM(5) 1.030457
DVM(6) 1.030376
DVM(7) 1.030562
DVM(8) 1.030637
DVM(9) 1.030527
DVM(10) 1.030478
DVM(11) 1.030428
DVM(12) 1.030381
DVM(13) 1.030645
DVM(14) 1.030603
DVM(15) 1.030464
DVM(16) 1.030409
min - DVM(4) 1.030325; max - DVM(1) 1.031283; mid - 1.030570
