Processor system=4*2*2
Statistics has been accumulated on DVM-system version 5.0, platform DVM
Analyzer is executing on DVM-system version 5.0, platform DVM
-------------------------------------------------------------------------
INTERVAL ( NLINE=12 SOURCE=rb.c ) LEVEL=0  EXE_COUNT=1
--- The main characteristics --- 
Parallelization efficiency      0.4751 
Execution time                  1.7507 
Processors                          16
Threads amount                      16
Total time                     28.0111
Productive time                13.3074 ( CPU= 13.2783 Sys= 0.0291 I/O= 0.0000 )
Lost  time                     14.7037 
   Insufficient parallelism    13.7887 ( User= 13.3525 Sys= 0.4362 )
   Communication                0.8203 ( Real_sync= 0.0000 Starts= 0.0000 )
   Idle time                    0.0947
Load imbalance                  0.4038
Synchronization                 0.4542
Time variation                  0.0924
Overlap                         0.0001
                  Nop   Communic    Synchro  Variation    Overlap 
Reduction          10     0.4151     0.0110     0.0113     0.0000 
Shadow             20     0.4052     0.4433     0.0811     0.0000 
--- The comparative characteristics --- 
                              Tmin N proc      Tmax N proc      Tmid
Lost time                   0.8937     4     0.9960    15     0.9190 
User insufficient par.      0.7604    15     0.8600     4     0.8345 
Sys.insufficient par.       0.0199    13     0.0305     8     0.0273 
Idle time                   0.0000     4     0.0189    16     0.0059 
Communication               0.0042     4     0.1956    15     0.0513 
Synchronization             0.0028     8     0.1026    15     0.0284 
Variation                   0.0029    12     0.0105    13     0.0058 
Overlap                     0.0000     1     0.0000    10     0.0000 
Load imbalance              0.0000     4     0.1022    15     0.0252 
Execution time              1.7318    16     1.7507     4     1.7448 
User CPU time               0.7533    15     0.8550     4     0.8299 
Sys. CPU time               0.0013    13     0.0020     8     0.0018 
Processors                      16     1         16    16         16 
                      Communic          Synchro        Variation          Overlap  
Reduction       Tmin    0.0013     4     0.0003    16     0.0003    16     0.0000     1 
Reduction       Tmax    0.1005    15     0.0011     5     0.0011     1     0.0000    16 
Reduction       Tmid    0.0259           0.0007           0.0007           0.0000       
Shadow          Tmin    0.0023     2     0.0025     8     0.0026    12     0.0000     1 
Shadow          Tmax    0.0951    15     0.1015    15     0.0094    13     0.0000    10 
Shadow          Tmid    0.0253           0.0277           0.0051           0.0000       
--- The execution characteristics --- 
                                1          2          3          4          5          6          7          8          9         10         11         12         13         14         15         16 
Lost time                  0.8941     0.8944     0.8942     0.8937     0.8945     0.8947     0.8946     0.8954     0.8950     0.8953     0.8949     0.8956     0.9904     0.9937     0.9960     0.9872 
User insufficient par.     0.8582     0.8588     0.8598     0.8600     0.8581     0.8590     0.8571     0.8574     0.8587     0.8576     0.8571     0.8568     0.7651     0.7615     0.7604     0.7670 
Sys.insufficient par.      0.0285     0.0294     0.0292     0.0295     0.0295     0.0302     0.0292     0.0305     0.0290     0.0301     0.0288     0.0301     0.0199     0.0210     0.0211     0.0201 
Idle time                  0.0027     0.0008     0.0007     0.0000     0.0023     0.0004     0.0034     0.0016     0.0011     0.0012     0.0031     0.0019     0.0189     0.0189     0.0189     0.0189 
Communication              0.0047     0.0054     0.0045     0.0042     0.0046     0.0051     0.0049     0.0059     0.0061     0.0065     0.0059     0.0068     0.1866     0.1923     0.1956     0.1812 
Synchronization            0.0069     0.0038     0.0061     0.0037     0.0052     0.0036     0.0052     0.0028     0.0067     0.0029     0.0064     0.0038     0.1008     0.0995     0.1026     0.0942 
Variation                  0.0067     0.0040     0.0062     0.0034     0.0057     0.0030     0.0056     0.0031     0.0068     0.0034     0.0065     0.0029     0.0105     0.0068     0.0102     0.0076 
Overlap                    0.0000     0.0000     0.0000     0.0000     0.0000     0.0000     0.0000     0.0000     0.0000     0.0000     0.0000     0.0000     0.0000     0.0000     0.0000     0.0000 
Load imbalance             0.0003     0.0007     0.0004     0.0000     0.0008     0.0009     0.0009     0.0017     0.0012     0.0016     0.0011     0.0018     0.0967     0.1000     0.1022     0.0935 
Execution time             1.7480     1.7499     1.7499     1.7507     1.7484     1.7503     1.7473     1.7491     1.7496     1.7495     1.7476     1.7488     1.7318     1.7318     1.7318     1.7318 
User CPU time              0.8547     0.8543     0.8546     0.8550     0.8542     0.8540     0.8541     0.8533     0.8538     0.8534     0.8539     0.8531     0.7589     0.7555     0.7533     0.7622 
Sys. CPU time              0.0019     0.0020     0.0019     0.0020     0.0020     0.0020     0.0019     0.0020     0.0019     0.0020     0.0019     0.0020     0.0013     0.0014     0.0014     0.0013 
Processors                     16         16         16         16         16         16         16         16         16         16         16         16         16         16         16         16 
           Communication          
Reduction                  0.0018     0.0031     0.0019     0.0013     0.0023     0.0020     0.0022     0.0033     0.0031     0.0039     0.0030     0.0033     0.0931     0.0980     0.1005     0.0921 
Shadow                     0.0028     0.0023     0.0025     0.0029     0.0024     0.0031     0.0027     0.0026     0.0030     0.0025     0.0028     0.0035     0.0935     0.0943     0.0951     0.0892 
           Synchronization        
Reduction                  0.0011     0.0003     0.0011     0.0003     0.0011     0.0003     0.0011     0.0003     0.0011     0.0003     0.0011     0.0003     0.0011     0.0003     0.0011     0.0003 
Shadow                     0.0058     0.0035     0.0051     0.0034     0.0041     0.0033     0.0041     0.0025     0.0056     0.0026     0.0053     0.0035     0.0998     0.0992     0.1015     0.0939 
           Variation              
Reduction                  0.0011     0.0003     0.0011     0.0003     0.0011     0.0003     0.0011     0.0003     0.0011     0.0003     0.0011     0.0003     0.0011     0.0003     0.0011     0.0003 
Shadow                     0.0056     0.0037     0.0051     0.0031     0.0046     0.0027     0.0045     0.0028     0.0057     0.0031     0.0054     0.0026     0.0094     0.0065     0.0091     0.0073 
           Overlap                
Reduction                  0.0000     0.0000     0.0000     0.0000     0.0000     0.0000     0.0000     0.0000     0.0000     0.0000     0.0000     0.0000     0.0000     0.0000     0.0000     0.0000 
Shadow                     0.0000     0.0000     0.0000     0.0000     0.0000     0.0000     0.0000     0.0000     0.0000     0.0000     0.0000     0.0000     0.0000     0.0000     0.0000     0.0000 


-------------------------------------------------------------------------
Name (number) and performance time of processors
DVM(1) 1.030689
DVM(2) 1.030610
DVM(3) 1.030241
DVM(4) 1.030476
DVM(5) 1.030134
DVM(6) 1.030069
DVM(7) 1.030769
DVM(8) 1.030752
DVM(9) 1.030815
DVM(10) 1.030862
DVM(11) 1.030997
DVM(12) 1.030979
DVM(13) 1.030575
DVM(14) 1.030558
DVM(15) 1.030742
DVM(16) 1.030732
min - DVM(6) 1.030069; max - DVM(11) 1.030997; mid - 1.030625
