Processor system=3*1*7
Statistics has been accumulated on DVM-system version 5.0, platform DVM
Analyzer is executing on DVM-system version 5.0, platform DVM
-------------------------------------------------------------------------
INTERVAL ( NLINE=12 SOURCE=rb.c ) LEVEL=0  EXE_COUNT=2
--- The main characteristics --- 
Parallelization efficiency      0.1228 
Execution time                  6.2491 
Processors                          21
Threads amount                      21
Total time                    131.2310
Productive time                16.1174 ( CPU= 16.0932 Sys= 0.0242 I/O= 0.0000 )
Lost  time                    115.1136 
   Insufficient parallelism    97.2442 ( User= 96.7602 Sys= 0.4840 )
   Communication               14.7220 ( Real_sync= 0.0000 Starts= 0.0000 )
   Idle time                    3.1474
Load imbalance                  0.7438
Synchronization               180.4057
Time variation                176.3238
Overlap                         0.0001
                  Nop   Communic    Synchro  Variation    Overlap 
Reduction          10    10.4987    58.4330    58.4336     0.0001 
Shadow             21     4.2232   121.9727   117.8903     0.0001 
--- The comparative characteristics --- 
                              Tmin N proc      Tmax N proc      Tmid
Lost time                   5.4462     1     5.5200    19     5.4816 
User insufficient par.      4.3737    19     4.8205     1     4.6076 
Sys.insufficient par.       0.0167    16     0.0364    15     0.0230 
Idle time                   0.0000     5     0.3314    14     0.1499 
Communication               0.3631    21     1.1268    19     0.7010 
Synchronization             1.1248    12    11.7464    14     8.5907 
Variation                   0.8375    12    11.6873     7     8.3964 
Overlap                     0.0000     2     0.0000    12     0.0000 
Load imbalance              0.0000     1     0.0739    19     0.0354 
Execution time              5.9177    14     6.2491     5     6.0992 
User CPU time               0.7281    19     0.8019     1     0.7663 
Sys. CPU time               0.0008    16     0.0018    15     0.0012 
Processors                      21     1         21    21         21 
                      Communic          Synchro        Variation          Overlap  
Reduction       Tmin    0.2481    18     0.2946     5     0.2946     5     0.0000     1 
Reduction       Tmax    0.8713    15     3.8744    14     3.8744    14     0.0000    19 
Reduction       Tmid    0.4999           2.7825           2.7826           0.0000       
Shadow          Tmin    0.0263     1     0.8174    12     0.5301    12     0.0000     2 
Shadow          Tmax    0.5804    10     7.8721    14     7.8262     7     0.0000    12 
Shadow          Tmid    0.2011           5.8082           5.6138           0.0000       
--- The execution characteristics --- 
                                1          2          3          4          5          6          7          8          9         10         11         12         13         14         15         16         17         18         19         20         21 
Lost time                  5.4462     5.4939     5.4467     5.5109     5.5018     5.4955     5.4853     5.4913     5.4878     5.5164     5.4767     5.4732     5.4501     5.5034     5.5049     5.4589     5.4589     5.4563     5.5200     5.4765     5.4589 
User insufficient par.     4.8205     4.5415     4.8162     4.4375     4.4844     4.5223     4.5825     4.5475     4.5764     4.4051     4.6424     4.6511     4.7929     4.4780     4.4630     4.7505     4.7391     4.7556     4.3737     4.6319     4.7481 
Sys.insufficient par.      0.0205     0.0202     0.0170     0.0219     0.0189     0.0202     0.0219     0.0275     0.0234     0.0219     0.0254     0.0313     0.0214     0.0246     0.0364     0.0167     0.0239     0.0215     0.0187     0.0285     0.0220 
Idle time                  0.1710     0.1645     0.1071     0.2462     0.0000     0.1030     0.2962     0.1539     0.1189     0.0893     0.2469     0.0026     0.1223     0.3314     0.1063     0.1303     0.1069     0.2421     0.0008     0.0820     0.3257 
Communication              0.4341     0.7677     0.5064     0.8053     0.9985     0.8500     0.5846     0.7624     0.7691     1.0001     0.5620     0.7881     0.5134     0.6694     0.8992     0.5614     0.5889     0.4372     1.1268     0.7341     0.3631 
Synchronization            6.1521     9.3620    10.2504    10.6188     1.4162    10.6377    11.7250     6.3692     9.4209    10.6123    10.4064     1.1248    10.4522    11.7464     6.3228     9.2995    10.3877    10.5035     1.4838    10.5304    11.5835 
Variation                  6.1306     9.2949    10.1863    10.3819     0.9541    10.4093    11.6873     6.1097     9.1779    10.0359    10.2483     0.8375    10.3247    11.5247     6.2993     9.2470    10.3111    10.3186     0.9760    10.3398    11.5290 
Overlap                    0.0000     0.0000     0.0000     0.0000     0.0000     0.0000     0.0000     0.0000     0.0000     0.0000     0.0000     0.0000     0.0000     0.0000     0.0000     0.0000     0.0000     0.0000     0.0000     0.0000     0.0000 
Load imbalance             0.0000     0.0477     0.0005     0.0647     0.0556     0.0494     0.0391     0.0451     0.0416     0.0702     0.0305     0.0270     0.0039     0.0572     0.0588     0.0127     0.0127     0.0102     0.0739     0.0303     0.0127 
Execution time             6.0781     6.0846     6.1420     6.0029     6.2491     6.1461     5.9529     6.0952     6.1302     6.1598     6.0022     6.2465     6.1268     5.9177     6.1428     6.1188     6.1422     6.0070     6.2483     6.1671     5.9234 
User CPU time              0.8019     0.7542     0.8015     0.7371     0.7464     0.7525     0.7627     0.7564     0.7602     0.7316     0.7712     0.7744     0.7980     0.7444     0.7423     0.7894     0.7890     0.7917     0.7281     0.7712     0.7891 
Sys. CPU time              0.0010     0.0010     0.0009     0.0011     0.0009     0.0010     0.0011     0.0014     0.0012     0.0011     0.0013     0.0016     0.0011     0.0012     0.0018     0.0008     0.0012     0.0011     0.0009     0.0014     0.0011 
Processors                     21         21         21         21         21         21         21         21         21         21         21         21         21         21         21         21         21         21         21         21         21 
           Communication          
Reduction                  0.4079     0.6955     0.4372     0.5640     0.5316     0.6117     0.5422     0.4985     0.5219     0.4196     0.3988     0.4959     0.3804     0.4433     0.8713     0.4930     0.4951     0.2481     0.5995     0.5392     0.3041 
Shadow                     0.0263     0.0722     0.0692     0.2414     0.4669     0.2383     0.0424     0.2640     0.2471     0.5804     0.1632     0.2923     0.1330     0.2261     0.0279     0.0684     0.0938     0.1892     0.5274     0.1949     0.0590 
           Synchronization        
Reduction                  2.0043     3.0300     3.3929     3.4631     0.2946     3.4091     3.8611     2.0043     3.0440     3.3965     3.4510     0.3074     3.4072     3.8744     2.0046     3.0303     3.3932     3.4814     0.3131     3.4094     3.8612 
Shadow                     4.1478     6.3321     6.8574     7.1556     1.1217     7.2286     7.8639     4.3649     6.3769     7.2158     6.9554     0.8174     7.0450     7.8721     4.3183     6.2692     6.9945     7.0221     1.1707     7.1210     7.7224 
           Variation              
Reduction                  2.0043     3.0300     3.3930     3.4632     0.2946     3.4091     3.8611     2.0043     3.0440     3.3965     3.4511     0.3075     3.4072     3.8744     2.0046     3.0303     3.3932     3.4815     0.3131     3.4094     3.8612 
Shadow                     4.1262     6.2648     6.7933     6.9187     0.6595     7.0001     7.8262     4.1054     6.1338     6.6394     6.7972     0.5301     6.9176     7.6503     4.2947     6.2167     6.9179     6.8371     0.6629     6.9304     7.6678 
           Overlap                
Reduction                  0.0000     0.0000     0.0000     0.0000     0.0000     0.0000     0.0000     0.0000     0.0000     0.0000     0.0000     0.0000     0.0000     0.0000     0.0000     0.0000     0.0000     0.0000     0.0000     0.0000     0.0000 
Shadow                     0.0000     0.0000     0.0000     0.0000     0.0000     0.0000     0.0000     0.0000     0.0000     0.0000     0.0000     0.0000     0.0000     0.0000     0.0000     0.0000     0.0000     0.0000     0.0000     0.0000     0.0000 


-------------------------------------------------------------------------
Name (number) and performance time of processors
DVM(1) 2.474229
DVM(2) 1.029963
DVM(3) 1.030541
DVM(4) 1.041666
DVM(5) 1.029647
DVM(6) 1.057818
DVM(7) 1.031828
DVM(8) 1.030514
DVM(9) 1.030422
DVM(10) 1.030500
DVM(11) 1.030275
DVM(12) 1.030270
DVM(13) 1.030643
DVM(14) 1.030592
DVM(15) 1.030896
DVM(16) 1.030954
DVM(17) 1.030564
DVM(18) 1.030589
DVM(19) 1.030747
DVM(20) 1.031329
DVM(21) 2.460739
min - DVM(5) 1.029647; max - DVM(1) 2.474229; mid - 1.169273
