Processor system=1*3*7
Statistics has been accumulated on DVM-system version 5.0, platform DVM
Analyzer is executing on DVM-system version 5.0, platform DVM
-------------------------------------------------------------------------
INTERVAL ( NLINE=12 SOURCE=rb.c ) LEVEL=0  EXE_COUNT=2
--- The main characteristics --- 
Parallelization efficiency      0.1190 
Execution time                  6.2336 
Processors                          21
Threads amount                      21
Total time                    130.9058
Productive time                15.5723 ( CPU= 15.3300 Sys= 0.2423 I/O= 0.0000 )
Lost  time                    115.3335 
   Insufficient parallelism    97.1350 ( User= 92.2892 Sys= 4.8457 )
   Communication               13.0755 ( Real_sync= 0.0000 Starts= 0.0000 )
   Idle time                    5.1230
Load imbalance                  0.9965
Synchronization               201.2765
Time variation                197.6065
Overlap                         0.0002
                  Nop   Communic    Synchro  Variation    Overlap 
Reduction          10     8.4938    63.8547    63.8544     0.0001 
Shadow             21     4.5817   137.4218   133.7521     0.0002 
--- The comparative characteristics --- 
                              Tmin N proc      Tmax N proc      Tmid
Lost time                   5.4446     7     5.5472    21     5.4921 
User insufficient par.      4.0866    21     4.6877     7     4.3947 
Sys.insufficient par.       0.1539    21     0.3574     8     0.2307 
Idle time                   0.0000     7     0.3790    18     0.2440 
Communication               0.2425    10     1.2968    21     0.6226 
Synchronization             1.2681     7    15.2210    19     9.5846 
Variation                   1.1120    14    15.2227     5     9.4098 
Overlap                     0.0000     1     0.0001     7     0.0000 
Load imbalance              0.0000     7     0.1026    21     0.0475 
Execution time              5.8546    18     6.2336     7     5.9897 
User CPU time               0.6787    21     0.7804     7     0.7300 
Sys. CPU time               0.0077    21     0.0179     8     0.0115 
Processors                      21     1         21    21         21 
                      Communic          Synchro        Variation          Overlap  
Reduction       Tmin    0.1772     8     0.1972     7     0.1972     7     0.0000     1 
Reduction       Tmax    1.0453    21     4.9378    19     4.9378    19     0.0000    21 
Reduction       Tmid    0.4045           3.0407           3.0407           0.0000       
Shadow          Tmin    0.0562     5     1.0708     7     0.9147    14     0.0000     1 
Shadow          Tmax    0.5707    20    10.2831    19    10.2972     5     0.0000     7 
Shadow          Tmid    0.2182           6.5439           6.3691           0.0000       
--- The execution characteristics --- 
                                1          2          3          4          5          6          7          8          9         10         11         12         13         14         15         16         17         18         19         20         21 
Lost time                  5.4752     5.5027     5.4922     5.4734     5.5010     5.4657     5.4446     5.5009     5.4884     5.4624     5.4989     5.4995     5.4764     5.5326     5.5039     5.4665     5.5216     5.4851     5.4749     5.5206     5.5472 
User insufficient par.     4.5119     4.3469     4.4044     4.5422     4.3589     4.5613     4.6877     4.3024     4.3942     4.5400     4.3236     4.3175     4.4609     4.1174     4.3382     4.5632     4.2338     4.4513     4.5101     4.2369     4.0866 
Sys.insufficient par.      0.1725     0.1658     0.1784     0.1806     0.1728     0.2056     0.1727     0.3574     0.3313     0.3465     0.3408     0.3381     0.3245     0.3152     0.1770     0.1856     0.1804     0.1931     0.1901     0.1635     0.1539 
Idle time                  0.2277     0.2741     0.3410     0.3790     0.3773     0.0413     0.0000     0.2504     0.2496     0.3334     0.3575     0.3533     0.1335     0.0218     0.2492     0.2855     0.3654     0.3790     0.3694     0.1247     0.0099 
Communication              0.5631     0.7159     0.5684     0.3715     0.5919     0.6576     0.5843     0.5906     0.5133     0.2425     0.4771     0.4906     0.5575     1.0782     0.7395     0.4322     0.7420     0.4618     0.4053     0.9955     1.2968 
Synchronization           10.5649     9.4640    12.3711    14.8696    15.2081     3.5045     1.2681    10.4480     9.2504    12.2166    14.7224    15.1331     3.2751     1.4459    10.4837     9.1825    12.4845    14.8494    15.2210     3.6600     1.6538 
Variation                 10.4158     9.3557    12.3100    14.8093    15.2227     3.1695     1.2831    10.0194     8.9750    12.1395    14.6098    15.0446     2.9498     1.1120    10.2880     9.1027    12.2761    14.7382    15.1535     3.1566     1.4751 
Overlap                    0.0000     0.0000     0.0000     0.0000     0.0000     0.0000     0.0001     0.0000     0.0000     0.0000     0.0000     0.0000     0.0000     0.0000     0.0000     0.0000     0.0000     0.0000     0.0000     0.0000     0.0000 
Load imbalance             0.0306     0.0581     0.0476     0.0287     0.0563     0.0211     0.0000     0.0563     0.0437     0.0178     0.0542     0.0549     0.0318     0.0880     0.0593     0.0218     0.0769     0.0405     0.0303     0.0760     0.1026 
Execution time             6.0059     5.9595     5.8926     5.8546     5.8563     6.1924     6.2336     5.9832     5.9840     5.9002     5.8761     5.8803     6.1001     6.2118     5.9844     5.9481     5.8682     5.8546     5.8642     6.1089     6.2237 
User CPU time              0.7497     0.7226     0.7325     0.7512     0.7240     0.7576     0.7804     0.7149     0.7287     0.7539     0.7177     0.7172     0.7410     0.6852     0.7209     0.7579     0.7030     0.7388     0.7492     0.7048     0.6787 
Sys. CPU time              0.0086     0.0083     0.0089     0.0090     0.0086     0.0103     0.0086     0.0179     0.0166     0.0173     0.0170     0.0169     0.0162     0.0158     0.0089     0.0093     0.0090     0.0097     0.0095     0.0082     0.0077 
Processors                     21         21         21         21         21         21         21         21         21         21         21         21         21         21         21         21         21         21         21         21         21 
           Communication          
Reduction                  0.3279     0.5383     0.4424     0.2435     0.5357     0.2494     0.5091     0.1772     0.2520     0.1790     0.3765     0.4141     0.2256     0.7580     0.4647     0.2894     0.4721     0.2795     0.2894     0.4249     1.0453 
Shadow                     0.2352     0.1776     0.1260     0.1280     0.0562     0.4082     0.0751     0.4134     0.2612     0.0635     0.1006     0.0766     0.3319     0.3202     0.2748     0.1428     0.2699     0.1822     0.1159     0.5707     0.2516 
           Synchronization        
Reduction                  3.3740     2.9629     3.9997     4.8201     4.9256     0.9900     0.1972     3.3696     2.9630     3.9998     4.8201     4.9256     0.9899     0.1973     3.3850     2.9632     4.0002     4.8348     4.9378     1.0014     0.1975 
Shadow                     7.1909     6.5010     8.3713    10.0495    10.2825     2.5146     1.0708     7.0784     6.2874     8.2169     9.9023    10.2075     2.2852     1.2486     7.0986     6.2193     8.4844    10.0145    10.2831     2.6586     1.4563 
           Variation              
Reduction                  3.3740     2.9629     3.9997     4.8201     4.9256     0.9900     0.1972     3.3695     2.9630     3.9997     4.8201     4.9256     0.9899     0.1972     3.3850     2.9632     4.0002     4.8348     4.9378     1.0013     0.1975 
Shadow                     7.0418     6.3928     8.3103     9.9893    10.2972     2.1795     1.0858     6.6499     6.0120     8.1398     9.7897    10.1190     1.9600     0.9147     6.9029     6.1396     8.2759     9.9034    10.2157     2.1553     1.2776 
           Overlap                
Reduction                  0.0000     0.0000     0.0000     0.0000     0.0000     0.0000     0.0000     0.0000     0.0000     0.0000     0.0000     0.0000     0.0000     0.0000     0.0000     0.0000     0.0000     0.0000     0.0000     0.0000     0.0000 
Shadow                     0.0000     0.0000     0.0000     0.0000     0.0000     0.0000     0.0000     0.0000     0.0000     0.0000     0.0000     0.0000     0.0000     0.0000     0.0000     0.0000     0.0000     0.0000     0.0000     0.0000     0.0000 


-------------------------------------------------------------------------
Name (number) and performance time of processors
DVM(1) 2.460265
DVM(2) 1.030747
DVM(3) 1.037783
DVM(4) 1.053114
DVM(5) 1.053431
DVM(6) 1.030136
DVM(7) 1.030087
DVM(8) 1.030117
DVM(9) 1.030354
DVM(10) 1.030537
DVM(11) 1.031690
DVM(12) 1.030415
DVM(13) 1.052677
DVM(14) 1.030198
DVM(15) 1.031763
DVM(16) 1.030478
DVM(17) 1.030245
DVM(18) 1.030282
DVM(19) 1.030852
DVM(20) 1.031759
DVM(21) 2.469966
min - DVM(7) 1.030087; max - DVM(21) 2.469966; mid - 1.170804
