Processor system=9*2*1
Statistics has been accumulated on DVM-system version 5.0, platform DVM
Analyzer is executing on DVM-system version 5.0, platform DVM
-------------------------------------------------------------------------
INTERVAL ( NLINE=12 SOURCE=rb.c ) LEVEL=0  EXE_COUNT=2
--- The main characteristics --- 
Parallelization efficiency      0.9518 
Execution time                  0.8898 
Processors                          18
Threads amount                      18
Total time                     16.0156
Productive time                15.2436 ( CPU= 15.2257 Sys= 0.0179 I/O= 0.0000 )
Lost  time                      0.7720 
   Insufficient parallelism     0.3960 ( User= 0.0913 Sys= 0.3047 )
   Communication                0.3158 ( Real_sync= 0.0000 Starts= 0.0000 )
   Idle time                    0.0601
Load imbalance                  0.2805
Synchronization                 0.1594
Time variation                  0.0426
Overlap                         0.0001
                  Nop   Communic    Synchro  Variation    Overlap 
Reduction          10     0.1499     0.0003     0.0003     0.0000 
Shadow             20     0.1659     0.1590     0.0423     0.0000 
--- The comparative characteristics --- 
                              Tmin N proc      Tmax N proc      Tmid
Lost time                   0.0273    13     0.1530    17     0.0429 
User insufficient par.      0.0031     8     0.0067     1     0.0051 
Sys.insufficient par.       0.0103    18     0.0180    16     0.0169 
Idle time                   0.0000     1     0.0160    18     0.0033 
Communication               0.0032    13     0.1203    17     0.0175 
Synchronization             0.0017    13     0.0610    17     0.0089 
Variation                   0.0016    13     0.0044    18     0.0024 
Overlap                     0.0000     1     0.0000    18     0.0000 
Load imbalance              0.0000    13     0.1257    17     0.0156 
Execution time              0.8737    18     0.8898     1     0.8864 
User CPU time               0.7361    17     0.8614    13     0.8459 
Sys. CPU time               0.0006    18     0.0011    16     0.0010 
Processors                      18     1         18    18         18 
                      Communic          Synchro        Variation          Overlap  
Reduction       Tmin    0.0005    13     0.0000    18     0.0000    18     0.0000     1 
Reduction       Tmax    0.0607    17     0.0000     1     0.0000    16     0.0000    18 
Reduction       Tmid    0.0083           0.0000           0.0000           0.0000       
Shadow          Tmin    0.0023     1     0.0017    13     0.0015    13     0.0000     1 
Shadow          Tmax    0.0596    17     0.0610    17     0.0044    18     0.0000    13 
Shadow          Tmid    0.0092           0.0088           0.0024           0.0000       
--- The execution characteristics --- 
                                1          2          3          4          5          6          7          8          9         10         11         12         13         14         15         16         17         18 
Lost time                  0.0293     0.0277     0.0285     0.0290     0.0299     0.0289     0.0289     0.0303     0.0298     0.0293     0.0286     0.0285     0.0273     0.0277     0.0337     0.0349     0.1530     0.1467 
User insufficient par.     0.0067     0.0043     0.0061     0.0041     0.0057     0.0056     0.0037     0.0031     0.0050     0.0033     0.0048     0.0054     0.0058     0.0060     0.0056     0.0051     0.0062     0.0048 
Sys.insufficient par.      0.0178     0.0174     0.0178     0.0178     0.0178     0.0178     0.0176     0.0176     0.0176     0.0173     0.0177     0.0176     0.0179     0.0176     0.0180     0.0180     0.0108     0.0103 
Idle time                  0.0000     0.0019     0.0000     0.0027     0.0008     0.0008     0.0031     0.0042     0.0015     0.0039     0.0016     0.0012     0.0004     0.0004     0.0023     0.0035     0.0157     0.0160 
Communication              0.0049     0.0040     0.0046     0.0044     0.0056     0.0047     0.0045     0.0054     0.0056     0.0047     0.0045     0.0043     0.0032     0.0037     0.0077     0.0082     0.1203     0.1156 
Synchronization            0.0032     0.0032     0.0020     0.0019     0.0028     0.0025     0.0022     0.0020     0.0025     0.0024     0.0023     0.0023     0.0017     0.0021     0.0027     0.0028     0.0610     0.0599 
Variation                  0.0031     0.0031     0.0020     0.0018     0.0020     0.0020     0.0020     0.0019     0.0021     0.0020     0.0020     0.0022     0.0016     0.0019     0.0019     0.0023     0.0043     0.0044 
Overlap                    0.0000     0.0000     0.0000     0.0000     0.0000     0.0000     0.0000     0.0000     0.0000     0.0000     0.0000     0.0000     0.0000     0.0000     0.0000     0.0000     0.0000     0.0000 
Load imbalance             0.0020     0.0004     0.0012     0.0017     0.0026     0.0016     0.0016     0.0030     0.0025     0.0019     0.0013     0.0012     0.0000     0.0004     0.0064     0.0075     0.1257     0.1194 
Execution time             0.8898     0.8878     0.8898     0.8870     0.8890     0.8890     0.8866     0.8855     0.8882     0.8859     0.8882     0.8886     0.8894     0.8894     0.8874     0.8863     0.8741     0.8737 
User CPU time              0.8594     0.8610     0.8602     0.8597     0.8588     0.8598     0.8598     0.8584     0.8590     0.8595     0.8601     0.8602     0.8614     0.8610     0.8550     0.8538     0.7361     0.7424 
Sys. CPU time              0.0010     0.0010     0.0010     0.0010     0.0010     0.0010     0.0010     0.0010     0.0010     0.0010     0.0010     0.0010     0.0011     0.0010     0.0011     0.0011     0.0006     0.0006 
Processors                     18         18         18         18         18         18         18         18         18         18         18         18         18         18         18         18         18         18 
           Communication          
Reduction                  0.0025     0.0016     0.0017     0.0014     0.0020     0.0014     0.0015     0.0025     0.0024     0.0016     0.0013     0.0015     0.0005     0.0008     0.0041     0.0048     0.0607     0.0573 
Shadow                     0.0023     0.0024     0.0028     0.0029     0.0036     0.0033     0.0030     0.0028     0.0032     0.0031     0.0032     0.0028     0.0027     0.0028     0.0036     0.0034     0.0596     0.0583 
           Synchronization        
Reduction                  0.0000     0.0000     0.0000     0.0000     0.0000     0.0000     0.0000     0.0000     0.0000     0.0000     0.0000     0.0000     0.0000     0.0000     0.0000     0.0000     0.0000     0.0000 
Shadow                     0.0032     0.0031     0.0020     0.0019     0.0028     0.0024     0.0022     0.0020     0.0025     0.0024     0.0023     0.0023     0.0017     0.0021     0.0027     0.0028     0.0610     0.0599 
           Variation              
Reduction                  0.0000     0.0000     0.0000     0.0000     0.0000     0.0000     0.0000     0.0000     0.0000     0.0000     0.0000     0.0000     0.0000     0.0000     0.0000     0.0000     0.0000     0.0000 
Shadow                     0.0030     0.0031     0.0020     0.0018     0.0020     0.0020     0.0020     0.0019     0.0021     0.0020     0.0019     0.0022     0.0015     0.0019     0.0019     0.0023     0.0043     0.0044 
           Overlap                
Reduction                  0.0000     0.0000     0.0000     0.0000     0.0000     0.0000     0.0000     0.0000     0.0000     0.0000     0.0000     0.0000     0.0000     0.0000     0.0000     0.0000     0.0000     0.0000 
Shadow                     0.0000     0.0000     0.0000     0.0000     0.0000     0.0000     0.0000     0.0000     0.0000     0.0000     0.0000     0.0000     0.0000     0.0000     0.0000     0.0000     0.0000     0.0000 


-------------------------------------------------------------------------
Name (number) and performance time of processors
DVM(1) 1.030147
DVM(2) 1.030029
DVM(3) 1.030658
DVM(4) 1.030881
DVM(5) 1.030580
DVM(6) 1.030520
DVM(7) 1.030853
DVM(8) 1.030829
DVM(9) 1.031408
DVM(10) 1.031377
DVM(11) 1.031020
DVM(12) 1.030974
DVM(13) 1.030476
DVM(14) 1.030484
DVM(15) 1.030399
DVM(16) 1.030317
DVM(17) 1.030508
DVM(18) 1.030435
min - DVM(2) 1.030029; max - DVM(9) 1.031408; mid - 1.030661
