Processor system=1*9*2
Statistics has been accumulated on DVM-system version 5.0, platform DVM
Analyzer is executing on DVM-system version 5.0, platform DVM
-------------------------------------------------------------------------
INTERVAL ( NLINE=12 SOURCE=rb.c ) LEVEL=0  EXE_COUNT=2
--- The main characteristics --- 
Parallelization efficiency      0.4689 
Execution time                  1.7774 
Processors                          18
Threads amount                      18
Total time                     31.9938
Productive time                15.0022 ( CPU= 14.9327 Sys= 0.0695 I/O= 0.0000 )
Lost  time                     16.9915 
   Insufficient parallelism    16.2207 ( User= 15.0393 Sys= 1.1814 )
   Communication                0.6660 ( Real_sync= 0.0000 Starts= 0.0000 )
   Idle time                    0.1048
Load imbalance                  0.3339
Synchronization                 0.3787
Time variation                  0.1827
Overlap                         0.0000
                  Nop   Communic    Synchro  Variation    Overlap 
Reduction          10     0.3574     0.0163     0.0164     0.0000 
Shadow             20     0.3086     0.3624     0.1663     0.0000 
--- The comparative characteristics --- 
                              Tmin N proc      Tmax N proc      Tmid
Lost time                   0.9254    13     1.0631    17     0.9440 
User insufficient par.      0.7195    17     0.8540    14     0.8355 
Sys.insufficient par.       0.0508    18     0.0715    15     0.0656 
Idle time                   0.0000     8     0.0267    18     0.0058 
Communication               0.0037    13     0.2660    17     0.0370 
Synchronization             0.0018     4     0.1403    17     0.0210 
Variation                   0.0033    12     0.0263     1     0.0101 
Overlap                     0.0000     1     0.0000     4     0.0000 
Load imbalance              0.0000    13     0.1377    17     0.0185 
Execution time              1.7507    18     1.7774     8     1.7716 
User CPU time               0.7113    17     0.8481    13     0.8296 
Sys. CPU time               0.0030    18     0.0042    15     0.0039 
Processors                      18     1         18    18         18 
                      Communic          Synchro        Variation          Overlap  
Reduction       Tmin    0.0012    14     0.0000     2     0.0000     2     0.0000     1 
Reduction       Tmax    0.1326    17     0.0018     3     0.0018    13     0.0000    18 
Reduction       Tmid    0.0199           0.0009           0.0009           0.0000       
Shadow          Tmin    0.0017     3     0.0017     4     0.0032    12     0.0000     1 
Shadow          Tmax    0.1334    17     0.1386    17     0.0245     1     0.0000     4 
Shadow          Tmid    0.0171           0.0201           0.0092           0.0000       
--- The execution characteristics --- 
                                1          2          3          4          5          6          7          8          9         10         11         12         13         14         15         16         17         18 
Lost time                  0.9392     0.9398     0.9278     0.9264     0.9280     0.9288     0.9279     0.9278     0.9285     0.9294     0.9268     0.9281     0.9254     0.9257     0.9332     0.9328     1.0631     1.0528 
User insufficient par.     0.8404     0.8387     0.8505     0.8524     0.8518     0.8511     0.8496     0.8528     0.8525     0.8510     0.8518     0.8510     0.8526     0.8540     0.8455     0.8459     0.7195     0.7281 
Sys.insufficient par.      0.0615     0.0596     0.0675     0.0669     0.0680     0.0684     0.0678     0.0678     0.0692     0.0702     0.0675     0.0700     0.0665     0.0668     0.0715     0.0705     0.0509     0.0508 
Idle time                  0.0123     0.0127     0.0030     0.0019     0.0011     0.0012     0.0038     0.0000     0.0003     0.0004     0.0023     0.0015     0.0027     0.0008     0.0038     0.0038     0.0267     0.0267 
Communication              0.0251     0.0288     0.0067     0.0051     0.0071     0.0081     0.0066     0.0072     0.0065     0.0078     0.0053     0.0056     0.0037     0.0041     0.0125     0.0126     0.2660     0.2472 
Synchronization            0.0243     0.0213     0.0071     0.0018     0.0071     0.0031     0.0076     0.0025     0.0065     0.0025     0.0072     0.0019     0.0069     0.0026     0.0086     0.0042     0.1403     0.1232 
Variation                  0.0263     0.0225     0.0114     0.0059     0.0101     0.0054     0.0109     0.0058     0.0092     0.0034     0.0098     0.0033     0.0102     0.0046     0.0094     0.0046     0.0175     0.0124 
Overlap                    0.0000     0.0000     0.0000     0.0000     0.0000     0.0000     0.0000     0.0000     0.0000     0.0000     0.0000     0.0000     0.0000     0.0000     0.0000     0.0000     0.0000     0.0000 
Load imbalance             0.0138     0.0144     0.0023     0.0009     0.0026     0.0034     0.0025     0.0024     0.0030     0.0040     0.0014     0.0027     0.0000     0.0003     0.0078     0.0074     0.1377     0.1274 
Execution time             1.7652     1.7647     1.7744     1.7755     1.7763     1.7763     1.7737     1.7774     1.7771     1.7770     1.7752     1.7759     1.7748     1.7767     1.7737     1.7736     1.7508     1.7507 
User CPU time              0.8346     0.8341     0.8457     0.8471     0.8455     0.8446     0.8456     0.8456     0.8449     0.8439     0.8467     0.8452     0.8481     0.8478     0.8400     0.8405     0.7113     0.7216 
Sys. CPU time              0.0036     0.0035     0.0040     0.0039     0.0040     0.0040     0.0040     0.0040     0.0041     0.0041     0.0040     0.0041     0.0039     0.0039     0.0042     0.0041     0.0030     0.0030 
Processors                     18         18         18         18         18         18         18         18         18         18         18         18         18         18         18         18         18         18 
           Communication          
Reduction                  0.0173     0.0194     0.0049     0.0029     0.0046     0.0050     0.0041     0.0049     0.0042     0.0049     0.0025     0.0038     0.0013     0.0012     0.0082     0.0084     0.1326     0.1269 
Shadow                     0.0078     0.0094     0.0017     0.0022     0.0025     0.0031     0.0025     0.0023     0.0023     0.0028     0.0028     0.0018     0.0024     0.0028     0.0043     0.0042     0.1334     0.1203 
           Synchronization        
Reduction                  0.0018     0.0000     0.0018     0.0001     0.0018     0.0001     0.0018     0.0001     0.0018     0.0001     0.0018     0.0001     0.0018     0.0001     0.0018     0.0001     0.0017     0.0000 
Shadow                     0.0225     0.0213     0.0054     0.0017     0.0053     0.0031     0.0058     0.0024     0.0048     0.0024     0.0054     0.0018     0.0052     0.0025     0.0068     0.0041     0.1386     0.1232 
           Variation              
Reduction                  0.0018     0.0000     0.0018     0.0001     0.0018     0.0001     0.0018     0.0001     0.0018     0.0001     0.0018     0.0001     0.0018     0.0001     0.0018     0.0001     0.0017     0.0000 
Shadow                     0.0245     0.0225     0.0097     0.0058     0.0083     0.0053     0.0092     0.0057     0.0074     0.0033     0.0081     0.0032     0.0084     0.0046     0.0076     0.0045     0.0157     0.0124 
           Overlap                
Reduction                  0.0000     0.0000     0.0000     0.0000     0.0000     0.0000     0.0000     0.0000     0.0000     0.0000     0.0000     0.0000     0.0000     0.0000     0.0000     0.0000     0.0000     0.0000 
Shadow                     0.0000     0.0000     0.0000     0.0000     0.0000     0.0000     0.0000     0.0000     0.0000     0.0000     0.0000     0.0000     0.0000     0.0000     0.0000     0.0000     0.0000     0.0000 


-------------------------------------------------------------------------
Name (number) and performance time of processors
DVM(1) 1.030232
DVM(2) 1.030108
DVM(3) 1.030680
DVM(4) 1.032395
DVM(5) 1.030514
DVM(6) 1.030512
DVM(7) 1.030227
DVM(8) 1.030228
DVM(9) 1.030231
DVM(10) 1.030179
DVM(11) 1.030597
DVM(12) 1.030601
DVM(13) 1.030654
DVM(14) 1.030577
DVM(15) 1.030556
DVM(16) 1.031799
DVM(17) 1.030850
DVM(18) 1.030868
min - DVM(2) 1.030108; max - DVM(4) 1.032395; mid - 1.030656
