Processor system=2*8*1
Statistics has been accumulated on DVM-system version 5.0, platform DVM
Analyzer is executing on DVM-system version 5.0, platform DVM
-------------------------------------------------------------------------
INTERVAL ( NLINE=12 SOURCE=rb.c ) LEVEL=0  EXE_COUNT=1
--- The main characteristics --- 
Parallelization efficiency      0.9212 
Execution time                  0.9019 
Processors                          16
Threads amount                      16
Total time                     14.4304
Productive time                13.2930 ( CPU= 13.2584 Sys= 0.0345 I/O= 0.0000 )
Lost  time                      1.1374 
   Insufficient parallelism     0.6102 ( User= 0.0921 Sys= 0.5182 )
   Communication                0.4555 ( Real_sync= 0.0000 Starts= 0.0000 )
   Idle time                    0.0716
Load imbalance                  0.4794
Synchronization                 0.2592
Time variation                  0.1024
Overlap                         0.0001
                  Nop   Communic    Synchro  Variation    Overlap 
Reduction          10     0.2625     0.0004     0.0006     0.0000 
Shadow             20     0.1931     0.2588     0.1018     0.0000 
--- The comparative characteristics --- 
                              Tmin N proc      Tmax N proc      Tmid
Lost time                   0.0411     4     0.1594    16     0.0711 
User insufficient par.      0.0044     9     0.0071    16     0.0058 
Sys.insufficient par.       0.0242     8     0.0426    14     0.0324 
Idle time                   0.0000     4     0.0115    15     0.0045 
Communication               0.0023     4     0.1085    16     0.0285 
Synchronization             0.0005     7     0.0593    16     0.0162 
Variation                   0.0007     7     0.0154    16     0.0064 
Overlap                     0.0000     1     0.0000     7     0.0000 
Load imbalance              0.0000     4     0.1183    16     0.0300 
Execution time              0.8904    15     0.9019     4     0.8974 
User CPU time               0.7403    16     0.8586     4     0.8287 
Sys. CPU time               0.0016     8     0.0028    14     0.0022 
Processors                      16     1         16    16         16 
                      Communic          Synchro        Variation          Overlap  
Reduction       Tmin    0.0004     4     0.0000    15     0.0000    15     0.0000     1 
Reduction       Tmax    0.0663    16     0.0000    10     0.0000    12     0.0000    16 
Reduction       Tmid    0.0164           0.0000           0.0000           0.0000       
Shadow          Tmin    0.0018     2     0.0004     7     0.0007     7     0.0000     1 
Shadow          Tmax    0.0422    16     0.0593    16     0.0154    16     0.0000     7 
Shadow          Tmid    0.0121           0.0162           0.0064           0.0000       
--- The execution characteristics --- 
                                1          2          3          4          5          6          7          8          9         10         11         12         13         14         15         16 
Lost time                  0.0479     0.0428     0.0431     0.0411     0.0447     0.0436     0.0464     0.0450     0.0492     0.0446     0.0446     0.0441     0.1446     0.1561     0.1400     0.1594 
User insufficient par.     0.0046     0.0061     0.0048     0.0067     0.0067     0.0066     0.0049     0.0052     0.0044     0.0062     0.0049     0.0053     0.0063     0.0068     0.0054     0.0071 
Sys.insufficient par.      0.0254     0.0327     0.0315     0.0321     0.0319     0.0321     0.0353     0.0242     0.0260     0.0323     0.0316     0.0316     0.0379     0.0426     0.0385     0.0324 
Idle time                  0.0060     0.0008     0.0023     0.0000     0.0004     0.0004     0.0023     0.0015     0.0064     0.0012     0.0023     0.0023     0.0114     0.0114     0.0115     0.0115 
Communication              0.0118     0.0033     0.0045     0.0023     0.0058     0.0045     0.0039     0.0141     0.0124     0.0050     0.0058     0.0049     0.0890     0.0952     0.0846     0.1085 
Synchronization            0.0126     0.0028     0.0038     0.0022     0.0045     0.0041     0.0005     0.0111     0.0126     0.0038     0.0051     0.0043     0.0436     0.0490     0.0401     0.0593 
Variation                  0.0135     0.0039     0.0039     0.0028     0.0032     0.0044     0.0007     0.0044     0.0142     0.0048     0.0046     0.0045     0.0046     0.0105     0.0070     0.0154 
Overlap                    0.0000     0.0000     0.0000     0.0000     0.0000     0.0000     0.0000     0.0000     0.0000     0.0000     0.0000     0.0000     0.0000     0.0000     0.0000     0.0000 
Load imbalance             0.0068     0.0016     0.0020     0.0000     0.0036     0.0025     0.0053     0.0039     0.0081     0.0035     0.0035     0.0030     0.1035     0.1150     0.0989     0.1183 
Execution time             0.8959     0.9011     0.8996     0.9019     0.9015     0.9015     0.8996     0.9004     0.8955     0.9007     0.8996     0.8996     0.8905     0.8905     0.8904     0.8904 
User CPU time              0.8523     0.8570     0.8567     0.8586     0.8550     0.8561     0.8531     0.8553     0.8510     0.8552     0.8551     0.8557     0.7548     0.7430     0.7593     0.7403 
Sys. CPU time              0.0017     0.0022     0.0021     0.0021     0.0021     0.0021     0.0024     0.0016     0.0017     0.0022     0.0021     0.0021     0.0025     0.0028     0.0026     0.0022 
Processors                     16         16         16         16         16         16         16         16         16         16         16         16         16         16         16         16 
           Communication          
Reduction                  0.0078     0.0015     0.0022     0.0004     0.0021     0.0026     0.0019     0.0031     0.0090     0.0031     0.0033     0.0028     0.0479     0.0582     0.0501     0.0663 
Shadow                     0.0041     0.0018     0.0023     0.0018     0.0037     0.0018     0.0020     0.0110     0.0034     0.0019     0.0024     0.0021     0.0411     0.0371     0.0345     0.0422 
           Synchronization        
Reduction                  0.0000     0.0000     0.0000     0.0000     0.0000     0.0000     0.0000     0.0000     0.0000     0.0000     0.0000     0.0000     0.0000     0.0000     0.0000     0.0000 
Shadow                     0.0125     0.0028     0.0037     0.0022     0.0045     0.0040     0.0004     0.0110     0.0125     0.0038     0.0050     0.0042     0.0435     0.0490     0.0401     0.0593 
           Variation              
Reduction                  0.0000     0.0000     0.0000     0.0000     0.0000     0.0000     0.0000     0.0000     0.0000     0.0000     0.0000     0.0000     0.0000     0.0000     0.0000     0.0000 
Shadow                     0.0134     0.0039     0.0038     0.0027     0.0031     0.0044     0.0007     0.0044     0.0141     0.0048     0.0046     0.0045     0.0045     0.0105     0.0070     0.0154 
           Overlap                
Reduction                  0.0000     0.0000     0.0000     0.0000     0.0000     0.0000     0.0000     0.0000     0.0000     0.0000     0.0000     0.0000     0.0000     0.0000     0.0000     0.0000 
Shadow                     0.0000     0.0000     0.0000     0.0000     0.0000     0.0000     0.0000     0.0000     0.0000     0.0000     0.0000     0.0000     0.0000     0.0000     0.0000     0.0000 


-------------------------------------------------------------------------
Name (number) and performance time of processors
DVM(1) 1.030545
DVM(2) 1.030425
DVM(3) 1.030786
DVM(4) 1.031117
DVM(5) 1.030622
DVM(6) 1.030492
DVM(7) 1.030677
DVM(8) 1.030746
DVM(9) 1.030456
DVM(10) 1.030446
DVM(11) 1.030274
DVM(12) 1.030288
DVM(13) 1.030397
DVM(14) 1.030417
DVM(15) 1.030797
DVM(16) 1.030711
min - DVM(11) 1.030274; max - DVM(4) 1.031117; mid - 1.030575
