Processor system=5*1*4
Statistics has been accumulated on DVM-system version 5.0, platform DVM
Analyzer is executing on DVM-system version 5.0, platform DVM
-------------------------------------------------------------------------
INTERVAL ( NLINE=12 SOURCE=rb.c ) LEVEL=0  EXE_COUNT=2
--- The main characteristics --- 
Parallelization efficiency      0.2428 
Execution time                  3.4967 
Processors                          20
Threads amount                      20
Total time                     69.9335
Productive time                16.9814 ( CPU= 16.9561 Sys= 0.0252 I/O= 0.0000 )
Lost  time                     52.9522 
   Insufficient parallelism    51.5413 ( User= 51.0616 Sys= 0.4797 )
   Communication                0.9682 ( Real_sync= 0.0000 Starts= 0.0000 )
   Idle time                    0.4426
Load imbalance                  0.2625
Synchronization                 3.8235
Time variation                  3.5468
Overlap                         0.0001
                  Nop   Communic    Synchro  Variation    Overlap 
Reduction          10     0.5985     1.1315     1.1314     0.0001 
Shadow             21     0.3698     2.6921     2.4153     0.0001 
--- The comparative characteristics --- 
                              Tmin N proc      Tmax N proc      Tmid
Lost time                   2.6345    17     2.6663    18     2.6476 
User insufficient par.      2.5013     8     2.5860     7     2.5531 
Sys.insufficient par.       0.0193     3     0.0413    13     0.0240 
Idle time                   0.0000    11     0.0333    10     0.0221 
Communication               0.0056    17     0.1191    19     0.0484 
Synchronization             0.0077     7     0.4743    18     0.1912 
Variation                   0.0069    11     0.4324     2     0.1773 
Overlap                     0.0000     1     0.0000     7     0.0000 
Load imbalance              0.0000    17     0.0318    18     0.0131 
Execution time              3.4633    10     3.4967    11     3.4745 
User CPU time               0.8293    18     0.8604    17     0.8478 
Sys. CPU time               0.0010     3     0.0022    13     0.0013 
Processors                      20     1         20    20         20 
                      Communic          Synchro        Variation          Overlap  
Reduction       Tmin    0.0012     7     0.0027     3     0.0027     3     0.0000     1 
Reduction       Tmax    0.0873    19     0.1428    14     0.1428    14     0.0000     3 
Reduction       Tmid    0.0299           0.0566           0.0566           0.0000       
Shadow          Tmin    0.0034     1     0.0049     7     0.0040    11     0.0000     1 
Shadow          Tmax    0.0484    18     0.3315    18     0.2900     2     0.0000     7 
Shadow          Tmid    0.0185           0.1346           0.1208           0.0000       
--- The execution characteristics --- 
                                1          2          3          4          5          6          7          8          9         10         11         12         13         14         15         16         17         18         19         20 
Lost time                  2.6401     2.6437     2.6466     2.6435     2.6453     2.6401     2.6353     2.6635     2.6610     2.6606     2.6437     2.6398     2.6398     2.6420     2.6477     2.6386     2.6345     2.6663     2.6628     2.6573 
User insufficient par.     2.5756     2.5716     2.5523     2.5598     2.5571     2.5803     2.5860     2.5013     2.5125     2.5236     2.5701     2.5703     2.5682     2.5754     2.5580     2.5738     2.5856     2.5096     2.5119     2.5185 
Sys.insufficient par.      0.0204     0.0196     0.0193     0.0208     0.0228     0.0199     0.0197     0.0212     0.0247     0.0209     0.0295     0.0220     0.0413     0.0201     0.0297     0.0210     0.0346     0.0206     0.0310     0.0206 
Idle time                  0.0240     0.0330     0.0229     0.0272     0.0232     0.0328     0.0225     0.0325     0.0240     0.0333     0.0000     0.0275     0.0042     0.0329     0.0004     0.0279     0.0087     0.0327     0.0008     0.0320 
Communication              0.0202     0.0195     0.0522     0.0357     0.0422     0.0071     0.0071     0.1085     0.0997     0.0828     0.0441     0.0199     0.0260     0.0136     0.0597     0.0159     0.0056     0.1034     0.1191     0.0861 
Synchronization            0.1412     0.4376     0.0335     0.1286     0.1510     0.4288     0.0077     0.1528     0.1794     0.4622     0.0293     0.1235     0.1460     0.4287     0.0352     0.1166     0.1364     0.4743     0.0641     0.1467 
Variation                  0.1425     0.4324     0.0119     0.1298     0.1412     0.4293     0.0077     0.1253     0.1473     0.4268     0.0069     0.1182     0.1353     0.4279     0.0298     0.1157     0.1357     0.4298     0.0359     0.1174 
Overlap                    0.0000     0.0000     0.0000     0.0000     0.0000     0.0000     0.0000     0.0000     0.0000     0.0000     0.0000     0.0000     0.0000     0.0000     0.0000     0.0000     0.0000     0.0000     0.0000     0.0000 
Load imbalance             0.0056     0.0092     0.0122     0.0090     0.0108     0.0056     0.0008     0.0291     0.0265     0.0261     0.0092     0.0054     0.0053     0.0075     0.0132     0.0041     0.0000     0.0318     0.0283     0.0228 
Execution time             3.4727     3.4636     3.4738     3.4695     3.4734     3.4639     3.4742     3.4641     3.4727     3.4633     3.4967     3.4691     3.4925     3.4637     3.4963     3.4687     3.4880     3.4640     3.4959     3.4646 
User CPU time              0.8555     0.8519     0.8490     0.8521     0.8502     0.8555     0.8603     0.8320     0.8344     0.8350     0.8514     0.8557     0.8547     0.8537     0.8474     0.8570     0.8604     0.8293     0.8323     0.8383 
Sys. CPU time              0.0011     0.0010     0.0010     0.0011     0.0012     0.0010     0.0010     0.0011     0.0013     0.0011     0.0016     0.0012     0.0022     0.0011     0.0016     0.0011     0.0018     0.0011     0.0016     0.0011 
Processors                     20         20         20         20         20         20         20         20         20         20         20         20         20         20         20         20         20         20         20         20 
           Communication          
Reduction                  0.0168     0.0099     0.0266     0.0319     0.0271     0.0024     0.0012     0.0764     0.0626     0.0420     0.0174     0.0093     0.0110     0.0075     0.0494     0.0100     0.0012     0.0550     0.0873     0.0537 
Shadow                     0.0034     0.0096     0.0256     0.0038     0.0151     0.0047     0.0060     0.0321     0.0371     0.0408     0.0267     0.0106     0.0150     0.0060     0.0103     0.0059     0.0044     0.0484     0.0319     0.0324 
           Synchronization        
Reduction                  0.0442     0.1424     0.0027     0.0364     0.0442     0.1424     0.0028     0.0368     0.0442     0.1428     0.0029     0.0369     0.0443     0.1428     0.0028     0.0365     0.0442     0.1428     0.0028     0.0368 
Shadow                     0.0970     0.2952     0.0308     0.0922     0.1068     0.2865     0.0049     0.1161     0.1352     0.3194     0.0264     0.0866     0.1017     0.2859     0.0323     0.0802     0.0922     0.3315     0.0613     0.1099 
           Variation              
Reduction                  0.0442     0.1424     0.0027     0.0364     0.0442     0.1424     0.0028     0.0368     0.0442     0.1428     0.0029     0.0368     0.0442     0.1428     0.0028     0.0365     0.0442     0.1428     0.0028     0.0368 
Shadow                     0.0983     0.2900     0.0092     0.0934     0.0970     0.2869     0.0049     0.0885     0.1031     0.2840     0.0040     0.0813     0.0910     0.2851     0.0270     0.0793     0.0915     0.2871     0.0330     0.0806 
           Overlap                
Reduction                  0.0000     0.0000     0.0000     0.0000     0.0000     0.0000     0.0000     0.0000     0.0000     0.0000     0.0000     0.0000     0.0000     0.0000     0.0000     0.0000     0.0000     0.0000     0.0000     0.0000 
Shadow                     0.0000     0.0000     0.0000     0.0000     0.0000     0.0000     0.0000     0.0000     0.0000     0.0000     0.0000     0.0000     0.0000     0.0000     0.0000     0.0000     0.0000     0.0000     0.0000     0.0000 


-------------------------------------------------------------------------
Name (number) and performance time of processors
DVM(1) 1.030108
DVM(2) 1.029828
DVM(3) 1.030344
DVM(4) 1.034501
DVM(5) 1.030331
DVM(6) 1.030319
DVM(7) 1.030516
DVM(8) 1.030506
DVM(9) 1.030246
DVM(10) 1.030176
DVM(11) 1.030434
DVM(12) 1.030626
DVM(13) 1.030096
DVM(14) 1.030261
DVM(15) 1.030529
DVM(16) 1.030649
DVM(17) 1.031223
DVM(18) 1.033116
DVM(19) 1.030654
DVM(20) 1.032182
min - DVM(2) 1.029828; max - DVM(4) 1.034501; mid - 1.030832
