Processor system=7*2*1
Statistics has been accumulated on DVM-system version 5.0, platform DVM
Analyzer is executing on DVM-system version 5.0, platform DVM
-------------------------------------------------------------------------
INTERVAL ( NLINE=12 SOURCE=rb.c ) LEVEL=0  EXE_COUNT=1
--- The main characteristics --- 
Parallelization efficiency      0.9201 
Execution time                  0.8653 
Processors                          14
Threads amount                      14
Total time                     12.1144
Productive time                11.1467 ( CPU= 11.1302 Sys= 0.0165 I/O= 0.0000 )
Lost  time                      0.9677 
   Insufficient parallelism     0.2767 ( User= 0.0617 Sys= 0.2150 )
   Communication                0.6531 ( Real_sync= 0.0000 Starts= 0.0000 )
   Idle time                    0.0378
Load imbalance                  0.6003
Synchronization                 0.4203
Time variation                  0.2938
Overlap                         0.0001
                  Nop   Communic    Synchro  Variation    Overlap 
Reduction          10     0.4855     0.0005     0.0005     0.0000 
Shadow             20     0.1676     0.4198     0.2933     0.0000 
--- The comparative characteristics --- 
                              Tmin N proc      Tmax N proc      Tmid
Lost time                   0.0262     4     0.1265    13     0.0691 
User insufficient par.      0.0029     5     0.0058    10     0.0044 
Sys.insufficient par.       0.0113    14     0.0186     4     0.0154 
Idle time                   0.0000     3     0.0050    12     0.0027 
Communication               0.0035     4     0.1043    11     0.0467 
Synchronization             0.0013     4     0.0673    13     0.0300 
Variation                   0.0011     6     0.0671    13     0.0210 
Overlap                     0.0000     1     0.0000     4     0.0000 
Load imbalance              0.0000     4     0.1002    13     0.0429 
Execution time              0.8603    12     0.8653     3     0.8626 
User CPU time               0.7379    13     0.8376     4     0.7950 
Sys. CPU time               0.0009    14     0.0014     4     0.0012 
Processors                      14     1         14    14         14 
                      Communic          Synchro        Variation          Overlap  
Reduction       Tmin    0.0009     4     0.0000    14     0.0000    11     0.0000     1 
Reduction       Tmax    0.1006    13     0.0001     8     0.0001     7     0.0000    14 
Reduction       Tmid    0.0347           0.0000           0.0000           0.0000       
Shadow          Tmin    0.0018    14     0.0013     4     0.0011     6     0.0000     1 
Shadow          Tmax    0.0633     9     0.0673    13     0.0671    13     0.0000     4 
Shadow          Tmid    0.0120           0.0300           0.0209           0.0000       
--- The execution characteristics --- 
                                1          2          3          4          5          6          7          8          9         10         11         12         13         14 
Lost time                  0.0269     0.0281     0.0273     0.0262     0.0284     0.0280     0.0273     0.0277     0.1249     0.1247     0.1264     0.1264     0.1265     0.1189 
User insufficient par.     0.0050     0.0041     0.0043     0.0037     0.0029     0.0034     0.0029     0.0030     0.0051     0.0058     0.0053     0.0058     0.0058     0.0046 
Sys.insufficient par.      0.0175     0.0177     0.0177     0.0186     0.0176     0.0184     0.0178     0.0184     0.0123     0.0123     0.0118     0.0118     0.0118     0.0113 
Idle time                  0.0000     0.0008     0.0000     0.0005     0.0023     0.0012     0.0019     0.0016     0.0050     0.0043     0.0050     0.0050     0.0050     0.0050 
Communication              0.0043     0.0055     0.0053     0.0035     0.0056     0.0050     0.0046     0.0046     0.1025     0.1023     0.1043     0.1038     0.1038     0.0979 
Synchronization            0.0046     0.0048     0.0037     0.0013     0.0033     0.0024     0.0024     0.0025     0.0648     0.0639     0.0668     0.0667     0.0673     0.0658 
Variation                  0.0048     0.0035     0.0025     0.0014     0.0026     0.0011     0.0025     0.0021     0.0042     0.0043     0.0662     0.0648     0.0671     0.0668 
Overlap                    0.0000     0.0000     0.0000     0.0000     0.0000     0.0000     0.0000     0.0000     0.0000     0.0000     0.0000     0.0000     0.0000     0.0000 
Load imbalance             0.0006     0.0019     0.0011     0.0000     0.0022     0.0017     0.0010     0.0014     0.0987     0.0985     0.1002     0.1002     0.1002     0.0926 
Execution time             0.8653     0.8645     0.8653     0.8649     0.8630     0.8641     0.8634     0.8637     0.8603     0.8610     0.8603     0.8603     0.8603     0.8603 
User CPU time              0.8371     0.8358     0.8366     0.8376     0.8356     0.8359     0.8367     0.8362     0.7395     0.7397     0.7380     0.7380     0.7379     0.7456 
Sys. CPU time              0.0013     0.0014     0.0014     0.0014     0.0014     0.0014     0.0014     0.0014     0.0009     0.0009     0.0009     0.0009     0.0009     0.0009 
Processors                     14         14         14         14         14         14         14         14         14         14         14         14         14         14 
           Communication          
Reduction                  0.0017     0.0019     0.0011     0.0009     0.0017     0.0009     0.0016     0.0013     0.0393     0.0398     0.1004     0.0982     0.1006     0.0961 
Shadow                     0.0026     0.0036     0.0042     0.0026     0.0039     0.0041     0.0030     0.0033     0.0633     0.0625     0.0039     0.0055     0.0033     0.0018 
           Synchronization        
Reduction                  0.0000     0.0001     0.0000     0.0000     0.0001     0.0000     0.0001     0.0001     0.0000     0.0000     0.0000     0.0000     0.0000     0.0000 
Shadow                     0.0046     0.0048     0.0036     0.0013     0.0032     0.0023     0.0023     0.0024     0.0648     0.0638     0.0668     0.0667     0.0673     0.0657 
           Variation              
Reduction                  0.0000     0.0000     0.0000     0.0000     0.0000     0.0000     0.0001     0.0000     0.0000     0.0000     0.0000     0.0000     0.0000     0.0000 
Shadow                     0.0048     0.0035     0.0024     0.0013     0.0025     0.0011     0.0025     0.0020     0.0042     0.0043     0.0662     0.0648     0.0671     0.0667 
           Overlap                
Reduction                  0.0000     0.0000     0.0000     0.0000     0.0000     0.0000     0.0000     0.0000     0.0000     0.0000     0.0000     0.0000     0.0000     0.0000 
Shadow                     0.0000     0.0000     0.0000     0.0000     0.0000     0.0000     0.0000     0.0000     0.0000     0.0000     0.0000     0.0000     0.0000     0.0000 


-------------------------------------------------------------------------
Name (number) and performance time of processors
DVM(1) 1.031060
DVM(2) 1.030844
DVM(3) 1.030506
DVM(4) 1.031134
DVM(5) 1.030639
DVM(6) 1.030579
DVM(7) 1.030428
DVM(8) 1.030432
DVM(9) 1.030376
DVM(10) 1.030354
DVM(11) 1.030778
DVM(12) 1.030831
DVM(13) 1.030761
DVM(14) 1.030772
min - DVM(10) 1.030354; max - DVM(4) 1.031134; mid - 1.030678
