Processor system=2*1*7
Statistics has been accumulated on DVM-system version 5.0, platform DVM
Analyzer is executing on DVM-system version 5.0, platform DVM
-------------------------------------------------------------------------
INTERVAL ( NLINE=12 SOURCE=rb.c ) LEVEL=0  EXE_COUNT=1
--- The main characteristics --- 
Parallelization efficiency      0.1364 
Execution time                  6.0004 
Processors                          14
Threads amount                      14
Total time                     84.0054
Productive time                11.4596 ( CPU= 11.4255 Sys= 0.0341 I/O= 0.0000 )
Lost  time                     72.5458 
   Insufficient parallelism    69.0366 ( User= 68.5934 Sys= 0.4432 )
   Communication                3.2317 ( Real_sync= 0.0000 Starts= 0.0000 )
   Idle time                    0.2775
Load imbalance                  0.4880
Synchronization                 6.8578
Time variation                  5.2306
Overlap                         0.0001
                  Nop   Communic    Synchro  Variation    Overlap 
Reduction          10     1.5716     1.8008     1.8010     0.0001 
Shadow             20     1.6601     5.0571     3.4296     0.0001 
--- The comparative characteristics --- 
                              Tmin N proc      Tmax N proc      Tmid
Lost time                   5.1470     8     5.2282     9     5.1818 
User insufficient par.      4.6238     9     5.1068     8     4.8995 
Sys.insufficient par.       0.0247    11     0.0373     3     0.0317 
Idle time                   0.0000     8     0.0436    10     0.0198 
Communication               0.0043     8     0.5391    11     0.2308 
Synchronization             0.0002     8     0.7378    12     0.4898 
Variation                   0.0000     8     0.4654    12     0.3736 
Overlap                     0.0000     2     0.0001     8     0.0000 
Load imbalance              0.0000     8     0.0812     9     0.0349 
Execution time              5.9568    10     6.0004     8     5.9806 
User CPU time               0.7703     9     0.8506     8     0.8161 
Sys. CPU time               0.0019    11     0.0029     3     0.0024 
Processors                      14     1         14    14         14 
                      Communic          Synchro        Variation          Overlap  
Reduction       Tmin    0.0014     8     0.0000     1     0.0000     8     0.0000     2 
Reduction       Tmax    0.2641     9     0.1610     5     0.1610     5     0.0000     1 
Reduction       Tmid    0.1123           0.1286           0.1286           0.0000       
Shadow          Tmin    0.0024     5     0.0002     8     0.0000     8     0.0000     2 
Shadow          Tmax    0.2777    11     0.5769    12     0.3044    12     0.0000     8 
Shadow          Tmid    0.1186           0.3612           0.2450           0.0000       
--- The execution characteristics --- 
                                1          2          3          4          5          6          7          8          9         10         11         12         13         14 
Lost time                  5.1513     5.1479     5.1480     5.1477     5.1479     5.1477     5.1482     5.1470     5.2282     5.2273     5.2272     5.2281     5.2262     5.2232 
User insufficient par.     5.0814     5.0993     5.0989     5.1011     5.0996     5.1005     5.0987     5.1068     4.6238     4.6306     4.6372     4.6258     4.6359     4.6537 
Sys.insufficient par.      0.0361     0.0368     0.0373     0.0363     0.0371     0.0366     0.0352     0.0359     0.0252     0.0256     0.0247     0.0257     0.0254     0.0252 
Idle time                  0.0004     0.0064     0.0057     0.0045     0.0053     0.0050     0.0085     0.0000     0.0435     0.0436     0.0261     0.0436     0.0420     0.0429 
Communication              0.0335     0.0054     0.0060     0.0057     0.0059     0.0057     0.0057     0.0043     0.5356     0.5274     0.5391     0.5330     0.5229     0.5014 
Synchronization            0.0130     0.4223     0.4622     0.3932     0.4646     0.4459     0.4248     0.0002     0.6922     0.7347     0.6697     0.7378     0.7159     0.6812 
Variation                  0.0003     0.4224     0.4626     0.3936     0.4650     0.4463     0.4247     0.0000     0.4227     0.4628     0.3936     0.4654     0.4464     0.4248 
Overlap                    0.0001     0.0000     0.0000     0.0000     0.0000     0.0000     0.0000     0.0001     0.0000     0.0000     0.0000     0.0000     0.0000     0.0000 
Load imbalance             0.0043     0.0009     0.0010     0.0007     0.0009     0.0007     0.0012     0.0000     0.0812     0.0803     0.0802     0.0811     0.0792     0.0762 
Execution time             6.0000     5.9939     5.9947     5.9959     5.9951     5.9954     5.9918     6.0004     5.9568     5.9568     5.9743     5.9568     5.9584     5.9575 
User CPU time              0.8463     0.8496     0.8495     0.8499     0.8496     0.8498     0.8495     0.8506     0.7703     0.7712     0.7713     0.7703     0.7722     0.7753 
Sys. CPU time              0.0028     0.0028     0.0029     0.0028     0.0029     0.0028     0.0027     0.0028     0.0019     0.0020     0.0019     0.0020     0.0020     0.0019 
Processors                     14         14         14         14         14         14         14         14         14         14         14         14         14         14 
           Communication          
Reduction                  0.0180     0.0026     0.0036     0.0031     0.0036     0.0032     0.0030     0.0014     0.2641     0.2538     0.2615     0.2586     0.2518     0.2434 
Shadow                     0.0155     0.0029     0.0024     0.0026     0.0024     0.0025     0.0027     0.0029     0.2715     0.2737     0.2777     0.2744     0.2711     0.2580 
           Synchronization        
Reduction                  0.0000     0.1444     0.1598     0.1352     0.1610     0.1543     0.1459     0.0000     0.1443     0.1598     0.1351     0.1609     0.1543     0.1458 
Shadow                     0.0130     0.2779     0.3024     0.2580     0.3037     0.2916     0.2789     0.0002     0.5479     0.5749     0.5346     0.5769     0.5617     0.5354 
           Variation              
Reduction                  0.0000     0.1444     0.1598     0.1352     0.1610     0.1544     0.1459     0.0000     0.1443     0.1598     0.1351     0.1610     0.1543     0.1458 
Shadow                     0.0003     0.2780     0.3028     0.2584     0.3040     0.2919     0.2788     0.0000     0.2784     0.3031     0.2585     0.3044     0.2921     0.2790 
           Overlap                
Reduction                  0.0000     0.0000     0.0000     0.0000     0.0000     0.0000     0.0000     0.0000     0.0000     0.0000     0.0000     0.0000     0.0000     0.0000 
Shadow                     0.0000     0.0000     0.0000     0.0000     0.0000     0.0000     0.0000     0.0000     0.0000     0.0000     0.0000     0.0000     0.0000     0.0000 


-------------------------------------------------------------------------
Name (number) and performance time of processors
DVM(1) 1.030628
DVM(2) 1.030533
DVM(3) 1.031115
DVM(4) 1.031298
DVM(5) 1.030504
DVM(6) 1.030526
DVM(7) 1.030222
DVM(8) 1.030195
DVM(9) 1.031025
DVM(10) 1.030996
DVM(11) 1.030395
DVM(12) 1.030369
DVM(13) 1.030430
DVM(14) 1.030330
min - DVM(8) 1.030195; max - DVM(4) 1.031298; mid - 1.030612
