Processor system=3*5
Statistics has been accumulated on DVM-system version 5.0, platform DVM
Analyzer is executing on DVM-system version 5.0, platform DVM
-------------------------------------------------------------------------
INTERVAL ( NLINE=12 SOURCE=sor.c ) LEVEL=0  EXE_COUNT=1
--- The main characteristics --- 
Parallelization efficiency      0.1316 
Execution time                  7.0841 
Processors                          15
Threads amount                      15
Total time                    106.2612
Productive time                13.9867 ( CPU= 13.9598 Sys= 0.0270 I/O= 0.0000 )
Lost  time                     92.2745 
   Insufficient parallelism     0.4561 ( User= 0.0788 Sys= 0.3773 )
   Communication               91.7901 ( Real_sync= 0.0000 Starts= 0.0000 )
   Idle time                    0.0282
Load imbalance                  4.4741
Synchronization                42.1260
Time variation                 86.4048
Overlap                         0.0010
                  Nop   Communic    Synchro  Variation    Overlap 
Reduction          20    41.8901     0.0015     0.0015     0.0001 
Shadow             61    49.9000    42.1244    86.4033     0.0009 
--- The comparative characteristics --- 
                              Tmin N proc      Tmax N proc      Tmid
Lost time                   5.8534     1     6.3219    11     6.1516 
User insufficient par.      0.0034    11     0.0067     8     0.0053 
Sys.insufficient par.       0.0157    11     0.0331     3     0.0252 
Idle time                   0.0000     8     0.0043    11     0.0019 
Communication               5.8285     1     6.2986    11     6.1193 
Synchronization             0.0387    15     5.8288     1     2.8084 
Variation                   0.0212    15    12.0949     1     5.7603 
Overlap                     0.0000    10     0.0004     2     0.0001 
Load imbalance              0.0000     1     0.4686    11     0.2983 
Execution time              7.0798    11     7.0841     8     7.0822 
User CPU time               0.7610    11     1.2295     1     0.9307 
Sys. CPU time               0.0011    11     0.0024     3     0.0018 
Processors                      15     1         15    15         15 
                      Communic          Synchro        Variation          Overlap  
Reduction       Tmin    0.0003    15     0.0000     7     0.0000     7     0.0000     2 
Reduction       Tmax    5.8153     1     0.0002    15     0.0002    15     0.0000     7 
Reduction       Tmid    2.7927           0.0001           0.0001           0.0000       
Shadow          Tmin    0.0132     1     0.0385    15     0.0210    15     0.0000     3 
Shadow          Tmax    6.2978    15     5.8287     1    12.0948     1     0.0004     2 
Shadow          Tmid    3.3267           2.8083           5.7602           0.0001       
--- The execution characteristics --- 
                                1          2          3          4          5          6          7          8          9         10         11         12         13         14         15 
Lost time                  5.8534     6.2116     5.8745     6.2174     6.2815     5.8682     5.8823     6.2804     5.9156     6.2843     6.3219     6.3206     6.3202     6.3209     6.3217 
User insufficient par.     0.0065     0.0061     0.0043     0.0055     0.0044     0.0064     0.0063     0.0067     0.0060     0.0041     0.0034     0.0043     0.0054     0.0040     0.0055 
Sys.insufficient par.      0.0177     0.0317     0.0331     0.0312     0.0253     0.0208     0.0329     0.0301     0.0316     0.0228     0.0157     0.0229     0.0231     0.0223     0.0161 
Idle time                  0.0007     0.0007     0.0027     0.0016     0.0023     0.0003     0.0004     0.0000     0.0011     0.0031     0.0043     0.0035     0.0019     0.0038     0.0019 
Communication              5.8285     6.1730     5.8345     6.1792     6.2494     5.8406     5.8428     6.2436     5.8769     6.2543     6.2986     6.2899     6.2899     6.2908     6.2981 
Synchronization            5.8288     4.9673     3.7822     2.9356     2.1609     4.6371     3.4475     2.6666     1.5194     0.7501     3.9164     2.7279     1.9463     0.8011     0.0387 
Variation                 12.0949    10.0385     8.0009     5.9659     4.3483     9.6992     7.3236     5.3621     3.4326     1.5165     7.7767     5.4138     3.8523     1.5584     0.0212 
Overlap                    0.0004     0.0004     0.0000     0.0000     0.0000     0.0000     0.0000     0.0000     0.0000     0.0000     0.0000     0.0000     0.0000     0.0000     0.0000 
Load imbalance             0.0000     0.3582     0.0211     0.3640     0.4281     0.0149     0.0290     0.4271     0.0623     0.4309     0.4686     0.4672     0.4669     0.4675     0.4684 
Execution time             7.0833     7.0833     7.0814     7.0825     7.0818     7.0837     7.0837     7.0841     7.0830     7.0810     7.0798     7.0806     7.0822     7.0803     7.0821 
User CPU time              1.2295     0.8702     1.2072     0.8645     0.8008     1.2144     1.1994     0.8015     1.1662     0.7982     0.7610     0.7619     0.7622     0.7616     0.7612 
Sys. CPU time              0.0013     0.0023     0.0024     0.0022     0.0018     0.0015     0.0023     0.0022     0.0023     0.0016     0.0011     0.0016     0.0017     0.0016     0.0012 
Processors                     15         15         15         15         15         15         15         15         15         15         15         15         15         15         15 
           Communication          
Reduction                  5.8153     4.9664     3.7769     2.9317     2.1570     4.6234     3.4419     2.6610     1.5135     0.7409     3.8790     2.6970     1.9168     0.7690     0.0003 
Shadow                     0.0132     1.2066     2.0576     3.2475     4.0924     1.2172     2.4008     3.5826     4.3634     5.5134     2.4195     3.5929     4.3731     5.5218     6.2978 
           Synchronization        
Reduction                  0.0001     0.0001     0.0001     0.0001     0.0001     0.0000     0.0000     0.0001     0.0000     0.0001     0.0001     0.0001     0.0001     0.0002     0.0002 
Shadow                     5.8287     4.9672     3.7821     2.9354     2.1608     4.6371     3.4475     2.6666     1.5194     0.7500     3.9163     2.7277     1.9462     0.8010     0.0385 
           Variation              
Reduction                  0.0001     0.0001     0.0001     0.0001     0.0001     0.0000     0.0000     0.0001     0.0000     0.0001     0.0001     0.0001     0.0001     0.0002     0.0002 
Shadow                    12.0948    10.0384     8.0008     5.9657     4.3482     9.6992     7.3236     5.3620     3.4326     1.5163     7.7766     5.4137     3.8522     1.5582     0.0210 
           Overlap                
Reduction                  0.0000     0.0000     0.0000     0.0000     0.0000     0.0000     0.0000     0.0000     0.0000     0.0000     0.0000     0.0000     0.0000     0.0000     0.0000 
Shadow                     0.0004     0.0004     0.0000     0.0000     0.0000     0.0000     0.0000     0.0000     0.0000     0.0000     0.0000     0.0000     0.0000     0.0000     0.0000 


-------------------------------------------------------------------------
Name (number) and performance time of processors
DVM(1) 1.028993
DVM(2) 1.028732
DVM(3) 1.028961
DVM(4) 1.029319
DVM(5) 1.029071
DVM(6) 1.029078
DVM(7) 1.028803
DVM(8) 1.028779
DVM(9) 1.029863
DVM(10) 1.029814
DVM(11) 1.028704
DVM(12) 1.028684
DVM(13) 1.028810
DVM(14) 1.028801
DVM(15) 0.539863
min - DVM(15) 0.539863; max - DVM(9) 1.029863; mid - 0.996418
