Processor system=6*3
Statistics has been accumulated on DVM-system version 5.0, platform DVM
Analyzer is executing on DVM-system version 5.0, platform DVM
-------------------------------------------------------------------------
INTERVAL ( NLINE=12 SOURCE=sor.c ) LEVEL=0  EXE_COUNT=2
--- The main characteristics --- 
Parallelization efficiency      0.1174 
Execution time                  6.8739 
Processors                          18
Threads amount                      18
Total time                    123.7304
Productive time                14.5213 ( CPU= 14.5008 Sys= 0.0205 I/O= 0.0000 )
Lost  time                    109.2091 
   Insufficient parallelism     0.4673 ( User= 0.1189 Sys= 0.3484 )
   Communication              108.6958 ( Real_sync= 0.0000 Starts= 0.0000 )
   Idle time                    0.0461
Load imbalance                  4.0292
Synchronization                50.0829
Time variation                102.8983
Overlap                         0.0023
                  Nop   Communic    Synchro  Variation    Overlap 
Reduction          20    49.9442     0.0020     0.0020     0.0002 
Shadow             60    58.7515    50.0809   102.8963     0.0022 
--- The comparative characteristics --- 
                              Tmin N proc      Tmax N proc      Tmid
Lost time                   5.8433     1     6.2377    18     6.0672 
User insufficient par.      0.0044     7     0.0092     1     0.0066 
Sys.insufficient par.       0.0127    18     0.0249     8     0.0194 
Idle time                   0.0000     1     0.0058    18     0.0026 
Communication               5.8181     1     6.2136    18     6.0387 
Synchronization             0.0315    18     5.8190     1     2.7824 
Variation                   0.0170    18    12.0088     1     5.7166 
Overlap                     0.0000     5     0.0005     8     0.0001 
Load imbalance              0.0000     1     0.3944    18     0.2238 
Execution time              6.8681    18     6.8739     1     6.8714 
User CPU time               0.6355    18     1.0296     1     0.8056 
Sys. CPU time               0.0007    18     0.0015     8     0.0011 
Processors                      18     1         18    18         18 
                      Communic          Synchro        Variation          Overlap  
Reduction       Tmin    0.0004    18     0.0000    13     0.0000    13     0.0000     2 
Reduction       Tmax    5.8105     1     0.0002    18     0.0002    18     0.0000    13 
Reduction       Tmid    2.7747           0.0001           0.0001           0.0000       
Shadow          Tmin    0.0077     1     0.0312    18     0.0168    18     0.0000     3 
Shadow          Tmax    6.2132    18     5.8189     1    12.0087     1     0.0005     8 
Shadow          Tmid    3.2640           2.7823           5.7165           0.0001       
--- The execution characteristics --- 
                                1          2          3          4          5          6          7          8          9         10         11         12         13         14         15         16         17         18 
Lost time                  5.8433     6.1440     6.1709     5.9585     5.8634     6.1222     5.8634     6.2013     6.2088     5.9618     5.8874     6.2043     5.8935     6.2029     6.2107     5.9977     6.2372     6.2377 
User insufficient par.     0.0092     0.0073     0.0055     0.0053     0.0064     0.0063     0.0044     0.0072     0.0047     0.0069     0.0074     0.0058     0.0062     0.0083     0.0082     0.0076     0.0066     0.0056 
Sys.insufficient par.      0.0160     0.0238     0.0198     0.0170     0.0242     0.0198     0.0166     0.0249     0.0197     0.0172     0.0231     0.0192     0.0171     0.0248     0.0199     0.0171     0.0156     0.0127 
Idle time                  0.0000     0.0012     0.0035     0.0039     0.0023     0.0024     0.0051     0.0016     0.0047     0.0020     0.0019     0.0032     0.0027     0.0004     0.0004     0.0008     0.0043     0.0058 
Communication              5.8181     6.1117     6.1421     5.9323     5.8304     6.0937     5.8373     6.1676     6.1796     5.9358     5.8551     6.1761     5.8676     6.1694     6.1822     5.9722     6.2108     6.2136 
Synchronization            5.8190     5.1063     4.4319     4.9285     3.9354     3.2101     3.9413     3.2840     2.5715     3.0547     2.0858     1.4440     2.0982     1.4379     0.8045     1.2511     0.6473     0.0315 
Variation                 12.0088    10.2976     8.9176    10.1141     8.2342     6.5207     8.2366     6.5979     5.1592     6.3632     4.5115     2.9057     4.5194     2.9032     1.6218     2.7158     1.2540     0.0170 
Overlap                    0.0002     0.0002     0.0000     0.0002     0.0000     0.0000     0.0004     0.0005     0.0000     0.0001     0.0000     0.0000     0.0003     0.0003     0.0000     0.0000     0.0000     0.0000 
Load imbalance             0.0000     0.3007     0.3276     0.1152     0.0201     0.2788     0.0200     0.3580     0.3654     0.1185     0.0441     0.3610     0.0502     0.3596     0.3674     0.1544     0.3939     0.3944 
Execution time             6.8739     6.8727     6.8704     6.8700     6.8716     6.8715     6.8689     6.8723     6.8693     6.8719     6.8720     6.8708     6.8712     6.8735     6.8735     6.8731     6.8697     6.8681 
User CPU time              1.0296     0.7285     0.7019     0.9144     1.0091     0.7506     1.0096     0.6711     0.6640     0.9111     0.9851     0.6685     0.9794     0.6696     0.6621     0.8752     0.6358     0.6355 
Sys. CPU time              0.0009     0.0014     0.0012     0.0010     0.0014     0.0012     0.0010     0.0015     0.0012     0.0010     0.0014     0.0011     0.0010     0.0015     0.0012     0.0010     0.0009     0.0007 
Processors                     18         18         18         18         18         18         18         18         18         18         18         18         18         18         18         18         18         18 
           Communication          
Reduction                  5.8105     5.1051     4.4283     4.9205     3.9320     3.2058     3.9340     3.2840     2.5682     3.0468     2.0831     1.4389     2.0904     1.4376     0.8003     1.2395     0.6190     0.0004 
Shadow                     0.0077     1.0066     1.7138     1.0119     1.8984     2.8880     1.9034     2.8836     3.6115     2.8890     3.7720     4.7372     3.7772     4.7318     5.3819     4.7327     5.5918     6.2132 
           Synchronization        
Reduction                  0.0001     0.0001     0.0001     0.0001     0.0001     0.0001     0.0000     0.0001     0.0002     0.0000     0.0000     0.0001     0.0000     0.0001     0.0001     0.0000     0.0002     0.0002 
Shadow                     5.8189     5.1062     4.4318     4.9284     3.9353     3.2099     3.9413     3.2839     2.5713     3.0547     2.0857     1.4438     2.0982     1.4378     0.8043     1.2511     0.6471     0.0312 
           Variation              
Reduction                  0.0001     0.0001     0.0001     0.0001     0.0001     0.0001     0.0000     0.0001     0.0001     0.0000     0.0000     0.0001     0.0000     0.0001     0.0001     0.0000     0.0002     0.0002 
Shadow                    12.0087    10.2975     8.9175    10.1141     8.2341     6.5205     8.2365     6.5977     5.1591     6.3632     4.5114     2.9056     4.5194     2.9031     1.6217     2.7158     1.2538     0.0168 
           Overlap                
Reduction                  0.0000     0.0000     0.0000     0.0000     0.0000     0.0000     0.0000     0.0000     0.0000     0.0000     0.0000     0.0000     0.0000     0.0000     0.0000     0.0000     0.0000     0.0000 
Shadow                     0.0002     0.0002     0.0000     0.0002     0.0000     0.0000     0.0004     0.0005     0.0000     0.0001     0.0000     0.0000     0.0003     0.0003     0.0000     0.0000     0.0000     0.0000 


-------------------------------------------------------------------------
Name (number) and performance time of processors
DVM(1) 1.028970
DVM(2) 1.028819
DVM(3) 1.028766
DVM(4) 1.028761
DVM(5) 1.028707
DVM(6) 1.028634
DVM(7) 1.028857
DVM(8) 1.028853
DVM(9) 1.029071
DVM(10) 1.029055
DVM(11) 1.028613
DVM(12) 1.028602
DVM(13) 1.029087
DVM(14) 1.028900
DVM(15) 1.028796
DVM(16) 1.028749
DVM(17) 1.029061
DVM(18) 1.029013
min - DVM(12) 1.028602; max - DVM(13) 1.029087; mid - 1.028851
