Processor system=8*2
Statistics has been accumulated on DVM-system version 5.0, platform DVM
Analyzer is executing on DVM-system version 5.0, platform DVM
-------------------------------------------------------------------------
INTERVAL ( NLINE=12 SOURCE=sor.c ) LEVEL=0  EXE_COUNT=1
--- The main characteristics --- 
Parallelization efficiency      0.1016 
Execution time                  8.7621 
Processors                          16
Threads amount                      16
Total time                    140.1942
Productive time                14.2461 ( CPU= 14.2290 Sys= 0.0171 I/O= 0.0000 )
Lost  time                    125.9481 
   Insufficient parallelism     0.3278 ( User= 0.0714 Sys= 0.2564 )
   Communication              125.5872 ( Real_sync= 0.0000 Starts= 0.0000 )
   Idle time                    0.0331
Load imbalance                  4.1807
Synchronization                56.4566
Time variation                115.3860
Overlap                         0.0032
                  Nop   Communic    Synchro  Variation    Overlap 
Reduction          20    56.2939     0.0016     0.0016     0.0002 
Shadow             60    69.2933    56.4550   115.3844     0.0030 
--- The comparative characteristics --- 
                              Tmin N proc      Tmax N proc      Tmid
Lost time                   7.6105     1     8.0479    16     7.8718 
User insufficient par.      0.0030    13     0.0060     4     0.0045 
Sys.insufficient par.       0.0121    13     0.0186     4     0.0160 
Idle time                   0.0000     4     0.0046    13     0.0021 
Communication               7.5883     1     8.0282    15     7.8492 
Synchronization             0.0281    16     7.5888     1     3.5285 
Variation                   0.0150    16    15.5955     1     7.2116 
Overlap                     0.0000    13     0.0006     7     0.0002 
Load imbalance              0.0000     1     0.4374    16     0.2613 
Execution time              8.7575    13     8.7621     4     8.7601 
User CPU time               0.7134    16     1.1506     1     0.8893 
Sys. CPU time               0.0008    13     0.0012     4     0.0011 
Processors                      16     1         16    16         16 
                      Communic          Synchro        Variation          Overlap  
Reduction       Tmin    0.0004    16     0.0000     5     0.0000     5     0.0000     2 
Reduction       Tmax    7.5826     1     0.0002    16     0.0002    16     0.0000     5 
Reduction       Tmid    3.5184           0.0001           0.0001           0.0000       
Shadow          Tmin    0.0057     1     0.0279    16     0.0148    16     0.0000    13 
Shadow          Tmax    8.0272    16     7.5887     1    15.5954     1     0.0006     7 
Shadow          Tmid    4.3308           3.5284           7.2115           0.0002       
--- The execution characteristics --- 
                                1          2          3          4          5          6          7          8          9         10         11         12         13         14         15         16 
Lost time                  7.6105     7.9453     7.6206     7.9472     7.6302     8.0100     7.6389     8.0107     7.6565     8.0115     7.6633     8.0129     8.0473     8.0476     8.0477     8.0479 
User insufficient par.     0.0053     0.0055     0.0056     0.0060     0.0040     0.0053     0.0055     0.0048     0.0037     0.0042     0.0044     0.0039     0.0030     0.0037     0.0031     0.0034 
Sys.insufficient par.      0.0154     0.0180     0.0166     0.0186     0.0163     0.0180     0.0162     0.0184     0.0158     0.0181     0.0159     0.0178     0.0121     0.0140     0.0121     0.0130 
Idle time                  0.0015     0.0003     0.0004     0.0000     0.0023     0.0007     0.0008     0.0012     0.0031     0.0019     0.0019     0.0027     0.0046     0.0035     0.0043     0.0039 
Communication              7.5883     7.9215     7.5980     7.9227     7.6076     7.9860     7.6164     7.9864     7.6339     7.9873     7.6410     7.9884     8.0276     8.0265     8.0282     8.0276 
Synchronization            7.5888     6.7967     6.4730     5.6820     5.3669     4.6386     4.2696     3.5417     3.1898     2.4631     2.1171     1.3914     1.4420     0.7202     0.7476     0.0281 
Variation                 15.5955    13.6824    13.3554    11.4529    11.1339     9.3038     8.9302     7.1091     6.7529     4.9504     4.6002     2.8062     2.8435     1.4023     1.4524     0.0150 
Overlap                    0.0005     0.0000     0.0006     0.0000     0.0005     0.0000     0.0006     0.0000     0.0005     0.0000     0.0005     0.0000     0.0000     0.0000     0.0000     0.0000 
Load imbalance             0.0000     0.3349     0.0102     0.3368     0.0197     0.3996     0.0284     0.4003     0.0460     0.4010     0.0528     0.4024     0.4368     0.4372     0.4372     0.4374 
Execution time             8.7606     8.7618     8.7618     8.7621     8.7598     8.7614     8.7614     8.7610     8.7591     8.7602     8.7602     8.7594     8.7575     8.7587     8.7579     8.7583 
User CPU time              1.1506     0.8156     1.1404     0.8137     1.1309     0.7509     1.1222     0.7502     1.1046     0.7494     1.0978     0.7481     0.7140     0.7136     0.7137     0.7134 
Sys. CPU time              0.0010     0.0012     0.0011     0.0012     0.0011     0.0012     0.0011     0.0012     0.0011     0.0012     0.0011     0.0012     0.0008     0.0009     0.0008     0.0009 
Processors                     16         16         16         16         16         16         16         16         16         16         16         16         16         16         16         16 
           Communication          
Reduction                  7.5826     6.7932     6.4674     5.6792     5.3610     4.6363     4.2637     3.5391     3.1838     2.4603     2.1109     1.3887     1.4145     0.6944     0.7187     0.0004 
Shadow                     0.0057     1.1283     1.1307     2.2435     2.2465     3.3497     3.3527     4.4473     4.4501     5.5270     5.5301     6.5997     6.6130     7.3322     7.3095     8.0272 
           Synchronization        
Reduction                  0.0001     0.0001     0.0001     0.0001     0.0000     0.0001     0.0000     0.0001     0.0000     0.0001     0.0000     0.0001     0.0001     0.0002     0.0002     0.0002 
Shadow                     7.5887     6.7965     6.4730     5.6818     5.3669     4.6385     4.2696     3.5416     3.1898     2.4630     2.1170     1.3913     1.4419     0.7200     0.7474     0.0279 
           Variation              
Reduction                  0.0001     0.0001     0.0000     0.0001     0.0000     0.0001     0.0000     0.0001     0.0000     0.0001     0.0000     0.0001     0.0001     0.0002     0.0002     0.0002 
Shadow                    15.5954    13.6823    13.3554    11.4528    11.1339     9.3037     8.9301     7.1090     6.7529     4.9503     4.6002     2.8061     2.8434     1.4022     1.4522     0.0148 
           Overlap                
Reduction                  0.0000     0.0000     0.0000     0.0000     0.0000     0.0000     0.0000     0.0000     0.0000     0.0000     0.0000     0.0000     0.0000     0.0000     0.0000     0.0000 
Shadow                     0.0005     0.0000     0.0006     0.0000     0.0005     0.0000     0.0006     0.0000     0.0004     0.0000     0.0005     0.0000     0.0000     0.0000     0.0000     0.0000 


-------------------------------------------------------------------------
Name (number) and performance time of processors
DVM(1) 1.029284
DVM(2) 1.029115
DVM(3) 1.028836
DVM(4) 1.028825
DVM(5) 1.028809
DVM(6) 1.028754
DVM(7) 1.028679
DVM(8) 1.028641
DVM(9) 1.028718
DVM(10) 1.028740
DVM(11) 1.029263
DVM(12) 1.029240
DVM(13) 1.028778
DVM(14) 1.028736
DVM(15) 1.029218
DVM(16) 1.029208
min - DVM(8) 1.028641; max - DVM(1) 1.029284; mid - 1.028928
