Processor system=2*8
Statistics has been accumulated on DVM-system version 5.0, platform DVM
Analyzer is executing on DVM-system version 5.0, platform DVM
-------------------------------------------------------------------------
INTERVAL ( NLINE=12 SOURCE=sor.c ) LEVEL=0  EXE_COUNT=1
--- The main characteristics --- 
Parallelization efficiency      0.1081 
Execution time                  8.2707 
Processors                          16
Threads amount                      16
Total time                    132.3319
Productive time                14.3090 ( CPU= 14.2749 Sys= 0.0341 I/O= 0.0000 )
Lost  time                    118.0229 
   Insufficient parallelism     0.6469 ( User= 0.1357 Sys= 0.5112 )
   Communication              117.3754 ( Real_sync= 0.0000 Starts= 0.0000 )
   Idle time                    0.0006
Load imbalance                  4.2361
Synchronization                54.5227
Time variation                111.4917
Overlap                         0.0012
                  Nop   Communic    Synchro  Variation    Overlap 
Reduction          20    54.2705     0.0020     0.0019     0.0001 
Shadow             60    63.1049    54.5207   111.4898     0.0011 
--- The comparative characteristics --- 
                              Tmin N proc      Tmax N proc      Tmid
Lost time                   7.1117     1     7.5550    16     7.3764 
User insufficient par.      0.0079    11     0.0094    13     0.0085 
Sys.insufficient par.       0.0183    16     0.0395     2     0.0320 
Idle time                   0.0000    13     0.0001    16     0.0000 
Communication               7.0828     1     7.5276    16     7.3360 
Synchronization             0.0437    16     7.0827     1     3.4077 
Variation                   0.0241    16    14.5711     1     6.9682 
Overlap                     0.0000     4     0.0004     1     0.0001 
Load imbalance              0.0000     1     0.4434    16     0.2648 
Execution time              8.2707    15     8.2707    13     8.2707 
User CPU time               0.7145    16     1.1577     1     0.8922 
Sys. CPU time               0.0012    16     0.0026     2     0.0021 
Processors                      16     1         16    16         16 
                      Communic          Synchro        Variation          Overlap  
Reduction       Tmin    0.0003    16     0.0000    11     0.0000    11     0.0000     1 
Reduction       Tmax    7.0649     1     0.0003    16     0.0002    16     0.0000    11 
Reduction       Tmid    3.3919           0.0001           0.0001           0.0000       
Shadow          Tmin    0.0179     1     0.0435    16     0.0239    16     0.0000     3 
Shadow          Tmax    7.5273    16     7.0825     1    14.5710     1     0.0004     1 
Shadow          Tmid    3.9441           3.4075           6.9681           0.0001       
--- The execution characteristics --- 
                                1          2          3          4          5          6          7          8          9         10         11         12         13         14         15         16 
Lost time                  7.1117     7.4494     7.1364     7.4535     7.1458     7.5160     7.1676     7.5184     7.1314     7.5144     7.1466     7.5157     7.5536     7.5541     7.5534     7.5550 
User insufficient par.     0.0086     0.0080     0.0085     0.0081     0.0084     0.0081     0.0084     0.0084     0.0080     0.0083     0.0079     0.0082     0.0094     0.0091     0.0094     0.0091 
Sys.insufficient par.      0.0203     0.0395     0.0392     0.0365     0.0392     0.0355     0.0389     0.0272     0.0225     0.0390     0.0389     0.0347     0.0272     0.0277     0.0267     0.0183 
Idle time                  0.0000     0.0000     0.0000     0.0000     0.0000     0.0000     0.0000     0.0000     0.0000     0.0000     0.0000     0.0001     0.0000     0.0001     0.0001     0.0001 
Communication              7.0828     7.4019     7.0886     7.4089     7.0982     7.4723     7.1203     7.4828     7.1009     7.4670     7.0998     7.4727     7.5171     7.5172     7.5174     7.5276 
Synchronization            7.0827     6.2651     5.1549     4.3570     3.2486     2.5142     1.4278     0.7067     5.9648     5.2122     4.0533     3.3193     2.5748     1.8405     0.7570     0.0437 
Variation                 14.5711    12.6316    10.7154     8.8009     6.8935     5.0522     3.2306     1.4251    12.3173    10.4600     8.5013     6.6616     5.1041     3.6364     1.4666     0.0241 
Overlap                    0.0004     0.0004     0.0000     0.0000     0.0000     0.0000     0.0000     0.0000     0.0002     0.0001     0.0000     0.0000     0.0000     0.0000     0.0000     0.0000 
Load imbalance             0.0000     0.3377     0.0247     0.3419     0.0341     0.4043     0.0559     0.4067     0.0197     0.4027     0.0349     0.4040     0.4420     0.4424     0.4418     0.4434 
Execution time             8.2707     8.2707     8.2707     8.2707     8.2707     8.2707     8.2707     8.2707     8.2707     8.2707     8.2707     8.2707     8.2707     8.2707     8.2707     8.2707 
User CPU time              1.1577     0.8187     1.1317     0.8148     1.1224     0.7524     1.1006     0.7506     1.1379     0.7538     1.1215     0.7528     0.7153     0.7148     0.7155     0.7145 
Sys. CPU time              0.0014     0.0026     0.0026     0.0024     0.0026     0.0024     0.0026     0.0018     0.0015     0.0026     0.0026     0.0023     0.0018     0.0018     0.0018     0.0012 
Processors                     16         16         16         16         16         16         16         16         16         16         16         16         16         16         16         16 
           Communication          
Reduction                  7.0649     6.2644     5.1465     4.3488     3.2404     2.5063     1.4212     0.6946     5.9467     5.2112     4.0447     3.3105     2.5409     1.8076     0.7215     0.0003 
Shadow                     0.0179     1.1375     1.9421     3.0601     3.8578     4.9660     5.6990     6.7882     1.1542     2.2558     3.0551     4.1622     4.9762     5.7096     6.7958     7.5273 
           Synchronization        
Reduction                  0.0001     0.0002     0.0001     0.0002     0.0000     0.0001     0.0001     0.0002     0.0000     0.0001     0.0000     0.0001     0.0002     0.0002     0.0002     0.0003 
Shadow                     7.0825     6.2649     5.1549     4.3568     3.2486     2.5140     1.4277     0.7065     5.9648     5.2121     4.0533     3.3192     2.5746     1.8403     0.7568     0.0435 
           Variation              
Reduction                  0.0001     0.0001     0.0001     0.0001     0.0000     0.0001     0.0001     0.0002     0.0000     0.0001     0.0000     0.0001     0.0001     0.0002     0.0002     0.0002 
Shadow                    14.5710    12.6314    10.7153     8.8007     6.8934     5.0521     3.2305     1.4250    12.3173    10.4599     8.5013     6.6615     5.1040     3.6362     1.4664     0.0239 
           Overlap                
Reduction                  0.0000     0.0000     0.0000     0.0000     0.0000     0.0000     0.0000     0.0000     0.0000     0.0000     0.0000     0.0000     0.0000     0.0000     0.0000     0.0000 
Shadow                     0.0004     0.0004     0.0000     0.0000     0.0000     0.0000     0.0000     0.0000     0.0001     0.0001     0.0000     0.0000     0.0000     0.0000     0.0000     0.0000 


-------------------------------------------------------------------------
Name (number) and performance time of processors
DVM(1) 1.028790
DVM(2) 1.028649
DVM(3) 1.029162
DVM(4) 1.029131
DVM(5) 1.028753
DVM(6) 1.028724
DVM(7) 1.029598
DVM(8) 1.029566
DVM(9) 1.028746
DVM(10) 1.028755
DVM(11) 1.029155
DVM(12) 1.029174
DVM(13) 1.029014
DVM(14) 1.028973
DVM(15) 1.029273
DVM(16) 1.029236
min - DVM(2) 1.028649; max - DVM(7) 1.029598; mid - 1.029044
