Processor system=4*5
Statistics has been accumulated on DVM-system version 5.0, platform DVM
Analyzer is executing on DVM-system version 5.0, platform DVM
-------------------------------------------------------------------------
INTERVAL ( NLINE=12 SOURCE=sor.c ) LEVEL=0  EXE_COUNT=2
--- The main characteristics --- 
Parallelization efficiency      0.1168 
Execution time                  6.5613 
Processors                          20
Threads amount                      20
Total time                    131.2262
Productive time                15.3267 ( CPU= 15.2997 Sys= 0.0270 I/O= 0.0000 )
Lost  time                    115.8995 
   Insufficient parallelism     0.7334 ( User= 0.2201 Sys= 0.5133 )
   Communication              115.1537 ( Real_sync= 0.0000 Starts= 0.0000 )
   Idle time                    0.0123
Load imbalance                  3.2996
Synchronization                54.0538
Time variation                111.1209
Overlap                         0.0011
                  Nop   Communic    Synchro  Variation    Overlap 
Reduction          21    53.8890     0.0020     0.0019     0.0002 
Shadow             60    61.2647    54.0518   111.1190     0.0009 
--- The comparative characteristics --- 
                              Tmin N proc      Tmax N proc      Tmid
Lost time                   5.6300     1     5.9561    20     5.7950 
User insufficient par.      0.0102    11     0.0147     1     0.0110 
Sys.insufficient par.       0.0183     1     0.0306     3     0.0257 
Idle time                   0.0000    17     0.0007    11     0.0006 
Communication               5.5946     2     5.9255    20     5.7577 
Synchronization             0.0171    20     5.6006     1     2.7027 
Variation                   0.0096    20    11.5108     1     5.5560 
Overlap                     0.0000     5     0.0006    18     0.0001 
Load imbalance              0.0000     1     0.3261    20     0.1650 
Execution time              6.5606    11     6.5613    17     6.5607 
User CPU time               0.6043    20     0.9304     1     0.7650 
Sys. CPU time               0.0010     1     0.0016     3     0.0014 
Processors                      20     1         20    20         20 
                      Communic          Synchro        Variation          Overlap  
Reduction       Tmin    0.0004    20     0.0000     7     0.0000     8     0.0000     5 
Reduction       Tmax    5.5905     1     0.0002    20     0.0002    20     0.0000     7 
Reduction       Tmid    2.6944           0.0001           0.0001           0.0000       
Shadow          Tmin    0.0058     1     0.0169    20     0.0094    20     0.0000     2 
Shadow          Tmax    5.9251    20     5.6006     1    11.5108     1     0.0006    18 
Shadow          Tmid    3.0632           2.7026           5.5560           0.0000       
--- The execution characteristics --- 
                                1          2          3          4          5          6          7          8          9         10         11         12         13         14         15         16         17         18         19         20 
Lost time                  5.6300     5.6346     5.6520     5.6615     5.6768     5.6441     5.6561     5.6673     5.6761     5.6882     5.9006     5.9186     5.9069     5.9087     5.9069     5.9535     5.9535     5.9532     5.9549     5.9561 
User insufficient par.     0.0147     0.0106     0.0107     0.0104     0.0114     0.0102     0.0107     0.0112     0.0107     0.0106     0.0102     0.0111     0.0107     0.0112     0.0105     0.0105     0.0115     0.0114     0.0103     0.0113 
Sys.insufficient par.      0.0183     0.0287     0.0306     0.0305     0.0228     0.0204     0.0303     0.0292     0.0300     0.0247     0.0197     0.0282     0.0278     0.0269     0.0233     0.0198     0.0275     0.0292     0.0265     0.0186 
Idle time                  0.0007     0.0007     0.0006     0.0007     0.0006     0.0007     0.0006     0.0006     0.0006     0.0006     0.0007     0.0006     0.0007     0.0006     0.0007     0.0007     0.0000     0.0006     0.0007     0.0006 
Communication              5.5963     5.5946     5.6101     5.6198     5.6420     5.6127     5.6146     5.6262     5.6347     5.6523     5.8699     5.8787     5.8676     5.8700     5.8724     5.9226     5.9144     5.9119     5.9173     5.9255 
Synchronization            5.6006     4.6917     3.8013     2.9212     2.0629     4.7104     3.8081     2.9310     2.0586     1.2105     4.0732     3.1897     2.2995     1.4312     0.5863     3.4898     2.6056     1.7128     0.8523     0.0171 
Variation                 11.5108     9.6981     7.9020     6.1314     4.3925     9.7106     7.9123     6.1447     4.3922     2.6794     8.1793     6.4119     4.6428     2.9027     1.2092     6.9587     5.2085     3.4288     1.6953     0.0096 
Overlap                    0.0000     0.0000     0.0001     0.0000     0.0000     0.0001     0.0000     0.0000     0.0000     0.0000     0.0000     0.0000     0.0000     0.0001     0.0000     0.0000     0.0000     0.0006     0.0000     0.0000 
Load imbalance             0.0000     0.0046     0.0220     0.0315     0.0468     0.0141     0.0261     0.0373     0.0461     0.0583     0.2706     0.2886     0.2769     0.2787     0.2769     0.3236     0.3235     0.3232     0.3249     0.3261 
Execution time             6.5606     6.5606     6.5607     6.5606     6.5607     6.5606     6.5607     6.5607     6.5607     6.5607     6.5606     6.5607     6.5606     6.5607     6.5606     6.5606     6.5613     6.5607     6.5606     6.5607 
User CPU time              0.9304     0.9252     0.9077     0.8982     0.8833     0.9161     0.9036     0.8925     0.8836     0.8718     0.6597     0.6412     0.6530     0.6512     0.6532     0.6067     0.6064     0.6066     0.6050     0.6043 
Sys. CPU time              0.0010     0.0015     0.0016     0.0016     0.0012     0.0011     0.0016     0.0015     0.0016     0.0013     0.0010     0.0015     0.0015     0.0014     0.0012     0.0010     0.0014     0.0015     0.0014     0.0010 
Processors                     20         20         20         20         20         20         20         20         20         20         20         20         20         20         20         20         20         20         20         20 
           Communication          
Reduction                  5.5905     4.6848     3.7949     2.9143     2.0544     4.6962     3.8025     2.9240     2.0523     1.2038     4.0593     3.1841     2.2941     1.4248     0.5773     3.4753     2.6006     1.7115     0.8439     0.0004 
Shadow                     0.0058     0.9098     1.8151     2.7055     3.5875     0.9166     1.8121     2.7023     3.5824     4.4485     1.8106     2.6946     3.5735     4.4452     5.2951     2.4473     3.3138     4.2004     5.0734     5.9251 
           Synchronization        
Reduction                  0.0001     0.0001     0.0001     0.0000     0.0001     0.0000     0.0000     0.0000     0.0001     0.0001     0.0001     0.0001     0.0001     0.0001     0.0002     0.0001     0.0001     0.0001     0.0002     0.0002 
Shadow                     5.6006     4.6916     3.8012     2.9212     2.0627     4.7104     3.8081     2.9310     2.0585     1.2104     4.0731     3.1896     2.2994     1.4311     0.5860     3.4897     2.6055     1.7127     0.8521     0.0169 
           Variation              
Reduction                  0.0001     0.0000     0.0001     0.0000     0.0001     0.0000     0.0000     0.0000     0.0001     0.0001     0.0001     0.0001     0.0001     0.0001     0.0002     0.0001     0.0001     0.0001     0.0002     0.0002 
Shadow                    11.5108     9.6981     7.9019     6.1313     4.3924     9.7106     7.9123     6.1447     4.3921     2.6793     8.1792     6.4119     4.6427     2.9026     1.2090     6.9586     5.2084     3.4287     1.6951     0.0094 
           Overlap                
Reduction                  0.0000     0.0000     0.0000     0.0000     0.0000     0.0000     0.0000     0.0000     0.0000     0.0000     0.0000     0.0000     0.0000     0.0000     0.0000     0.0000     0.0000     0.0000     0.0000     0.0000 
Shadow                     0.0000     0.0000     0.0001     0.0000     0.0000     0.0000     0.0000     0.0000     0.0000     0.0000     0.0000     0.0000     0.0000     0.0001     0.0000     0.0000     0.0000     0.0006     0.0000     0.0000 


-------------------------------------------------------------------------
Name (number) and performance time of processors
DVM(1) 1.035439
DVM(2) 1.028290
DVM(3) 1.028493
DVM(4) 1.043491
DVM(5) 1.029090
DVM(6) 1.029013
DVM(7) 1.037659
DVM(8) 1.027953
DVM(9) 1.028670
DVM(10) 1.028694
DVM(11) 1.030938
DVM(12) 1.028814
DVM(13) 1.028663
DVM(14) 1.028663
DVM(15) 1.029389
DVM(16) 1.030123
DVM(17) 1.028940
DVM(18) 1.030154
DVM(19) 1.028895
DVM(20) 1.029004
min - DVM(8) 1.027953; max - DVM(4) 1.043491; mid - 1.030519
