Processor system=5*3
Statistics has been accumulated on DVM-system version 5.0, platform DVM
Analyzer is executing on DVM-system version 5.0, platform DVM
-------------------------------------------------------------------------
INTERVAL ( NLINE=12 SOURCE=sor.c ) LEVEL=0  EXE_COUNT=1
--- The main characteristics --- 
Parallelization efficiency      0.1353 
Execution time                  6.7626 
Processors                          15
Threads amount                      15
Total time                    101.4388
Productive time                13.7282 ( CPU= 13.7078 Sys= 0.0204 I/O= 0.0000 )
Lost  time                     87.7106 
   Insufficient parallelism     0.4267 ( User= 0.1409 Sys= 0.2857 )
   Communication               87.2833 ( Real_sync= 0.0000 Starts= 0.0000 )
   Idle time                    0.0005
Load imbalance                  4.6710
Synchronization                38.5037
Time variation                 78.9109
Overlap                         0.0013
                  Nop   Communic    Synchro  Variation    Overlap 
Reduction          20    38.2922     0.0019     0.0020     0.0001 
Shadow             61    48.9911    38.5018    78.9090     0.0012 
--- The comparative characteristics --- 
                              Tmin N proc      Tmax N proc      Tmid
Lost time                   5.5360     1     6.0004    13     5.8474 
User insufficient par.      0.0090    10     0.0099    12     0.0094 
Sys.insufficient par.       0.0139    13     0.0258     8     0.0190 
Idle time                   0.0000    13     0.0001    12     0.0000 
Communication               5.5105     1     5.9769    13     5.8189 
Synchronization             0.0331    15     5.5115     1     2.5669 
Variation                   0.0178    15    11.4620     1     5.2607 
Overlap                     0.0000     3     0.0005     8     0.0001 
Load imbalance              0.0000     1     0.4645    13     0.3114 
Execution time              6.7625    12     6.7626    13     6.7625 
User CPU time               0.7611    13     1.2255     1     0.9139 
Sys. CPU time               0.0010    13     0.0018     8     0.0014 
Processors                      15     1         15    15         15 
                      Communic          Synchro        Variation          Overlap  
Reduction       Tmin    0.0004    15     0.0000     7     0.0000     7     0.0000     2 
Reduction       Tmax    5.5016     1     0.0002    15     0.0002    15     0.0000     7 
Reduction       Tmid    2.5528           0.0001           0.0001           0.0000       
Shadow          Tmin    0.0089     1     0.0328    15     0.0176    15     0.0000     3 
Shadow          Tmax    5.9756    15     5.5114     1    11.4619     1     0.0005     8 
Shadow          Tmid    3.2661           2.5668           5.2606           0.0001       
--- The execution characteristics --- 
                                1          2          3          4          5          6          7          8          9         10         11         12         13         14         15 
Lost time                  5.5360     5.8914     5.8999     5.6680     5.5589     5.9600     5.5602     5.9586     5.9702     5.7077     5.9993     6.0001     6.0004     5.9996     6.0002 
User insufficient par.     0.0096     0.0093     0.0092     0.0091     0.0093     0.0091     0.0093     0.0093     0.0091     0.0090     0.0097     0.0099     0.0096     0.0096     0.0098 
Sys.insufficient par.      0.0158     0.0250     0.0205     0.0168     0.0254     0.0198     0.0170     0.0258     0.0203     0.0172     0.0192     0.0155     0.0139     0.0188     0.0144 
Idle time                  0.0000     0.0000     0.0000     0.0001     0.0000     0.0001     0.0000     0.0000     0.0000     0.0001     0.0000     0.0001     0.0000     0.0000     0.0001 
Communication              5.5105     5.8571     5.8701     5.6420     5.5241     5.9310     5.5338     5.9235     5.9407     5.6815     5.9703     5.9746     5.9769     5.9711     5.9760 
Synchronization            5.5115     4.6586     3.8261     4.4438     3.2588     2.4858     3.2673     2.4787     1.7201     2.2432     1.5127     0.7730     1.5202     0.7709     0.0331 
Variation                 11.4620     9.4163     7.7381     9.1964     6.9480     4.9955     6.9527     4.9928     3.4546     4.7522     2.9881     1.5020     2.9919     1.5024     0.0178 
Overlap                    0.0001     0.0001     0.0000     0.0001     0.0000     0.0000     0.0005     0.0005     0.0000     0.0000     0.0000     0.0000     0.0000     0.0000     0.0000 
Load imbalance             0.0000     0.3555     0.3639     0.1320     0.0229     0.4241     0.0242     0.4226     0.4342     0.1718     0.4633     0.4641     0.4645     0.4636     0.4642 
Execution time             6.7625     6.7625     6.7626     6.7625     6.7626     6.7625     6.7625     6.7626     6.7626     6.7625     6.7626     6.7625     6.7626     6.7626     6.7625 
User CPU time              1.2255     0.8694     0.8613     1.0934     1.2019     0.8011     1.2012     0.8021     0.7910     1.0536     0.7619     0.7614     0.7611     0.7616     0.7614 
Sys. CPU time              0.0011     0.0018     0.0015     0.0012     0.0018     0.0014     0.0012     0.0018     0.0015     0.0012     0.0014     0.0011     0.0010     0.0013     0.0010 
Processors                     15         15         15         15         15         15         15         15         15         15         15         15         15         15         15 
           Communication          
Reduction                  5.5016     4.6558     3.8213     4.4349     3.2549     2.4803     3.2589     2.4789     1.7145     2.2310     1.4858     0.7428     1.4885     0.7427     0.0004 
Shadow                     0.0089     1.2013     2.0488     1.2071     2.2692     3.4508     2.2749     3.4446     4.2262     3.4505     4.4846     5.2318     4.4884     5.2284     5.9756 
           Synchronization        
Reduction                  0.0001     0.0001     0.0001     0.0001     0.0001     0.0001     0.0000     0.0001     0.0001     0.0000     0.0002     0.0002     0.0002     0.0002     0.0002 
Shadow                     5.5114     4.6585     3.8260     4.4437     3.2587     2.4856     3.2673     2.4786     1.7199     2.2432     1.5126     0.7728     1.5200     0.7707     0.0328 
           Variation              
Reduction                  0.0001     0.0001     0.0001     0.0001     0.0001     0.0001     0.0000     0.0001     0.0002     0.0000     0.0002     0.0002     0.0002     0.0002     0.0002 
Shadow                    11.4619     9.4162     7.7380     9.1963     6.9480     4.9953     6.9527     4.9927     3.4545     4.7521     2.9880     1.5018     2.9918     1.5021     0.0176 
           Overlap                
Reduction                  0.0000     0.0000     0.0000     0.0000     0.0000     0.0000     0.0000     0.0000     0.0000     0.0000     0.0000     0.0000     0.0000     0.0000     0.0000 
Shadow                     0.0001     0.0001     0.0000     0.0000     0.0000     0.0000     0.0004     0.0005     0.0000     0.0000     0.0000     0.0000     0.0000     0.0000     0.0000 


-------------------------------------------------------------------------
Name (number) and performance time of processors
DVM(1) 1.029051
DVM(2) 1.028784
DVM(3) 1.028935
DVM(4) 1.029137
DVM(5) 1.029305
DVM(6) 1.029310
DVM(7) 1.029054
DVM(8) 1.029080
DVM(9) 1.028605
DVM(10) 1.028590
DVM(11) 1.029032
DVM(12) 1.029012
DVM(13) 1.028554
DVM(14) 1.028526
DVM(15) 0.539873
min - DVM(15) 0.539873; max - DVM(6) 1.029310; mid - 0.996323
