Processor system=2*7
Statistics has been accumulated on DVM-system version 5.0, platform DVM
Analyzer is executing on DVM-system version 5.0, platform DVM
-------------------------------------------------------------------------
INTERVAL ( NLINE=12 SOURCE=sor.c ) LEVEL=0  EXE_COUNT=1
--- The main characteristics --- 
Parallelization efficiency      0.1196 
Execution time                  8.1546 
Processors                          14
Threads amount                      14
Total time                    114.1641
Productive time                13.6589 ( CPU= 13.6268 Sys= 0.0321 I/O= 0.0000 )
Lost  time                    100.5052 
   Insufficient parallelism     0.5041 ( User= 0.0871 Sys= 0.4170 )
   Communication               99.9758 ( Real_sync= 0.0000 Starts= 0.0000 )
   Idle time                    0.0252
Load imbalance                  4.7304
Synchronization                45.5926
Time variation                 92.9582
Overlap                         0.0011
                  Nop   Communic    Synchro  Variation    Overlap 
Reduction          20    45.3056     0.0013     0.0013     0.0001 
Shadow             61    54.6702    45.5913    92.9569     0.0010 
--- The comparative characteristics --- 
                              Tmin N proc      Tmax N proc      Tmid
Lost time                   6.8411     1     7.3376    14     7.1789 
User insufficient par.      0.0043    12     0.0082    13     0.0062 
Sys.insufficient par.       0.0189    14     0.0394     3     0.0298 
Idle time                   0.0000    13     0.0042    12     0.0018 
Communication               6.8132     1     7.3105    14     7.1411 
Synchronization             0.0431    14     6.8124     1     3.2566 
Variation                   0.0237    14    14.0847     1     6.6399 
Overlap                     0.0000     4     0.0005     2     0.0001 
Load imbalance              0.0000     1     0.4966    14     0.3379 
Execution time              8.1503    12     8.1546    13     8.1528 
User CPU time               0.8151    12     1.3120     1     0.9733 
Sys. CPU time               0.0015    14     0.0030     3     0.0023 
Processors                      14     1         14    14         14 
                      Communic          Synchro        Variation          Overlap  
Reduction       Tmin    0.0004    14     0.0000     5     0.0000     5     0.0000     2 
Reduction       Tmax    6.7957     1     0.0002    14     0.0002    14     0.0000     5 
Reduction       Tmid    3.2361           0.0001           0.0001           0.0000       
Shadow          Tmin    0.0176     1     0.0429    14     0.0236    14     0.0000     3 
Shadow          Tmax    7.3102    14     6.8123     1    14.0846     1     0.0005     2 
Shadow          Tmid    3.9050           3.2565           6.6398           0.0001       
--- The execution characteristics --- 
                                1          2          3          4          5          6          7          8          9         10         11         12         13         14 
Lost time                  6.8411     7.2200     6.8625     7.2263     6.8917     7.2952     7.2963     6.8508     7.3368     7.3372     7.3360     7.3373     7.3364     7.3376 
User insufficient par.     0.0070     0.0048     0.0068     0.0054     0.0070     0.0054     0.0071     0.0072     0.0048     0.0065     0.0064     0.0043     0.0082     0.0063 
Sys.insufficient par.      0.0197     0.0394     0.0394     0.0363     0.0384     0.0354     0.0286     0.0236     0.0272     0.0274     0.0277     0.0278     0.0272     0.0189 
Idle time                  0.0012     0.0031     0.0012     0.0023     0.0008     0.0027     0.0008     0.0004     0.0035     0.0015     0.0016     0.0042     0.0000     0.0019 
Communication              6.8132     7.1727     6.8152     7.1822     6.8455     7.2516     7.2600     6.8196     7.3013     7.3018     7.3003     7.3010     7.3010     7.3105 
Synchronization            6.8124     5.8836     4.6172     3.7105     2.4675     1.6291     0.8007     5.5384     4.7479     3.8466     2.9386     1.6968     0.8600     0.0431 
Variation                 14.0847    11.8815     9.6978     7.5189     5.3679     3.2883     1.6248    11.5230     9.4494     7.6460     5.8323     3.3469     1.6728     0.0237 
Overlap                    0.0004     0.0005     0.0000     0.0000     0.0000     0.0000     0.0000     0.0000     0.0000     0.0000     0.0000     0.0000     0.0000     0.0000 
Load imbalance             0.0000     0.3789     0.0214     0.3852     0.0506     0.4541     0.4553     0.0097     0.4957     0.4962     0.4949     0.4963     0.4954     0.4966 
Execution time             8.1534     8.1515     8.1534     8.1522     8.1538     8.1519     8.1538     8.1542     8.1511     8.1530     8.1530     8.1503     8.1546     8.1526 
User CPU time              1.3120     0.9315     1.2891     0.9255     1.2599     0.8567     0.8560     1.3020     0.8157     0.8152     0.8165     0.8151     0.8161     0.8155 
Sys. CPU time              0.0015     0.0030     0.0030     0.0028     0.0030     0.0027     0.0022     0.0018     0.0021     0.0021     0.0021     0.0021     0.0021     0.0015 
Processors                     14         14         14         14         14         14         14         14         14         14         14         14         14         14 
           Communication          
Reduction                  6.7957     5.8836     4.6102     3.7038     2.4607     1.6237     0.7941     5.5149     4.7138     3.8123     2.9050     1.6626     0.8250     0.0004 
Shadow                     0.0176     1.2891     2.2050     3.4784     4.3848     5.6279     6.4658     1.3047     2.5875     3.4895     4.3953     5.6383     6.4760     7.3102 
           Synchronization        
Reduction                  0.0001     0.0001     0.0000     0.0001     0.0000     0.0001     0.0001     0.0000     0.0001     0.0001     0.0001     0.0001     0.0001     0.0002 
Shadow                     6.8123     5.8835     4.6172     3.7104     2.4675     1.6290     0.8005     5.5384     4.7478     3.8465     2.9385     1.6967     0.8599     0.0429 
           Variation              
Reduction                  0.0001     0.0001     0.0000     0.0001     0.0000     0.0001     0.0001     0.0000     0.0001     0.0001     0.0001     0.0001     0.0001     0.0002 
Shadow                    14.0846    11.8814     9.6977     7.5188     5.3679     3.2882     1.6247    11.5230     9.4493     7.6459     5.8322     3.3468     1.6727     0.0236 
           Overlap                
Reduction                  0.0000     0.0000     0.0000     0.0000     0.0000     0.0000     0.0000     0.0000     0.0000     0.0000     0.0000     0.0000     0.0000     0.0000 
Shadow                     0.0004     0.0005     0.0000     0.0000     0.0000     0.0000     0.0000     0.0000     0.0000     0.0000     0.0000     0.0000     0.0000     0.0000 


-------------------------------------------------------------------------
Name (number) and performance time of processors
DVM(1) 1.029171
DVM(2) 1.029047
DVM(3) 1.028904
DVM(4) 1.029140
DVM(5) 1.029346
DVM(6) 1.029321
DVM(7) 1.028626
DVM(8) 1.028612
DVM(9) 1.029121
DVM(10) 1.029198
DVM(11) 1.028932
DVM(12) 1.028926
DVM(13) 1.029020
DVM(14) 1.028968
min - DVM(8) 1.028612; max - DVM(5) 1.029346; mid - 1.029024
