Processor system=7*2
Statistics has been accumulated on DVM-system version 5.0, platform DVM
Analyzer is executing on DVM-system version 5.0, platform DVM
-------------------------------------------------------------------------
INTERVAL ( NLINE=12 SOURCE=sor.c ) LEVEL=0  EXE_COUNT=1
--- The main characteristics --- 
Parallelization efficiency      0.1171 
Execution time                  8.3258 
Processors                          14
Threads amount                      14
Total time                    116.5612
Productive time                13.6446 ( CPU= 13.6280 Sys= 0.0165 I/O= 0.0000 )
Lost  time                    102.9166 
   Insufficient parallelism     0.3504 ( User= 0.1355 Sys= 0.2149 )
   Communication              102.5654 ( Real_sync= 0.0000 Starts= 0.0000 )
   Idle time                    0.0008
Load imbalance                  4.7230
Synchronization                44.6944
Time variation                 91.2231
Overlap                         0.0019
                  Nop   Communic    Synchro  Variation    Overlap 
Reduction          20    44.4852     0.0014     0.0013     0.0001 
Shadow             61    58.0802    44.6930    91.2218     0.0018 
--- The comparative characteristics --- 
                              Tmin N proc      Tmax N proc      Tmid
Lost time                   7.0138     1     7.5100    14     7.3512 
User insufficient par.      0.0094     4     0.0103     1     0.0097 
Sys.insufficient par.       0.0128     9     0.0185     4     0.0154 
Idle time                   0.0000     9     0.0001     3     0.0001 
Communication               6.9890     1     7.4869     9     7.3261 
Synchronization             0.0302    14     6.9897     1     3.1925 
Variation                   0.0160    14    14.4544     1     6.5159 
Overlap                     0.0000     9     0.0007     7     0.0001 
Load imbalance              0.0000     1     0.4961    14     0.3374 
Execution time              8.3257     3     8.3258     9     8.3257 
User CPU time               0.8148    14     1.3109     1     0.9734 
Sys. CPU time               0.0010     9     0.0014     4     0.0012 
Processors                      14     1         14    14         14 
                      Communic          Synchro        Variation          Overlap  
Reduction       Tmin    0.0004    14     0.0000     7     0.0000     7     0.0000     9 
Reduction       Tmax    6.9825     1     0.0002    14     0.0002    14     0.0001     7 
Reduction       Tmid    3.1775           0.0001           0.0001           0.0000       
Shadow          Tmin    0.0065     1     0.0300    14     0.0158    14     0.0000     2 
Shadow          Tmax    7.4862    14     6.9896     1    14.4544     1     0.0006     7 
Shadow          Tmid    4.1486           3.1924           6.5158           0.0001       
--- The execution characteristics --- 
                                1          2          3          4          5          6          7          8          9         10         11         12         13         14 
Lost time                  7.0138     7.3958     7.0261     7.3975     7.0390     7.4682     7.0499     7.4685     7.5098     7.5099     7.5091     7.5094     7.5096     7.5100 
User insufficient par.     0.0103     0.0094     0.0095     0.0094     0.0096     0.0096     0.0094     0.0094     0.0101     0.0096     0.0099     0.0098     0.0098     0.0097 
Sys.insufficient par.      0.0145     0.0181     0.0155     0.0185     0.0156     0.0181     0.0159     0.0182     0.0128     0.0141     0.0128     0.0141     0.0131     0.0136 
Idle time                  0.0000     0.0001     0.0001     0.0001     0.0000     0.0000     0.0001     0.0000     0.0000     0.0001     0.0000     0.0001     0.0000     0.0001 
Communication              6.9890     7.3682     7.0009     7.3696     7.0138     7.4405     7.0245     7.4409     7.4869     7.4861     7.4864     7.4855     7.4866     7.4866 
Synchronization            6.9897     6.0860     5.7181     4.8155     4.4599     3.6286     3.2126     2.3820     2.4409     1.6144     1.6450     0.8209     0.8505     0.0302 
Variation                 14.4544    12.2730    11.9007     9.7316     9.3716     7.2867     6.8665     4.7936     4.8376     3.1878     3.2464     1.6014     1.6559     0.0160 
Overlap                    0.0002     0.0000     0.0004     0.0000     0.0005     0.0000     0.0007     0.0000     0.0000     0.0000     0.0000     0.0000     0.0000     0.0000 
Load imbalance             0.0000     0.3820     0.0123     0.3837     0.0252     0.4544     0.0361     0.4547     0.4960     0.4960     0.4953     0.4956     0.4957     0.4961 
Execution time             8.3257     8.3257     8.3257     8.3257     8.3258     8.3258     8.3257     8.3258     8.3258     8.3257     8.3258     8.3257     8.3258     8.3257 
User CPU time              1.3109     0.9286     1.2985     0.9268     1.2856     0.8562     1.2747     0.8559     0.8150     0.8149     0.8157     0.8153     0.8152     0.8148 
Sys. CPU time              0.0011     0.0014     0.0012     0.0014     0.0012     0.0014     0.0012     0.0014     0.0010     0.0011     0.0010     0.0011     0.0010     0.0010 
Processors                     14         14         14         14         14         14         14         14         14         14         14         14         14         14 
           Communication          
Reduction                  6.9825     6.0830     5.7116     4.8132     4.4538     3.6264     3.2064     2.3801     2.4113     1.5871     1.6155     0.7935     0.8203     0.0004 
Shadow                     0.0065     1.2852     1.2893     2.5564     2.5600     3.8141     3.8180     5.0608     5.0756     5.8990     5.8708     6.6920     6.6662     7.4862 
           Synchronization        
Reduction                  0.0001     0.0001     0.0000     0.0001     0.0000     0.0001     0.0000     0.0001     0.0001     0.0001     0.0001     0.0002     0.0001     0.0002 
Shadow                     6.9896     6.0859     5.7181     4.8154     4.4598     3.6286     3.2126     2.3819     2.4407     1.6143     1.6449     0.8208     0.8504     0.0300 
           Variation              
Reduction                  0.0001     0.0001     0.0000     0.0001     0.0000     0.0001     0.0000     0.0001     0.0001     0.0001     0.0001     0.0001     0.0001     0.0002 
Shadow                    14.4544    12.2729    11.9006     9.7315     9.3715     7.2866     6.8665     4.7935     4.8375     3.1877     3.2463     1.6012     1.6557     0.0158 
           Overlap                
Reduction                  0.0000     0.0000     0.0000     0.0000     0.0000     0.0000     0.0001     0.0000     0.0000     0.0000     0.0000     0.0000     0.0000     0.0000 
Shadow                     0.0002     0.0000     0.0004     0.0000     0.0005     0.0000     0.0006     0.0000     0.0000     0.0000     0.0000     0.0000     0.0000     0.0000 


-------------------------------------------------------------------------
Name (number) and performance time of processors
DVM(1) 1.029330
DVM(2) 1.029138
DVM(3) 1.028855
DVM(4) 1.029112
DVM(5) 1.028457
DVM(6) 1.028450
DVM(7) 1.028712
DVM(8) 1.028727
DVM(9) 1.029118
DVM(10) 1.029097
DVM(11) 1.029052
DVM(12) 1.029018
DVM(13) 1.029085
DVM(14) 1.029011
min - DVM(6) 1.028450; max - DVM(1) 1.029330; mid - 1.028940
