Processor system=5*4
Statistics has been accumulated on DVM-system version 5.0, platform DVM
Analyzer is executing on DVM-system version 5.0, platform DVM
-------------------------------------------------------------------------
INTERVAL ( NLINE=12 SOURCE=sor.c ) LEVEL=0  EXE_COUNT=2
--- The main characteristics --- 
Parallelization efficiency      0.1235 
Execution time                  6.1453 
Processors                          20
Threads amount                      20
Total time                    122.9069
Productive time                15.1843 ( CPU= 15.1597 Sys= 0.0246 I/O= 0.0000 )
Lost  time                    107.7226 
   Insufficient parallelism     0.6563 ( User= 0.1892 Sys= 0.4671 )
   Communication              107.0074 ( Real_sync= 0.0000 Starts= 0.0000 )
   Idle time                    0.0589
Load imbalance                  3.4104
Synchronization                47.0919
Time variation                 96.9789
Overlap                         0.0012
                  Nop   Communic    Synchro  Variation    Overlap 
Reduction          21    46.8810     0.0023     0.0022     0.0001 
Shadow             60    60.1264    47.0896    96.9767     0.0010 
--- The comparative characteristics --- 
                              Tmin N proc      Tmax N proc      Tmid
Lost time                   5.2156     1     5.5444    17     5.3861 
User insufficient par.      0.0057     9     0.0123    12     0.0095 
Sys.insufficient par.       0.0171     1     0.0298    10     0.0234 
Idle time                   0.0000    12     0.0073     9     0.0029 
Communication               5.1815     2     5.5128    17     5.3504 
Synchronization             0.0203    20     5.1920     1     2.3546 
Variation                   0.0111    20    10.6875     1     4.8489 
Overlap                     0.0000     1     0.0004    15     0.0001 
Load imbalance              0.0000     1     0.3288    17     0.1705 
Execution time              6.1380     9     6.1453    12     6.1424 
User CPU time               0.6000    17     0.9288     1     0.7580 
Sys. CPU time               0.0009     1     0.0016    10     0.0012 
Processors                      20     1         20    20         20 
                      Communic          Synchro        Variation          Overlap  
Reduction       Tmin    0.0004    20     0.0000     6     0.0000     7     0.0000     1 
Reduction       Tmax    5.1782     1     0.0002    20     0.0002    20     0.0000     6 
Reduction       Tmid    2.3441           0.0001           0.0001           0.0000       
Shadow          Tmin    0.0046     1     0.0201    20     0.0109    20     0.0000     1 
Shadow          Tmax    5.5108    20     5.1919     1    10.6874     1     0.0004    15 
Shadow          Tmid    3.0063           2.3545           4.8488           0.0001       
--- The execution characteristics --- 
                                1          2          3          4          5          6          7          8          9         10         11         12         13         14         15         16         17         18         19         20 
Lost time                  5.2156     5.2187     5.2334     5.2473     5.2281     5.2347     5.3368     5.3402     5.2343     5.2452     5.4910     5.5389     5.4890     5.4909     5.4724     5.5400     5.5444     5.5433     5.5376     5.5410 
User insufficient par.     0.0099     0.0094     0.0092     0.0120     0.0121     0.0102     0.0073     0.0094     0.0057     0.0109     0.0069     0.0123     0.0107     0.0108     0.0079     0.0089     0.0067     0.0097     0.0114     0.0079 
Sys.insufficient par.      0.0171     0.0251     0.0286     0.0214     0.0181     0.0275     0.0280     0.0205     0.0189     0.0298     0.0277     0.0212     0.0192     0.0260     0.0277     0.0227     0.0195     0.0250     0.0252     0.0180 
Idle time                  0.0058     0.0027     0.0027     0.0004     0.0015     0.0016     0.0046     0.0035     0.0073     0.0019     0.0050     0.0000     0.0011     0.0012     0.0042     0.0031     0.0054     0.0023     0.0007     0.0039 
Communication              5.1828     5.1815     5.1930     5.2136     5.1964     5.1954     5.2969     5.3068     5.2023     5.2025     5.4514     5.5054     5.4580     5.4530     5.4326     5.5053     5.5128     5.5063     5.5003     5.5112 
Synchronization            5.1920     4.2839     3.3905     2.5231     4.3004     3.3955     2.6067     1.7448     3.4092     2.5148     1.8861     1.1643     2.7790     1.8893     1.2349     0.5861     2.2012     1.3138     0.6559     0.0203 
Variation                 10.6875     8.8774     7.0809     5.3212     8.8888     7.0872     5.4095     3.6726     7.1039     5.3226     3.8127     2.3154     5.5848     3.8179     2.5327     1.1598     4.3754     2.6122     1.3052     0.0111 
Overlap                    0.0000     0.0000     0.0002     0.0000     0.0000     0.0000     0.0001     0.0000     0.0003     0.0000     0.0000     0.0000     0.0000     0.0000     0.0004     0.0000     0.0000     0.0000     0.0000     0.0000 
Load imbalance             0.0000     0.0031     0.0178     0.0317     0.0125     0.0191     0.1212     0.1246     0.0187     0.0296     0.2754     0.3233     0.2734     0.2753     0.2567     0.3244     0.3288     0.3277     0.3220     0.3253 
Execution time             6.1396     6.1426     6.1427     6.1450     6.1438     6.1438     6.1407     6.1419     6.1380     6.1434     6.1403     6.1453     6.1442     6.1442     6.1411     6.1422     6.1400     6.1430     6.1446     6.1415 
User CPU time              0.9288     0.9253     0.9104     0.8969     0.9163     0.9092     0.8071     0.8041     0.9100     0.8986     0.6529     0.6054     0.6554     0.6530     0.6715     0.6041     0.6000     0.6008     0.6064     0.6034 
Sys. CPU time              0.0009     0.0013     0.0015     0.0011     0.0010     0.0014     0.0015     0.0011     0.0010     0.0016     0.0015     0.0011     0.0010     0.0014     0.0015     0.0012     0.0010     0.0013     0.0013     0.0009 
Processors                     20         20         20         20         20         20         20         20         20         20         20         20         20         20         20         20         20         20         20         20 
           Communication          
Reduction                  5.1782     4.2742     3.3843     2.5106     4.2841     3.3872     2.6002     1.7333     3.3955     2.5105     1.8783     1.1547     2.7631     1.8809     1.2300     0.5770     2.1858     1.3039     0.6491     0.0004 
Shadow                     0.0046     0.9073     1.8087     2.7030     0.9123     1.8082     2.6967     3.5735     1.8068     2.6921     3.5732     4.3507     2.6949     3.5720     4.2026     4.9283     3.3270     4.2024     4.8512     5.5108 
           Synchronization        
Reduction                  0.0001     0.0001     0.0001     0.0001     0.0001     0.0000     0.0000     0.0000     0.0000     0.0001     0.0001     0.0001     0.0001     0.0002     0.0002     0.0002     0.0002     0.0002     0.0002     0.0002 
Shadow                     5.1919     4.2838     3.3904     2.5230     4.3003     3.3955     2.6067     1.7448     3.4092     2.5147     1.8860     1.1642     2.7789     1.8891     1.2348     0.5859     2.2011     1.3136     0.6557     0.0201 
           Variation              
Reduction                  0.0001     0.0001     0.0001     0.0001     0.0001     0.0000     0.0000     0.0000     0.0000     0.0001     0.0001     0.0001     0.0001     0.0002     0.0002     0.0002     0.0002     0.0002     0.0002     0.0002 
Shadow                    10.6874     8.8773     7.0808     5.3211     8.8887     7.0872     5.4095     3.6726     7.1039     5.3225     3.8125     2.3153     5.5847     3.8178     2.5325     1.1596     4.3752     2.6121     1.3050     0.0109 
           Overlap                
Reduction                  0.0000     0.0000     0.0000     0.0000     0.0000     0.0000     0.0000     0.0000     0.0000     0.0000     0.0000     0.0000     0.0000     0.0000     0.0000     0.0000     0.0000     0.0000     0.0000     0.0000 
Shadow                     0.0000     0.0000     0.0002     0.0000     0.0000     0.0000     0.0000     0.0000     0.0003     0.0000     0.0000     0.0000     0.0000     0.0000     0.0004     0.0000     0.0000     0.0000     0.0000     0.0000 


-------------------------------------------------------------------------
Name (number) and performance time of processors
DVM(1) 1.028736
DVM(2) 1.028455
DVM(3) 1.029253
DVM(4) 1.030523
DVM(5) 1.029387
DVM(6) 1.029351
DVM(7) 1.029201
DVM(8) 1.029218
DVM(9) 1.028828
DVM(10) 1.028715
DVM(11) 1.028566
DVM(12) 1.028553
DVM(13) 1.028374
DVM(14) 1.028401
DVM(15) 1.029122
DVM(16) 1.029155
DVM(17) 1.029134
DVM(18) 1.030602
DVM(19) 1.029040
DVM(20) 1.030468
min - DVM(13) 1.028374; max - DVM(18) 1.030602; mid - 1.029154
