Processor system=9*2
Statistics has been accumulated on DVM-system version 5.0, platform DVM
Analyzer is executing on DVM-system version 5.0, platform DVM
-------------------------------------------------------------------------
INTERVAL ( NLINE=12 SOURCE=sor.c ) LEVEL=0  EXE_COUNT=2
--- The main characteristics --- 
Parallelization efficiency      0.0904 
Execution time                  9.0990 
Processors                          18
Threads amount                      18
Total time                    163.7826
Productive time                14.8125 ( CPU= 14.7946 Sys= 0.0178 I/O= 0.0000 )
Lost  time                    148.9701 
   Insufficient parallelism     0.4074 ( User= 0.1040 Sys= 0.3034 )
   Communication              148.5179 ( Real_sync= 0.0000 Starts= 0.0000 )
   Idle time                    0.0448
Load imbalance                  3.7541
Synchronization                69.3352
Time variation                141.6902
Overlap                         0.0037
                  Nop   Communic    Synchro  Variation    Overlap 
Reduction          20    69.2068     0.0021     0.0021     0.0002 
Shadow             60    79.3112    69.3330   141.6881     0.0035 
--- The comparative characteristics --- 
                              Tmin N proc      Tmax N proc      Tmid
Lost time                   8.0676     1     8.4625    18     8.2761 
User insufficient par.      0.0040    16     0.0076     3     0.0058 
Sys.insufficient par.       0.0101    17     0.0188     4     0.0169 
Idle time                   0.0000     3     0.0054    18     0.0025 
Communication               8.0431     1     8.4410    17     8.2510 
Synchronization             0.0284    18     8.0445     1     3.8520 
Variation                   0.0153    18    16.4632     1     7.8717 
Overlap                     0.0000     2     0.0006     7     0.0002 
Load imbalance              0.0000     1     0.3949    18     0.2086 
Execution time              9.0936    18     9.0990     3     9.0965 
User CPU time               0.6358    18     1.0305     1     0.8219 
Sys. CPU time               0.0006    17     0.0011     4     0.0010 
Processors                      18     1         18    18         18 
                      Communic          Synchro        Variation          Overlap  
Reduction       Tmin    0.0004    18     0.0000    11     0.0000    11     0.0000     1 
Reduction       Tmax    8.0377     1     0.0002    18     0.0002    18     0.0000     7 
Reduction       Tmid    3.8448           0.0001           0.0001           0.0000       
Shadow          Tmin    0.0054     1     0.0281    18     0.0150    18     0.0000     2 
Shadow          Tmax    8.4394    18     8.0444     1    16.4631     1     0.0005     7 
Shadow          Tmid    4.4062           3.8518           7.8716           0.0002       
--- The execution characteristics --- 
                                1          2          3          4          5          6          7          8          9         10         11         12         13         14         15         16         17         18 
Lost time                  8.0676     8.3701     8.0791     8.3713     8.0886     8.3482     8.0941     8.4285     8.1099     8.4298     8.1144     8.4301     8.1294     8.4301     8.1240     8.4303     8.4622     8.4625 
User insufficient par.     0.0062     0.0073     0.0076     0.0069     0.0046     0.0065     0.0064     0.0051     0.0047     0.0048     0.0065     0.0059     0.0048     0.0065     0.0063     0.0040     0.0057     0.0043 
Sys.insufficient par.      0.0160     0.0182     0.0173     0.0188     0.0171     0.0188     0.0174     0.0184     0.0157     0.0185     0.0174     0.0185     0.0157     0.0180     0.0167     0.0180     0.0101     0.0129 
Idle time                  0.0023     0.0000     0.0000     0.0005     0.0035     0.0012     0.0012     0.0028     0.0047     0.0032     0.0008     0.0016     0.0043     0.0020     0.0019     0.0040     0.0054     0.0054 
Communication              8.0431     8.3447     8.0542     8.3451     8.0634     8.3217     8.0692     8.4023     8.0849     8.4034     8.0897     8.4041     8.1045     8.4036     8.0991     8.4042     8.4410     8.4398 
Synchronization            8.0445     7.3395     7.0487     6.3439     6.0634     5.3351     5.0835     4.4362     4.1195     3.4732     3.1604     2.5148     2.2159     1.5697     1.2661     0.6218     0.6706     0.0284 
Variation                 16.4632    14.7564    14.4627    12.7672    12.4823    10.7729    10.5171     8.8941     8.5734     6.9674     6.6502     5.0494     4.7465     3.1603     2.8523     1.2619     1.2977     0.0153 
Overlap                    0.0002     0.0000     0.0004     0.0000     0.0005     0.0000     0.0006     0.0000     0.0006     0.0000     0.0005     0.0000     0.0004     0.0000     0.0004     0.0000     0.0000     0.0000 
Load imbalance             0.0000     0.3026     0.0115     0.3037     0.0211     0.2807     0.0266     0.3610     0.0423     0.3623     0.0468     0.3625     0.0618     0.3625     0.0564     0.3627     0.3947     0.3949 
Execution time             9.0967     9.0990     9.0990     9.0986     9.0955     9.0978     9.0979     9.0963     9.0944     9.0959     9.0982     9.0974     9.0948     9.0970     9.0971     9.0951     9.0937     9.0936 
User CPU time              1.0305     0.7278     1.0189     0.7267     1.0094     0.7497     1.0039     0.6694     0.9882     0.6681     0.9836     0.6678     0.9687     0.6679     0.9740     0.6677     0.6362     0.6358 
Sys. CPU time              0.0009     0.0011     0.0010     0.0011     0.0010     0.0011     0.0010     0.0011     0.0009     0.0011     0.0010     0.0011     0.0009     0.0011     0.0010     0.0011     0.0006     0.0008 
Processors                     18         18         18         18         18         18         18         18         18         18         18         18         18         18         18         18         18         18 
           Communication          
Reduction                  8.0377     7.3352     7.0430     6.3414     6.0576     5.3325     5.0779     4.4333     4.1139     3.4706     3.1547     2.5118     2.2102     1.5673     1.2604     0.6178     0.6411     0.0004 
Shadow                     0.0054     1.0095     1.0112     2.0037     2.0059     2.9892     2.9912     3.9690     3.9710     4.9328     4.9350     5.8923     5.8943     6.8363     6.8387     7.7864     7.7999     8.4394 
           Synchronization        
Reduction                  0.0001     0.0002     0.0001     0.0001     0.0001     0.0002     0.0000     0.0001     0.0000     0.0001     0.0000     0.0001     0.0000     0.0001     0.0001     0.0002     0.0002     0.0002 
Shadow                     8.0444     7.3393     7.0486     6.3438     6.0633     5.3350     5.0835     4.4361     4.1195     3.4731     3.1604     2.5147     2.2158     1.5696     1.2661     0.6216     0.6704     0.0281 
           Variation              
Reduction                  0.0001     0.0002     0.0001     0.0001     0.0001     0.0001     0.0000     0.0001     0.0000     0.0001     0.0000     0.0001     0.0000     0.0001     0.0001     0.0002     0.0002     0.0002 
Shadow                    16.4631    14.7563    14.4626    12.7671    12.4822    10.7727    10.5171     8.8939     8.5733     6.9673     6.6501     5.0492     4.7465     3.1602     2.8522     1.2617     1.2975     0.0150 
           Overlap                
Reduction                  0.0000     0.0000     0.0000     0.0000     0.0000     0.0000     0.0000     0.0000     0.0000     0.0000     0.0000     0.0000     0.0000     0.0000     0.0000     0.0000     0.0000     0.0000 
Shadow                     0.0002     0.0000     0.0004     0.0000     0.0005     0.0000     0.0005     0.0000     0.0005     0.0000     0.0005     0.0000     0.0004     0.0000     0.0003     0.0000     0.0000     0.0000 


-------------------------------------------------------------------------
Name (number) and performance time of processors
DVM(1) 1.029120
DVM(2) 1.028995
DVM(3) 1.028924
DVM(4) 1.028976
DVM(5) 1.029085
DVM(6) 1.029074
DVM(7) 1.028916
DVM(8) 1.029008
DVM(9) 1.028816
DVM(10) 1.028758
DVM(11) 1.028568
DVM(12) 1.028551
DVM(13) 1.028676
DVM(14) 1.028668
DVM(15) 1.029203
DVM(16) 1.029191
DVM(17) 1.028861
DVM(18) 1.028867
min - DVM(12) 1.028551; max - DVM(15) 1.029203; mid - 1.028903
