Processor system=4*4
Statistics has been accumulated on DVM-system version 5.0, platform DVM
Analyzer is executing on DVM-system version 5.0, platform DVM
-------------------------------------------------------------------------
INTERVAL ( NLINE=12 SOURCE=sor.c ) LEVEL=0  EXE_COUNT=1
--- The main characteristics --- 
Parallelization efficiency      0.1335 
Execution time                  6.6795 
Processors                          16
Threads amount                      16
Total time                    106.8720
Productive time                14.2718 ( CPU= 14.2477 Sys= 0.0241 I/O= 0.0000 )
Lost  time                     92.6001 
   Insufficient parallelism     0.4348 ( User= 0.0731 Sys= 0.3617 )
   Communication               92.1291 ( Real_sync= 0.0000 Starts= 0.0000 )
   Idle time                    0.0362
Load imbalance                  4.2442
Synchronization                42.0333
Time variation                 86.5564
Overlap                         0.0020
                  Nop   Communic    Synchro  Variation    Overlap 
Reduction          20    41.8488     0.0019     0.0019     0.0001 
Shadow             60    50.2804    42.0315    86.5545     0.0019 
--- The comparative characteristics --- 
                              Tmin N proc      Tmax N proc      Tmid
Lost time                   5.5222     1     5.9647    16     5.7875 
User insufficient par.      0.0030    13     0.0067     1     0.0046 
Sys.insufficient par.       0.0150    13     0.0295     7     0.0226 
Idle time                   0.0000     1     0.0047    13     0.0023 
Communication               5.4987     1     5.9418    13     5.7581 
Synchronization             0.0325    16     5.4988     1     2.6271 
Variation                   0.0179    16    11.4141     1     5.4098 
Overlap                     0.0000     4     0.0004     6     0.0001 
Load imbalance              0.0000     1     0.4424    16     0.2653 
Execution time              6.6748    13     6.6795     1     6.6772 
User CPU time               0.7138    16     1.1561     1     0.8905 
Sys. CPU time               0.0010    13     0.0020     7     0.0015 
Processors                      16     1         16    16         16 
                      Communic          Synchro        Variation          Overlap  
Reduction       Tmin    0.0004    16     0.0000     9     0.0000     9     0.0000     1 
Reduction       Tmax    5.4884     1     0.0002    16     0.0002    16     0.0000     9 
Reduction       Tmid    2.6155           0.0001           0.0001           0.0000       
Shadow          Tmin    0.0103     1     0.0322    16     0.0177    16     0.0000     3 
Shadow          Tmax    5.9409    16     5.4987     1    11.4140     1     0.0004     6 
Shadow          Tmid    3.1425           2.6270           5.4097           0.0001       
--- The execution characteristics --- 
                                1          2          3          4          5          6          7          8          9         10         11         12         13         14         15         16 
Lost time                  5.5222     5.8605     5.5428     5.8673     5.5385     5.9244     5.5626     5.9277     5.5526     5.9265     5.5889     5.9294     5.9645     5.9636     5.9640     5.9647 
User insufficient par.     0.0067     0.0049     0.0035     0.0043     0.0041     0.0058     0.0058     0.0057     0.0053     0.0051     0.0039     0.0039     0.0030     0.0040     0.0038     0.0035 
Sys.insufficient par.      0.0168     0.0276     0.0284     0.0220     0.0187     0.0288     0.0295     0.0215     0.0192     0.0291     0.0276     0.0209     0.0150     0.0211     0.0198     0.0157 
Idle time                  0.0000     0.0016     0.0035     0.0019     0.0024     0.0008     0.0008     0.0004     0.0012     0.0012     0.0031     0.0027     0.0047     0.0039     0.0039     0.0043 
Communication              5.4987     5.8265     5.5075     5.8391     5.5133     5.8891     5.5265     5.9001     5.5270     5.8911     5.5543     5.9018     5.9418     5.9347     5.9365     5.9412 
Synchronization            5.4988     4.6943     3.5818     2.7971     4.3808     3.6390     2.4879     1.7650     3.2769     2.5374     1.4228     0.7019     2.6011     1.8659     0.7499     0.0325 
Variation                 11.4141     9.4858     7.5750     5.6748     9.1647     7.3128     5.3691     3.5500     6.9435     5.1072     3.2106     1.4206     5.1546     3.6958     1.4599     0.0179 
Overlap                    0.0002     0.0002     0.0000     0.0000     0.0004     0.0004     0.0000     0.0000     0.0004     0.0003     0.0000     0.0000     0.0000     0.0000     0.0000     0.0000 
Load imbalance             0.0000     0.3383     0.0206     0.3451     0.0162     0.4022     0.0403     0.4054     0.0304     0.4042     0.0666     0.4071     0.4422     0.4414     0.4417     0.4424 
Execution time             6.6795     6.6779     6.6760     6.6776     6.6771     6.6787     6.6787     6.6791     6.6783     6.6783     6.6764     6.6768     6.6748     6.6756     6.6756     6.6752 
User CPU time              1.1561     0.8171     1.1348     0.8107     1.1398     0.7532     1.1150     0.7504     1.1256     0.7511     1.0888     0.7487     0.7140     0.7145     0.7142     0.7138 
Sys. CPU time              0.0011     0.0018     0.0019     0.0015     0.0012     0.0019     0.0020     0.0014     0.0013     0.0019     0.0018     0.0014     0.0010     0.0014     0.0013     0.0010 
Processors                     16         16         16         16         16         16         16         16         16         16         16         16         16         16         16         16 
           Communication          
Reduction                  5.4884     4.6933     3.5771     2.7906     4.3711     3.6388     2.4838     1.7588     3.2671     2.5372     1.4183     0.6944     2.5695     1.8391     0.7208     0.0004 
Shadow                     0.0103     1.1331     1.9304     3.0484     1.1422     2.2503     3.0427     4.1413     2.2598     3.3540     4.1359     5.2074     3.3723     4.0957     5.2157     5.9409 
           Synchronization        
Reduction                  0.0001     0.0001     0.0001     0.0002     0.0000     0.0001     0.0000     0.0001     0.0000     0.0001     0.0001     0.0002     0.0001     0.0002     0.0002     0.0002 
Shadow                     5.4987     4.6942     3.5817     2.7970     4.3808     3.6388     2.4879     1.7649     3.2769     2.5373     1.4228     0.7017     2.6010     1.8658     0.7497     0.0322 
           Variation              
Reduction                  0.0001     0.0001     0.0001     0.0002     0.0000     0.0001     0.0000     0.0001     0.0000     0.0001     0.0001     0.0002     0.0001     0.0002     0.0002     0.0002 
Shadow                    11.4140     9.4857     7.5749     5.6747     9.1647     7.3126     5.3691     3.5499     6.9435     5.1071     3.2105     1.4204     5.1545     3.6957     1.4597     0.0177 
           Overlap                
Reduction                  0.0000     0.0000     0.0000     0.0000     0.0000     0.0000     0.0000     0.0000     0.0000     0.0000     0.0000     0.0000     0.0000     0.0000     0.0000     0.0000 
Shadow                     0.0002     0.0002     0.0000     0.0000     0.0004     0.0004     0.0000     0.0000     0.0003     0.0003     0.0000     0.0000     0.0000     0.0000     0.0000     0.0000 


-------------------------------------------------------------------------
Name (number) and performance time of processors
DVM(1) 1.029389
DVM(2) 1.029304
DVM(3) 1.028765
DVM(4) 1.028715
DVM(5) 1.029367
DVM(6) 1.029311
DVM(7) 1.028786
DVM(8) 1.028685
DVM(9) 1.029020
DVM(10) 1.029080
DVM(11) 1.029308
DVM(12) 1.029279
DVM(13) 1.028846
DVM(14) 1.028838
DVM(15) 1.028698
DVM(16) 1.028709
min - DVM(8) 1.028685; max - DVM(1) 1.029389; mid - 1.029006
