Processor system=2*9
Statistics has been accumulated on DVM-system version 5.0, platform DVM
Analyzer is executing on DVM-system version 5.0, platform DVM
-------------------------------------------------------------------------
INTERVAL ( NLINE=12 SOURCE=sor.c ) LEVEL=0  EXE_COUNT=2
--- The main characteristics --- 
Parallelization efficiency      0.1006 
Execution time                  8.2304 
Processors                          18
Threads amount                      18
Total time                    148.1480
Productive time                14.9089 ( CPU= 14.8726 Sys= 0.0362 I/O= 0.0000 )
Lost  time                    133.2391 
   Insufficient parallelism     0.7056 ( User= 0.0899 Sys= 0.6158 )
   Communication              132.4828 ( Real_sync= 0.0000 Starts= 0.0000 )
   Idle time                    0.0507
Load imbalance                  3.7029
Synchronization                60.7817
Time variation                124.6102
Overlap                         0.0010
                  Nop   Communic    Synchro  Variation    Overlap 
Reduction          20    60.5606     0.0023     0.0023     0.0001 
Shadow             60    71.9222    60.7794   124.6078     0.0009 
--- The comparative characteristics --- 
                              Tmin N proc      Tmax N proc      Tmid
Lost time                   7.1965     1     7.5934    18     7.4022 
User insufficient par.      0.0032    13     0.0072     8     0.0050 
Sys.insufficient par.       0.0172    18     0.0408     7     0.0342 
Idle time                   0.0000     8     0.0070    17     0.0028 
Communication               7.1594     3     7.5663    18     7.3602 
Synchronization             0.0470    18     7.1678     1     3.3768 
Variation                   0.0258    18    14.6925     1     6.9228 
Overlap                     0.0000     4     0.0004     2     0.0001 
Load imbalance              0.0000     1     0.3970    18     0.2057 
Execution time              8.2235    17     8.2304     8     8.2276 
User CPU time               0.6360    18     1.0328     1     0.8263 
Sys. CPU time               0.0010    18     0.0024     7     0.0020 
Processors                      18     1         18    18         18 
                      Communic          Synchro        Variation          Overlap  
Reduction       Tmin    0.0003    18     0.0000    11     0.0000    11     0.0000     1 
Reduction       Tmax    7.1493     1     0.0003    18     0.0003    18     0.0001    11 
Reduction       Tmid    3.3645           0.0001           0.0001           0.0000       
Shadow          Tmin    0.0189     1     0.0467    18     0.0255    18     0.0000     3 
Shadow          Tmax    7.5659    18     7.1677     1    14.6924     1     0.0004     2 
Shadow          Tmid    3.9957           3.3766           6.9227           0.0000       
--- The execution characteristics --- 
                                1          2          3          4          5          6          7          8          9         10         11         12         13         14         15         16         17         18 
Lost time                  7.1965     7.4969     7.2068     7.5110     7.2260     7.4812     7.2377     7.5569     7.5581     7.2076     7.2168     7.5570     7.2382     7.5564     7.2482     7.5575     7.5929     7.5934 
User insufficient par.     0.0046     0.0058     0.0033     0.0055     0.0064     0.0045     0.0064     0.0072     0.0060     0.0061     0.0040     0.0037     0.0032     0.0067     0.0050     0.0047     0.0032     0.0034 
Sys.insufficient par.      0.0198     0.0399     0.0389     0.0375     0.0401     0.0374     0.0408     0.0366     0.0319     0.0240     0.0401     0.0355     0.0394     0.0359     0.0400     0.0365     0.0243     0.0172 
Idle time                  0.0038     0.0015     0.0052     0.0019     0.0007     0.0031     0.0007     0.0000     0.0011     0.0011     0.0034     0.0043     0.0046     0.0004     0.0023     0.0027     0.0070     0.0067 
Communication              7.1682     7.4496     7.1594     7.4660     7.1787     7.4362     7.1898     7.5130     7.5191     7.1764     7.1693     7.5135     7.1911     7.5135     7.2008     7.5136     7.5583     7.5663 
Synchronization            7.1678     6.4364     5.4362     4.7346     3.7469     3.0156     2.0380     1.3819     0.7350     6.1677     5.1563     4.5025     3.5260     2.8721     1.9054     1.2524     0.6598     0.0470 
Variation                 14.6925    12.9647    11.2453     9.5374     7.8469     6.1283     4.4182     2.7872     1.4895    12.6805    10.6758     9.0256     7.3938     5.7651     4.1431     2.5253     1.2650     0.0258 
Overlap                    0.0004     0.0004     0.0000     0.0000     0.0000     0.0000     0.0000     0.0000     0.0000     0.0000     0.0001     0.0000     0.0000     0.0000     0.0000     0.0000     0.0000     0.0000 
Load imbalance             0.0000     0.3004     0.0104     0.3145     0.0295     0.2848     0.0412     0.3604     0.3616     0.0111     0.0204     0.3606     0.0418     0.3600     0.0517     0.3611     0.3964     0.3970 
Execution time             8.2266     8.2289     8.2252     8.2285     8.2297     8.2273     8.2297     8.2304     8.2293     8.2293     8.2270     8.2262     8.2258     8.2301     8.2282     8.2277     8.2235     8.2238 
User CPU time              1.0328     0.7312     1.0213     0.7172     1.0021     0.7470     0.9903     0.6714     0.6705     1.0215     1.0113     0.6713     0.9899     0.6719     0.9799     0.6708     0.6361     0.6360 
Sys. CPU time              0.0012     0.0023     0.0023     0.0022     0.0024     0.0022     0.0024     0.0022     0.0019     0.0014     0.0024     0.0021     0.0023     0.0021     0.0024     0.0021     0.0014     0.0010 
Processors                     18         18         18         18         18         18         18         18         18         18         18         18         18         18         18         18         18         18 
           Communication          
Reduction                  7.1493     6.4362     5.4282     4.7273     3.7385     3.0075     2.0304     1.3769     0.7294     6.1463     5.1484     4.4947     3.5183     2.8645     1.8983     1.2449     0.6210     0.0003 
Shadow                     0.0189     1.0134     1.7311     2.7387     3.4402     4.4287     5.1593     6.1361     6.7897     1.0301     2.0208     3.0189     3.6728     4.6489     5.3025     6.2687     6.9374     7.5659 
           Synchronization        
Reduction                  0.0001     0.0002     0.0001     0.0002     0.0001     0.0002     0.0001     0.0001     0.0002     0.0001     0.0000     0.0001     0.0000     0.0001     0.0001     0.0002     0.0003     0.0003 
Shadow                     7.1677     6.4363     5.4361     4.7344     3.7468     3.0155     2.0379     1.3817     0.7348     6.1676     5.1563     4.5024     3.5260     2.8720     1.9054     1.2523     0.6596     0.0467 
           Variation              
Reduction                  0.0001     0.0002     0.0001     0.0002     0.0001     0.0002     0.0001     0.0001     0.0002     0.0001     0.0000     0.0001     0.0000     0.0001     0.0001     0.0001     0.0003     0.0003 
Shadow                    14.6924    12.9646    11.2452     9.5372     7.8468     6.1281     4.4181     2.7871     1.4893    12.6804    10.6758     9.0255     7.3938     5.7650     4.1430     2.5252     1.2647     0.0255 
           Overlap                
Reduction                  0.0000     0.0000     0.0000     0.0000     0.0000     0.0000     0.0000     0.0000     0.0000     0.0000     0.0001     0.0000     0.0000     0.0000     0.0000     0.0000     0.0000     0.0000 
Shadow                     0.0004     0.0004     0.0000     0.0000     0.0000     0.0000     0.0000     0.0000     0.0000     0.0000     0.0000     0.0000     0.0000     0.0000     0.0000     0.0000     0.0000     0.0000 


-------------------------------------------------------------------------
Name (number) and performance time of processors
DVM(1) 1.029065
DVM(2) 1.028960
DVM(3) 1.028682
DVM(4) 1.029910
DVM(5) 1.028670
DVM(6) 1.028648
DVM(7) 1.029083
DVM(8) 1.029132
DVM(9) 1.028717
DVM(10) 1.028896
DVM(11) 1.028980
DVM(12) 1.028965
DVM(13) 1.029661
DVM(14) 1.029668
DVM(15) 1.028946
DVM(16) 1.028992
DVM(17) 1.028967
DVM(18) 1.028994
min - DVM(6) 1.028648; max - DVM(4) 1.029910; mid - 1.029052
