Processor system=3*7
Statistics has been accumulated on DVM-system version 5.0, platform DVM
Analyzer is executing on DVM-system version 5.0, platform DVM
-------------------------------------------------------------------------
INTERVAL ( NLINE=12 SOURCE=sor.c ) LEVEL=0  EXE_COUNT=2
--- The main characteristics --- 
Parallelization efficiency      0.1050 
Execution time                  8.4881 
Processors                          21
Threads amount                      21
Total time                    178.2508
Productive time                18.7210 ( CPU= 18.6901 Sys= 0.0309 I/O= 0.0000 )
Lost  time                    159.5298 
   Insufficient parallelism     0.9255 ( User= 0.3069 Sys= 0.6186 )
   Communication              158.2746 ( Real_sync= 0.0000 Starts= 0.0000 )
   Idle time                    0.3297
Load imbalance                  1.8521
Synchronization                82.8940
Time variation                163.6932
Overlap                         0.0009
                  Nop   Communic    Synchro  Variation    Overlap 
Reduction          21    80.8898     0.6971     0.6970     0.0000 
Shadow             60    77.3847    82.1969   162.9962     0.0009 
--- The comparative characteristics --- 
                              Tmin N proc      Tmax N proc      Tmid
Lost time                   7.5085     8     7.6905    13     7.5967 
User insufficient par.      0.0119    14     0.0279    21     0.0146 
Sys.insufficient par.       0.0186     1     0.0423    16     0.0295 
Idle time                   0.0000    21     0.0243    11     0.0157 
Communication               7.4573    19     7.6301    13     7.5369 
Synchronization             0.1480    21     7.6283     1     3.9473 
Variation                   0.0965    21    15.1444     1     7.7949 
Overlap                     0.0000     1     0.0002     8     0.0000 
Load imbalance              0.0000     8     0.1820    13     0.0882 
Execution time              8.4638    11     8.4881    21     8.4724 
User CPU time               0.7961    13     0.9787     8     0.8900 
Sys. CPU time               0.0009     1     0.0021    16     0.0015 
Processors                      21     1         21    21         21 
                      Communic          Synchro        Variation          Overlap  
Reduction       Tmin    0.0008    21     0.0145     9     0.0145     9     0.0000     1 
Reduction       Tmax    7.5559     1     0.0381    21     0.0381    21     0.0000    16 
Reduction       Tmid    3.8519           0.0332           0.0332           0.0000       
Shadow          Tmin    0.0168     1     0.1099    21     0.0584    21     0.0000     1 
Shadow          Tmax    7.5850    21     7.6012     1    15.1174     1     0.0002     8 
Shadow          Tmid    3.6850           3.9141           7.7617           0.0000       
--- The execution characteristics --- 
                                1          2          3          4          5          6          7          8          9         10         11         12         13         14         15         16         17         18         19         20         21 
Lost time                  7.6248     7.5912     7.5795     7.5992     7.6477     7.5802     7.6112     7.5085     7.5542     7.5837     7.6076     7.6066     7.6905     7.6246     7.6183     7.5775     7.5476     7.6598     7.5173     7.5668     7.6328 
User insufficient par.     0.0176     0.0123     0.0120     0.0119     0.0122     0.0120     0.0120     0.0126     0.0210     0.0124     0.0128     0.0141     0.0126     0.0119     0.0126     0.0133     0.0123     0.0277     0.0128     0.0128     0.0279 
Sys.insufficient par.      0.0186     0.0312     0.0345     0.0318     0.0334     0.0327     0.0242     0.0193     0.0263     0.0327     0.0350     0.0338     0.0318     0.0275     0.0209     0.0423     0.0327     0.0319     0.0312     0.0278     0.0191 
Idle time                  0.0159     0.0160     0.0160     0.0161     0.0160     0.0160     0.0160     0.0159     0.0161     0.0160     0.0243     0.0230     0.0159     0.0160     0.0154     0.0150     0.0160     0.0123     0.0159     0.0160     0.0000 
Communication              7.5727     7.5318     7.5170     7.5394     7.5862     7.5195     7.5589     7.4606     7.4908     7.5226     7.5355     7.5357     7.6301     7.5692     7.5694     7.5069     7.4867     7.5880     7.4573     7.5102     7.5858 
Synchronization            7.6283     6.7413     5.8902     4.9608     4.1361     3.2271     2.3728     6.6564     5.6792     4.7992     3.8518     3.0023     2.1664     1.3062     5.8708     4.8373     3.7975     2.9227     1.9207     0.9790     0.1480 
Variation                 15.1444    13.4191    11.6788     9.8151     8.1176     6.3970     4.6511    13.3393    11.3783     9.5094     7.6175     5.9017     4.1177     2.4618    11.5822     9.5811     7.5393     5.6912     3.7998     1.8544     0.0965 
Overlap                    0.0000     0.0000     0.0000     0.0000     0.0000     0.0001     0.0000     0.0002     0.0000     0.0000     0.0000     0.0000     0.0000     0.0000     0.0001     0.0000     0.0000     0.0001     0.0001     0.0000     0.0000 
Load imbalance             0.1163     0.0828     0.0711     0.0908     0.1393     0.0718     0.1027     0.0000     0.0457     0.0753     0.0992     0.0981     0.1820     0.1162     0.1098     0.0690     0.0391     0.1514     0.0088     0.0584     0.1244 
Execution time             8.4722     8.4721     8.4721     8.4721     8.4722     8.4721     8.4721     8.4722     8.4721     8.4722     8.4638     8.4652     8.4722     8.4721     8.4728     8.4732     8.4722     8.4759     8.4722     8.4721     8.4881 
User CPU time              0.8624     0.8953     0.9069     0.8873     0.8387     0.9063     0.8758     0.9787     0.9327     0.9028     0.8788     0.8799     0.7961     0.8621     0.8688     0.9085     0.9389     0.8267     0.9693     0.9199     0.8543 
Sys. CPU time              0.0009     0.0016     0.0017     0.0016     0.0017     0.0016     0.0012     0.0010     0.0013     0.0016     0.0017     0.0017     0.0016     0.0014     0.0010     0.0021     0.0016     0.0016     0.0016     0.0014     0.0010 
Processors                     21         21         21         21         21         21         21         21         21         21         21         21         21         21         21         21         21         21         21         21         21 
           Communication          
Reduction                  7.5559     6.6770     5.7741     4.8619     4.0361     3.1575     2.3031     6.6091     5.6579     4.7012     3.7691     2.9023     2.0493     1.1909     5.7469     4.7187     3.6961     2.8243     1.8040     0.8537     0.0008 
Shadow                     0.0168     0.8548     1.7429     2.6775     3.5501     4.3620     5.2559     0.8515     1.8329     2.8215     3.7664     4.6334     5.5808     6.3783     1.8226     2.7882     3.7906     4.7637     5.6534     6.6565     7.5850 
           Synchronization        
Reduction                  0.0271     0.0270     0.0375     0.0364     0.0380     0.0253     0.0247     0.0249     0.0145     0.0366     0.0375     0.0375     0.0376     0.0364     0.0363     0.0343     0.0355     0.0380     0.0371     0.0371     0.0381 
Shadow                     7.6012     6.7143     5.8526     4.9244     4.0981     3.2018     2.3481     6.6315     5.6647     4.7626     3.8143     2.9648     2.1288     1.2698     5.8345     4.8030     3.7620     2.8847     1.8836     0.9420     0.1099 
           Variation              
Reduction                  0.0270     0.0270     0.0375     0.0364     0.0380     0.0253     0.0247     0.0249     0.0145     0.0366     0.0375     0.0375     0.0376     0.0364     0.0363     0.0343     0.0355     0.0380     0.0371     0.0371     0.0381 
Shadow                    15.1174    13.3921    11.6413     9.7788     8.0796     6.3717     4.6264    13.3144    11.3638     9.4728     7.5800     5.8642     4.0802     2.4254    11.5459     9.5468     7.5038     5.6533     3.7628     1.8173     0.0584 
           Overlap                
Reduction                  0.0000     0.0000     0.0000     0.0000     0.0000     0.0000     0.0000     0.0000     0.0000     0.0000     0.0000     0.0000     0.0000     0.0000     0.0000     0.0000     0.0000     0.0000     0.0000     0.0000     0.0000 
Shadow                     0.0000     0.0000     0.0000     0.0000     0.0000     0.0001     0.0000     0.0002     0.0000     0.0000     0.0000     0.0000     0.0000     0.0000     0.0001     0.0000     0.0000     0.0001     0.0001     0.0000     0.0000 


-------------------------------------------------------------------------
Name (number) and performance time of processors
DVM(1) 2.433849
DVM(2) 1.028370
DVM(3) 1.029323
DVM(4) 1.043193
DVM(5) 1.028992
DVM(6) 1.028984
DVM(7) 1.028703
DVM(8) 1.028700
DVM(9) 1.028604
DVM(10) 1.028651
DVM(11) 1.028662
DVM(12) 1.028691
DVM(13) 1.028461
DVM(14) 1.028429
DVM(15) 1.029146
DVM(16) 1.029122
DVM(17) 1.028823
DVM(18) 1.028791
DVM(19) 1.029789
DVM(20) 1.030304
DVM(21) 2.440269
min - DVM(2) 1.028370; max - DVM(21) 2.440269; mid - 1.163708
