Processor system=3*6
Statistics has been accumulated on DVM-system version 5.0, platform DVM
Analyzer is executing on DVM-system version 5.0, platform DVM
-------------------------------------------------------------------------
INTERVAL ( NLINE=12 SOURCE=sor.c ) LEVEL=0  EXE_COUNT=2
--- The main characteristics --- 
Parallelization efficiency      0.1236 
Execution time                  6.6747 
Processors                          18
Threads amount                      18
Total time                    120.1442
Productive time                14.8533 ( CPU= 14.8243 Sys= 0.0290 I/O= 0.0000 )
Lost  time                    105.2910 
   Insufficient parallelism     0.5845 ( User= 0.0918 Sys= 0.4927 )
   Communication              104.6552 ( Real_sync= 0.0000 Starts= 0.0000 )
   Idle time                    0.0513
Load imbalance                  3.6599
Synchronization                47.6393
Time variation                 98.3140
Overlap                         0.0018
                  Nop   Communic    Synchro  Variation    Overlap 
Reduction          20    47.4591     0.0018     0.0018     0.0002 
Shadow             60    57.1960    47.6375    98.3121     0.0016 
--- The comparative characteristics --- 
                              Tmin N proc      Tmax N proc      Tmid
Lost time                   5.6462     1     6.0380    18     5.8495 
User insufficient par.      0.0032    18     0.0079     1     0.0051 
Sys.insufficient par.       0.0155    18     0.0330     8     0.0274 
Idle time                   0.0000     1     0.0068    17     0.0028 
Communication               5.6173     3     6.0131    18     5.8142 
Synchronization             0.0392    18     5.6202     1     2.6466 
Variation                   0.0213    18    11.6005     1     5.4619 
Overlap                     0.0000     4     0.0005     8     0.0001 
Load imbalance              0.0000     1     0.3918    18     0.2033 
Execution time              6.6678    17     6.6747     1     6.6718 
User CPU time               0.6358    18     1.0274     1     0.8236 
Sys. CPU time               0.0009    18     0.0019     8     0.0016 
Processors                      18     1         18    18         18 
                      Communic          Synchro        Variation          Overlap  
Reduction       Tmin    0.0004    18     0.0000     9     0.0000     9     0.0000     2 
Reduction       Tmax    5.6069     1     0.0002    18     0.0002    18     0.0000     9 
Reduction       Tmid    2.6366           0.0001           0.0001           0.0000       
Shadow          Tmin    0.0133     1     0.0389    18     0.0211    18     0.0000     3 
Shadow          Tmax    6.0127    18     5.6201     1    11.6004     1     0.0005     8 
Shadow          Tmid    3.1776           2.6465           5.4618           0.0001       
--- The execution characteristics --- 
                                1          2          3          4          5          6          7          8          9         10         11         12         13         14         15         16         17         18 
Lost time                  5.6462     5.9424     5.6578     5.9481     5.6815     5.9292     5.6533     6.0004     5.6791     6.0027     5.6994     6.0046     5.6762     6.0016     5.6904     6.0031     6.0370     6.0380 
User insufficient par.     0.0079     0.0055     0.0033     0.0065     0.0041     0.0034     0.0060     0.0048     0.0040     0.0054     0.0053     0.0062     0.0068     0.0071     0.0049     0.0043     0.0032     0.0032 
Sys.insufficient par.      0.0181     0.0324     0.0322     0.0310     0.0330     0.0239     0.0199     0.0330     0.0322     0.0296     0.0327     0.0237     0.0206     0.0328     0.0323     0.0291     0.0207     0.0155 
Idle time                  0.0000     0.0019     0.0050     0.0008     0.0039     0.0047     0.0016     0.0031     0.0043     0.0023     0.0023     0.0012     0.0004     0.0004     0.0027     0.0035     0.0068     0.0063 
Communication              5.6202     5.9026     5.6173     5.9098     5.6405     5.8971     5.6259     5.9594     5.6387     5.9653     5.6590     5.9736     5.6484     5.9614     5.6505     5.9662     6.0062     6.0131 
Synchronization            5.6202     4.8971     3.9038     3.1966     2.2210     1.5027     4.6202     3.9537     2.9294     2.2783     1.2681     0.6268     3.6437     2.9793     1.9677     1.3176     0.6740     0.0392 
Variation                 11.6005     9.8829     8.1749     6.4698     4.7866     3.0934     9.5960     7.9400     6.2060     4.5783     2.8629     1.2653     7.6194     5.9880     4.2704     2.6553     1.3030     0.0213 
Overlap                    0.0003     0.0003     0.0000     0.0000     0.0000     0.0000     0.0004     0.0005     0.0000     0.0000     0.0000     0.0000     0.0002     0.0000     0.0000     0.0000     0.0000     0.0000 
Load imbalance             0.0000     0.2963     0.0116     0.3020     0.0353     0.2830     0.0072     0.3542     0.0329     0.3565     0.0533     0.3584     0.0300     0.3555     0.0443     0.3569     0.3908     0.3918 
Execution time             6.6747     6.6727     6.6696     6.6739     6.6708     6.6700     6.6731     6.6716     6.6704     6.6724     6.6724     6.6735     6.6743     6.6743     6.6719     6.6712     6.6678     6.6684 
User CPU time              1.0274     0.7303     1.0150     0.7247     0.9913     0.7441     1.0202     0.6724     0.9937     0.6703     0.9733     0.6687     0.9973     0.6711     0.9824     0.6699     0.6365     0.6358 
Sys. CPU time              0.0011     0.0019     0.0019     0.0018     0.0019     0.0014     0.0012     0.0019     0.0019     0.0017     0.0019     0.0014     0.0012     0.0019     0.0019     0.0017     0.0012     0.0009 
Processors                     18         18         18         18         18         18         18         18         18         18         18         18         18         18         18         18         18         18 
           Communication          
Reduction                  5.6069     4.8963     3.8971     3.1905     2.2151     1.4937     4.6072     3.9536     2.9235     2.2722     1.2625     0.6177     3.6301     2.9783     1.9615     1.3112     0.6415     0.0004 
Shadow                     0.0133     1.0063     1.7202     2.7193     3.4254     4.4034     1.0187     2.0058     2.7152     3.6932     4.3965     5.3559     2.0183     2.9831     3.6890     4.6550     5.3647     6.0127 
           Synchronization        
Reduction                  0.0001     0.0001     0.0001     0.0001     0.0001     0.0001     0.0000     0.0001     0.0000     0.0001     0.0000     0.0002     0.0000     0.0001     0.0000     0.0001     0.0002     0.0002 
Shadow                     5.6201     4.8970     3.9037     3.1965     2.2209     1.5026     4.6201     3.9535     2.9294     2.2782     1.2681     0.6266     3.6436     2.9792     1.9677     1.3175     0.6738     0.0389 
           Variation              
Reduction                  0.0001     0.0001     0.0001     0.0001     0.0001     0.0001     0.0000     0.0001     0.0000     0.0001     0.0000     0.0002     0.0000     0.0001     0.0000     0.0001     0.0002     0.0002 
Shadow                    11.6004     9.8828     8.1748     6.4697     4.7866     3.0933     9.5960     7.9399     6.2059     4.5782     2.8629     1.2651     7.6194     5.9879     4.2704     2.6553     1.3027     0.0211 
           Overlap                
Reduction                  0.0000     0.0000     0.0000     0.0000     0.0000     0.0000     0.0000     0.0000     0.0000     0.0000     0.0000     0.0000     0.0000     0.0000     0.0000     0.0000     0.0000     0.0000 
Shadow                     0.0003     0.0003     0.0000     0.0000     0.0000     0.0000     0.0004     0.0005     0.0000     0.0000     0.0000     0.0000     0.0002     0.0000     0.0000     0.0000     0.0000     0.0000 


-------------------------------------------------------------------------
Name (number) and performance time of processors
DVM(1) 1.028852
DVM(2) 1.028788
DVM(3) 1.028788
DVM(4) 1.028903
DVM(5) 1.028781
DVM(6) 1.028773
DVM(7) 1.029045
DVM(8) 1.029036
DVM(9) 1.028955
DVM(10) 1.028843
DVM(11) 1.028959
DVM(12) 1.028932
DVM(13) 1.029005
DVM(14) 1.029025
DVM(15) 1.029275
DVM(16) 1.029272
DVM(17) 1.028809
DVM(18) 1.028808
min - DVM(6) 1.028773; max - DVM(15) 1.029275; mid - 1.028936
