Processor system=7*3
Statistics has been accumulated on DVM-system version 5.0, platform DVM
Analyzer is executing on DVM-system version 5.0, platform DVM
-------------------------------------------------------------------------
INTERVAL ( NLINE=12 SOURCE=sor.c ) LEVEL=0  EXE_COUNT=2
--- The main characteristics --- 
Parallelization efficiency      0.1074 
Execution time                  8.3899 
Processors                          21
Threads amount                      21
Total time                    176.1871
Productive time                18.9215 ( CPU= 18.9014 Sys= 0.0201 I/O= 0.0000 )
Lost  time                    157.2656 
   Insufficient parallelism     0.7093 ( User= 0.3077 Sys= 0.4016 )
   Communication              156.3393 ( Real_sync= 0.0000 Starts= 0.0000 )
   Idle time                    0.2171
Load imbalance                  1.3392
Synchronization                81.4570
Time variation                161.7080
Overlap                         0.0008
                  Nop   Communic    Synchro  Variation    Overlap 
Reduction          21    80.0310     0.3540     0.3539     0.0001 
Shadow             60    76.3083    81.1030   161.3541     0.0008 
--- The comparative characteristics --- 
                              Tmin N proc      Tmax N proc      Tmid
Lost time                   7.4251    20     7.5408     5     7.4888 
User insufficient par.      0.0110     6     0.0244    14     0.0147 
Sys.insufficient par.       0.0113     6     0.0246    11     0.0191 
Idle time                   0.0000    19     0.0132    18     0.0103 
Communication               7.3796    20     7.4928     5     7.4447 
Synchronization             0.0857    21     7.5509     1     3.8789 
Variation                   0.0531    21    15.0032     1     7.7004 
Overlap                     0.0000     1     0.0002    13     0.0000 
Load imbalance              0.0000    20     0.1157     5     0.0638 
Execution time              8.3767    18     8.3899    19     8.3795 
User CPU time               0.8479     5     0.9638    20     0.9001 
Sys. CPU time               0.0006     6     0.0012    11     0.0010 
Processors                      21     1         21    21         21 
                      Communic          Synchro        Variation          Overlap  
Reduction       Tmin    0.0015    21     0.0075     6     0.0075     6     0.0000     1 
Reduction       Tmax    7.4725     1     0.0183     2     0.0183     2     0.0000    14 
Reduction       Tmid    3.8110           0.0169           0.0169           0.0000       
Shadow          Tmin    0.0020     1     0.0682    21     0.0356    21     0.0000     1 
Shadow          Tmax    7.4877    21     7.5326     1    14.9850     1     0.0002    13 
Shadow          Tmid    3.6337           3.8620           7.6835           0.0000       
--- The execution characteristics --- 
                                1          2          3          4          5          6          7          8          9         10         11         12         13         14         15         16         17         18         19         20         21 
Lost time                  7.5200     7.5352     7.5212     7.4265     7.5408     7.4543     7.5036     7.5204     7.4682     7.4592     7.5268     7.5339     7.4574     7.4858     7.4838     7.4440     7.4641     7.4378     7.5286     7.4251     7.5290 
User insufficient par.     0.0171     0.0120     0.0116     0.0122     0.0118     0.0110     0.0115     0.0117     0.0122     0.0117     0.0120     0.0117     0.0131     0.0244     0.0240     0.0118     0.0144     0.0122     0.0242     0.0129     0.0243 
Sys.insufficient par.      0.0154     0.0215     0.0193     0.0168     0.0233     0.0113     0.0176     0.0235     0.0194     0.0172     0.0246     0.0195     0.0170     0.0235     0.0203     0.0176     0.0222     0.0181     0.0176     0.0204     0.0155 
Idle time                  0.0129     0.0128     0.0128     0.0128     0.0128     0.0129     0.0128     0.0129     0.0128     0.0128     0.0129     0.0129     0.0118     0.0000     0.0000     0.0128     0.0128     0.0132     0.0000     0.0122     0.0000 
Communication              7.4745     7.4889     7.4775     7.3847     7.4928     7.4191     7.4617     7.4723     7.4238     7.4175     7.4773     7.4899     7.4155     7.4379     7.4395     7.4018     7.4147     7.3944     7.4868     7.3796     7.4892 
Synchronization            7.5509     6.7180     5.8716     6.6117     5.7734     4.7791     5.7509     4.8596     3.8111     4.8389     3.9370     2.9194     3.9283     2.9794     1.9411     2.9904     1.9694     0.9013     2.1708     1.0687     0.0857 
Variation                 15.0032    13.3251    11.6471    13.2155    11.4361     9.5417    11.4140     9.6278     7.5810     9.6396     7.7819     5.7308     7.8213     5.9205     3.8478     5.9736     3.9447     1.8340     4.2299     2.1393     0.0531 
Overlap                    0.0000     0.0000     0.0000     0.0001     0.0000     0.0000     0.0000     0.0000     0.0000     0.0001     0.0000     0.0000     0.0002     0.0000     0.0000     0.0001     0.0001     0.0000     0.0001     0.0000     0.0000 
Load imbalance             0.0949     0.1101     0.0961     0.0014     0.1157     0.0292     0.0786     0.0953     0.0432     0.0341     0.1017     0.1088     0.0323     0.0607     0.0588     0.0189     0.0390     0.0127     0.1035     0.0000     0.1039 
Execution time             8.3770     8.3770     8.3770     8.3771     8.3770     8.3770     8.3770     8.3770     8.3770     8.3770     8.3770     8.3770     8.3781     8.3898     8.3898     8.3770     8.3770     8.3767     8.3899     8.3777     8.3898 
User CPU time              0.8691     0.8536     0.8677     0.9625     0.8479     0.9350     0.8853     0.8683     0.9207     0.9298     0.8618     0.8550     0.9316     0.9029     0.9050     0.9450     0.9247     0.9512     0.8604     0.9638     0.8601 
Sys. CPU time              0.0008     0.0011     0.0010     0.0008     0.0012     0.0006     0.0009     0.0012     0.0010     0.0009     0.0012     0.0010     0.0008     0.0012     0.0010     0.0009     0.0011     0.0009     0.0009     0.0010     0.0008 
Processors                     21         21         21         21         21         21         21         21         21         21         21         21         21         21         21         21         21         21         21         21         21 
           Communication          
Reduction                  7.4725     6.6408     5.7974     6.5333     5.7006     4.7256     5.6696     4.7854     3.7379     4.7625     3.8673     2.8456     3.8529     2.9243     1.8904     2.9298     1.9353     0.8713     2.0913     0.9956     0.0015 
Shadow                     0.0020     0.8481     1.6801     0.8514     1.7922     2.6935     1.7921     2.6869     3.6860     2.6550     3.6100     4.6442     3.5626     4.5135     5.5491     4.4720     5.4794     6.5231     5.3955     6.3840     7.4877 
           Synchronization        
Reduction                  0.0182     0.0183     0.0172     0.0174     0.0174     0.0075     0.0182     0.0182     0.0171     0.0172     0.0171     0.0172     0.0169     0.0169     0.0174     0.0167     0.0174     0.0169     0.0174     0.0159     0.0175 
Shadow                     7.5326     6.6997     5.8544     6.5943     5.7561     4.7717     5.7327     4.8415     3.7940     4.8218     3.9199     2.9022     3.9114     2.9625     1.9236     2.9737     1.9520     0.8845     2.1535     1.0528     0.0682 
           Variation              
Reduction                  0.0182     0.0183     0.0172     0.0174     0.0174     0.0075     0.0182     0.0182     0.0171     0.0172     0.0171     0.0172     0.0169     0.0169     0.0174     0.0167     0.0174     0.0169     0.0174     0.0159     0.0175 
Shadow                    14.9850    13.3068    11.6300    13.1980    11.4187     9.5342    11.3958     9.6096     7.5639     9.6225     7.7647     5.7136     7.8044     5.9036     3.8303     5.9568     3.9273     1.8171     4.2126     2.1234     0.0356 
           Overlap                
Reduction                  0.0000     0.0000     0.0000     0.0000     0.0000     0.0000     0.0000     0.0000     0.0000     0.0000     0.0000     0.0000     0.0000     0.0000     0.0000     0.0000     0.0000     0.0000     0.0000     0.0000     0.0000 
Shadow                     0.0000     0.0000     0.0000     0.0001     0.0000     0.0000     0.0000     0.0000     0.0000     0.0001     0.0000     0.0000     0.0002     0.0000     0.0000     0.0001     0.0001     0.0000     0.0001     0.0000     0.0000 


-------------------------------------------------------------------------
Name (number) and performance time of processors
DVM(1) 2.449742
DVM(2) 1.028599
DVM(3) 1.028720
DVM(4) 1.028713
DVM(5) 1.029790
DVM(6) 1.029717
DVM(7) 1.029047
DVM(8) 1.031464
DVM(9) 1.028920
DVM(10) 1.028928
DVM(11) 1.029030
DVM(12) 1.029037
DVM(13) 1.029164
DVM(14) 1.029117
DVM(15) 1.029171
DVM(16) 1.029350
DVM(17) 1.028711
DVM(18) 1.029557
DVM(19) 1.028512
DVM(20) 1.029936
DVM(21) 2.432321
min - DVM(19) 1.028512; max - DVM(1) 2.449742; mid - 1.163693
